  0.5000022E-02  0.7861340E+05  0.1277888E+05  0.5336109E+05  0.9243229E+04  0.2268233E+05  0.3322408E+04  0.2598693E+04  0.3559625E+03  0.3919187E+04  0.4870547E+03  0.1877085E+05  0.2887181E+04  0.5504029E+03  0.1107470E+03  0.1160381E+04  0.1740410E+03  0.8871990E+03  0.1174270E+03  0.3106032E+04  0.4881959E+03  0.5484118E+03  0.1175824E+03  0.5491321E+03  0.1179127E+03  0.1401923E+01  0.6174167E-01
  0.1500002E-01  0.9510978E+05  0.7432027E+04  0.6408573E+05  0.4976902E+04  0.2781323E+05  0.2269477E+04  0.3247125E+04  0.2606722E+03  0.4733461E+04  0.3187123E+03  0.2308890E+05  0.1957385E+04  0.6657895E+03  0.5047657E+02  0.1450879E+04  0.1266107E+03  0.1129664E+04  0.1053767E+03  0.3918806E+04  0.3197655E+03  0.7901143E+03  0.1052349E+03  0.7914028E+03  0.1047853E+03  0.1428382E+01  0.3603726E-01
  0.2500002E-01  0.8381892E+05  0.2272865E+04  0.5651144E+05  0.1464899E+04  0.2449225E+05  0.8144581E+03  0.2849563E+04  0.1264964E+03  0.4227967E+04  0.1581089E+03  0.2027280E+05  0.6719436E+03  0.5927758E+03  0.2405031E+02  0.1247641E+04  0.6884287E+02  0.1007942E+04  0.4571302E+02  0.3413093E+04  0.1573556E+03  0.6687156E+03  0.4566625E+02  0.6730402E+03  0.4651855E+02  0.1422499E+01  0.2331744E-01
  0.3500002E-01  0.6333085E+05  0.1176568E+04  0.4261441E+05  0.7875604E+03  0.1852450E+05  0.3600283E+03  0.2217133E+04  0.5819954E+02  0.3367401E+04  0.7139265E+02  0.1516428E+05  0.2981457E+03  0.4367178E+03  0.1891578E+02  0.9351065E+03  0.2622040E+02  0.8443970E+03  0.2865000E+02  0.2552892E+04  0.7211054E+02  0.5045900E+03  0.2802423E+02  0.5124275E+03  0.2845629E+02  0.1411156E+01  0.1128556E-01
  0.4500002E-01  0.4911767E+05  0.1483053E+04  0.3304806E+05  0.1066836E+04  0.1433392E+05  0.4025212E+03  0.1755779E+04  0.5192868E+02  0.2762538E+04  0.7317303E+02  0.1157780E+05  0.3374675E+03  0.3369938E+03  0.1664260E+02  0.7077323E+03  0.2607411E+02  0.7102826E+03  0.2181486E+02  0.1948867E+04  0.7132683E+02  0.3709416E+03  0.2159195E+02  0.3844272E+03  0.2153843E+02  0.1389522E+01  0.1876181E-01
  0.5500002E-01  0.4177059E+05  0.7587010E+03  0.2805417E+05  0.5297762E+03  0.1221464E+05  0.2092213E+03  0.1518984E+04  0.2641536E+02  0.2447084E+04  0.3164606E+02  0.9773416E+04  0.1784116E+03  0.2819917E+03  0.8010389E+01  0.5910254E+03  0.1455043E+02  0.6452317E+03  0.1515466E+02  0.1633603E+04  0.3217801E+02  0.3058469E+03  0.1447537E+02  0.3254279E+03  0.1450531E+02  0.1381553E+01  0.8579869E-02
  0.6500002E-01  0.3729522E+05  0.5557949E+03  0.2497974E+05  0.3819827E+03  0.1094435E+05  0.1615846E+03  0.1386753E+04  0.2792723E+02  0.2281649E+04  0.3171029E+02  0.8668419E+04  0.1328496E+03  0.2531767E+03  0.4510758E+01  0.5287374E+03  0.1527337E+02  0.6041289E+03  0.1558536E+02  0.1467075E+04  0.3194996E+02  0.2651300E+03  0.1587164E+02  0.2919108E+03  0.1647297E+02  0.1376154E+01  0.9242809E-02
  0.7500002E-01  0.3152813E+05  0.3717934E+03  0.2107126E+05  0.2615503E+03  0.9268412E+04  0.1063695E+03  0.1201978E+04  0.1872023E+02  0.2041347E+04  0.1990396E+02  0.7232417E+04  0.9331242E+02  0.2118533E+03  0.4189455E+01  0.4427913E+03  0.1125826E+02  0.5466623E+03  0.9351253E+01  0.1226194E+04  0.2069460E+02  0.2066673E+03  0.8728760E+01  0.2402499E+03  0.9181132E+01  0.1361162E+01  0.1100671E-01
  0.8500002E-01  0.2587818E+05  0.3144441E+03  0.1725535E+05  0.2243768E+03  0.7620518E+04  0.8786845E+02  0.1013655E+04  0.1335669E+02  0.1792031E+04  0.1867533E+02  0.5833499E+04  0.7642812E+02  0.1692956E+03  0.4507236E+01  0.3513752E+03  0.7528759E+01  0.4923315E+03  0.5206330E+01  0.9773427E+03  0.1890830E+02  0.1529224E+03  0.5581021E+01  0.1951904E+03  0.6029291E+01  0.1340663E+01  0.8824778E-02
  0.9500002E-01  0.2132563E+05  0.3053057E+03  0.1414293E+05  0.2149989E+03  0.6326095E+04  0.1035139E+03  0.8664598E+03  0.1859152E+02  0.1598669E+04  0.2525589E+02  0.4732158E+04  0.8464918E+02  0.1375384E+03  0.4216100E+01  0.2823120E+03  0.1157802E+02  0.4460431E+03  0.8382083E+01  0.7845463E+03  0.2525692E+02  0.1067978E+03  0.8318659E+01  0.1576226E+03  0.8541707E+01  0.1326878E+01  0.1440149E-01
  0.1050000E+00  0.1875971E+05  0.1460840E+03  0.1242460E+05  0.1167122E+03  0.5571124E+04  0.3810861E+02  0.7726385E+03  0.1019476E+02  0.1480961E+04  0.1125621E+02  0.4094672E+04  0.3235057E+02  0.1192738E+03  0.3034491E+01  0.2418563E+03  0.4621167E+01  0.4109549E+03  0.5598997E+01  0.6659178E+03  0.1091338E+02  0.7144683E+02  0.6120828E+01  0.1307788E+03  0.6162842E+01  0.1306963E+01  0.1124083E-01
  0.1150000E+00  0.1704090E+05  0.1320663E+03  0.1127444E+05  0.9067428E+02  0.5063446E+04  0.3984987E+02  0.7108658E+03  0.1126065E+02  0.1404105E+04  0.1467743E+02  0.3663723E+04  0.2896891E+02  0.1064855E+03  0.3717741E+01  0.2154131E+03  0.5974008E+01  0.3884769E+03  0.6127141E+01  0.5885641E+03  0.1500043E+02  0.4879608E+02  0.6256901E+01  0.1171747E+03  0.6832830E+01  0.1288676E+01  0.8849444E-02
  0.1250000E+00  0.1574050E+05  0.1482717E+03  0.1041269E+05  0.1172231E+03  0.4676585E+04  0.3962487E+02  0.6585754E+03  0.6344264E+01  0.1339398E+04  0.8258266E+01  0.3341452E+04  0.3577062E+02  0.9624340E+02  0.2177318E+01  0.1948512E+03  0.3969328E+01  0.3670112E+03  0.4479690E+01  0.5242449E+03  0.8716955E+01  0.2741460E+02  0.4514554E+01  0.1045488E+03  0.4552556E+01  0.1272594E+01  0.8436926E-02
  0.1350000E+00  0.1407333E+05  0.1236209E+03  0.9285891E+04  0.8492540E+02  0.4195898E+04  0.4206679E+02  0.5981779E+03  0.7808800E+01  0.1260665E+04  0.9316397E+01  0.2939352E+04  0.3441350E+02  0.8442983E+02  0.2894496E+01  0.1684694E+03  0.2949469E+01  0.3448166E+03  0.4398885E+01  0.4452932E+03  0.9577421E+01  0.5179893E+01  0.4521072E+01  0.9139031E+02  0.4413607E+01  0.1255263E+01  0.9597433E-02
  0.1450000E+00  0.1244502E+05  0.1015302E+03  0.8188835E+04  0.6592445E+02  0.3721411E+04  0.3462250E+02  0.5407452E+03  0.8932633E+01  0.1186464E+04  0.9803735E+01  0.2538946E+04  0.2718460E+02  0.7403686E+02  0.2179761E+01  0.1450056E+03  0.4358645E+01  0.3212583E+03  0.4214962E+01  0.3717216E+03  0.8858415E+01 -0.1831468E+02  0.4130616E+01  0.7689297E+02  0.3535012E+01  0.1229530E+01  0.9525959E-02
  0.1550000E+00  0.1113347E+05  0.7374084E+02  0.7307560E+04  0.4744148E+02  0.3340952E+04  0.2478368E+02  0.4904246E+03  0.6347117E+01  0.1119021E+04  0.6581797E+01  0.2225785E+04  0.2149351E+02  0.6373511E+02  0.1670293E+01  0.1242357E+03  0.3649365E+01  0.3020380E+03  0.3821822E+01  0.3046004E+03  0.7543511E+01 -0.3754259E+02  0.4202923E+01  0.6589419E+02  0.3963059E+01  0.1207851E+01  0.7356709E-02
  0.1650000E+00  0.1016024E+05  0.6613121E+02  0.6665720E+04  0.4617194E+02  0.3049426E+04  0.2427966E+02  0.4501008E+03  0.3924119E+01  0.1065441E+04  0.5925182E+01  0.1987738E+04  0.2233084E+02  0.5690029E+02  0.1594799E+01  0.1079629E+03  0.2233471E+01  0.2848507E+03  0.3606598E+01  0.2504151E+03  0.5572202E+01 -0.5493825E+02  0.4619815E+01  0.5647000E+02  0.4214209E+01  0.1182534E+01  0.9171173E-02
  0.1750000E+00  0.9379600E+04  0.6079107E+02  0.6153055E+04  0.4587210E+02  0.2813626E+04  0.2004498E+02  0.4175637E+03  0.5941978E+01  0.1021597E+04  0.7259247E+01  0.1795681E+04  0.1722391E+02  0.5066381E+02  0.1553396E+01  0.9715551E+02  0.2756187E+01  0.2693766E+03  0.4068662E+01  0.2067728E+03  0.6270623E+01 -0.7042556E+02  0.3742540E+01  0.4920101E+02  0.4372409E+01  0.1157305E+01  0.8626959E-02
  0.1850000E+00  0.8755173E+04  0.9563560E+02  0.5741476E+04  0.6836430E+02  0.2626580E+04  0.2649391E+02  0.3914590E+03  0.4761492E+01  0.9867122E+03  0.7400539E+01  0.1643444E+04  0.2057384E+02  0.4709890E+02  0.2143902E+01  0.8709235E+02  0.2862768E+01  0.2569141E+03  0.2820497E+01  0.1725450E+03  0.6738489E+01 -0.8275327E+02  0.3262516E+01  0.4478750E+02  0.3168831E+01  0.1135131E+01  0.8613594E-02
  0.1950000E+00  0.8081555E+04  0.4382878E+02  0.5292742E+04  0.3153337E+02  0.2429390E+04  0.1446321E+02  0.3634636E+03  0.4462293E+01  0.9468259E+03  0.5696609E+01  0.1486037E+04  0.1121146E+02  0.4193259E+02  0.1539663E+01  0.7724644E+02  0.2557562E+01  0.2439470E+03  0.2927046E+01  0.1319865E+03  0.5891945E+01 -0.9576630E+02  0.2764315E+01  0.3968577E+02  0.2570305E+01  0.1113419E+01  0.7131113E-02
  0.2050000E+00  0.7494864E+04  0.2950714E+02  0.4912979E+04  0.2208264E+02  0.2247857E+04  0.1581064E+02  0.3377846E+03  0.3891947E+01  0.9102629E+03  0.6115459E+01  0.1340983E+04  0.1230600E+02  0.3767811E+02  0.1118734E+01  0.6861404E+02  0.2770284E+01  0.2311739E+03  0.2759428E+01  0.9522715E+02  0.5833269E+01 -0.1085574E+03  0.2361105E+01  0.3383695E+02  0.2701054E+01  0.1082401E+01  0.9968292E-02
  0.2150000E+00  0.6921867E+04  0.3809763E+02  0.4532483E+04  0.2670356E+02  0.2079177E+04  0.1447973E+02  0.3136708E+03  0.4314973E+01  0.8737080E+03  0.4698493E+01  0.1208756E+04  0.1223986E+02  0.3365789E+02  0.1312076E+01  0.5944580E+02  0.2499535E+01  0.2202619E+03  0.3043655E+01  0.5916281E+02  0.5381079E+01 -0.1195240E+03  0.3172291E+01  0.2959411E+02  0.3530239E+01  0.1057572E+01  0.9319211E-02
  0.2250000E+00  0.6440189E+04  0.5276227E+02  0.4210806E+04  0.3871953E+02  0.1937990E+04  0.1671620E+02  0.2946540E+03  0.3941616E+01  0.8442188E+03  0.5966785E+01  0.1096993E+04  0.1387185E+02  0.3042042E+02  0.1440101E+01  0.5372397E+02  0.2048481E+01  0.2102145E+03  0.2413639E+01  0.2960148E+02  0.5040111E+01 -0.1296713E+03  0.3069004E+01  0.2570725E+02  0.3230282E+01  0.1033113E+01  0.9918146E-02
  0.2350000E+00  0.6056647E+04  0.4351885E+02  0.3960451E+04  0.3136640E+02  0.1821543E+04  0.1451066E+02  0.2777272E+03  0.3876544E+01  0.8172450E+03  0.5921779E+01  0.1007447E+04  0.1156171E+02  0.2750341E+02  0.1087390E+01  0.4838091E+02  0.2223293E+01  0.2015564E+03  0.2374908E+01  0.2664707E+01  0.5665524E+01 -0.1383139E+03  0.2579904E+01  0.2357007E+02  0.2674448E+01  0.1008747E+01  0.8083617E-02
  0.2450000E+00  0.5686704E+04  0.5580924E+02  0.3717352E+04  0.3819724E+02  0.1709335E+04  0.1823164E+02  0.2629003E+03  0.4039190E+01  0.7920752E+03  0.5265095E+01  0.9203374E+03  0.1492139E+02  0.2544554E+02  0.1192963E+01  0.4386483E+02  0.1820323E+01  0.1933171E+03  0.2855741E+01 -0.2220961E+02  0.5028838E+01 -0.1465937E+03  0.2932496E+01  0.2071045E+02  0.2428857E+01  0.9817621E+00  0.9722169E-02
  0.2550000E+00  0.5360510E+04  0.3507133E+02  0.3505082E+04  0.2501790E+02  0.1610567E+04  0.1319836E+02  0.2475742E+03  0.3836327E+01  0.7668798E+03  0.5679422E+01  0.8466928E+03  0.1154461E+02  0.2278931E+02  0.9046418E+00  0.3962447E+02  0.2296837E+01  0.1848989E+03  0.2111888E+01 -0.4722201E+02  0.5291067E+01 -0.1548076E+03  0.2102639E+01  0.1892680E+02  0.2010472E+01  0.9579337E+00  0.1155821E-01
  0.2650000E+00  0.5035950E+04  0.2353682E+02  0.3292367E+04  0.1953980E+02  0.1512777E+04  0.1075878E+02  0.2333708E+03  0.2505034E+01  0.7415772E+03  0.3934361E+01  0.7741270E+03  0.1017699E+02  0.2023245E+02  0.9987507E+00  0.3520744E+02  0.1345593E+01  0.1776804E+03  0.2320698E+01 -0.7268692E+02  0.3897296E+01 -0.1623906E+03  0.2245398E+01  0.1645076E+02  0.2331711E+01  0.9324367E+00  0.1262210E-01
  0.2750000E+00  0.4737796E+04  0.3140386E+02  0.3093505E+04  0.2490029E+02  0.1425090E+04  0.9576281E+01  0.2216310E+03  0.2167098E+01  0.7205884E+03  0.3423416E+01  0.7073688E+03  0.8360955E+01  0.1870361E+02  0.8644046E+00  0.3238366E+02  0.1678264E+01  0.1703020E+03  0.1951664E+01 -0.9372146E+02  0.3791052E+01 -0.1694471E+03  0.2675440E+01  0.1470462E+02  0.2079803E+01  0.9068082E+00  0.1091360E-01
  0.2850000E+00  0.4469928E+04  0.3575868E+02  0.2916592E+04  0.2541015E+02  0.1345555E+04  0.1343745E+02  0.2100716E+03  0.2703940E+01  0.6985603E+03  0.3287651E+01  0.6497894E+03  0.1123175E+02  0.1707716E+02  0.8920877E+00  0.2870945E+02  0.1475146E+01  0.1640540E+03  0.2175130E+01 -0.1160146E+03  0.3861726E+01 -0.1760189E+03  0.2762929E+01  0.1306069E+02  0.2401893E+01  0.8834844E+00  0.1270155E-01
  0.2950000E+00  0.4243294E+04  0.2991846E+02  0.2768890E+04  0.2205626E+02  0.1276836E+04  0.9477501E+01  0.1997501E+03  0.2806744E+01  0.6792321E+03  0.3375593E+01  0.6003419E+03  0.8503154E+01  0.1596251E+02  0.9278851E+00  0.2554601E+02  0.1310760E+01  0.1580067E+03  0.1645325E+01 -0.1343623E+03  0.3465736E+01 -0.1819279E+03  0.2449791E+01  0.1171535E+02  0.2040802E+01  0.8597938E+00  0.9300826E-02
  0.3050000E+00  0.4036537E+04  0.3167612E+02  0.2634366E+04  0.2259872E+02  0.1214457E+04  0.8384041E+01  0.1897885E+03  0.2651111E+01  0.6599099E+03  0.2982872E+01  0.5572177E+03  0.7098440E+01  0.1443697E+02  0.9829755E+00  0.2326986E+02  0.1559010E+01  0.1518571E+03  0.1799227E+01 -0.1538473E+03  0.3261616E+01 -0.1881076E+03  0.2401550E+01  0.1031255E+02  0.2251291E+01  0.8387881E+00  0.7442360E-02
  0.3150000E+00  0.3821385E+04  0.2328126E+02  0.2489540E+04  0.1488908E+02  0.1151977E+04  0.1002339E+02  0.1818500E+03  0.2259890E+01  0.6423984E+03  0.3139997E+01  0.5121929E+03  0.8282137E+01  0.1310908E+02  0.8490162E+00  0.2141295E+02  0.1428357E+01  0.1471124E+03  0.1527643E+01 -0.1716213E+03  0.3869029E+01 -0.1929429E+03  0.2378836E+01  0.9749558E+01  0.1710350E+01  0.8158584E+00  0.1154956E-01
  0.3250000E+00  0.3631458E+04  0.1948707E+02  0.2364180E+04  0.1437044E+02  0.1095757E+04  0.8946154E+01  0.1734194E+03  0.1798497E+01  0.6250341E+03  0.2733057E+01  0.4732836E+03  0.7827733E+01  0.1216906E+02  0.6798642E+00  0.1905859E+02  0.9490393E+00  0.1419899E+03  0.1731095E+01 -0.1888723E+03  0.2882318E+01 -0.1981664E+03  0.2112890E+01  0.8640033E+01  0.1822883E+01  0.7938695E+00  0.1250263E-01
  0.3350000E+00  0.3449697E+04  0.2142213E+02  0.2243496E+04  0.1710538E+02  0.1042784E+04  0.9263554E+01  0.1652269E+03  0.2285384E+01  0.6075556E+03  0.3637774E+01  0.4377280E+03  0.7772864E+01  0.1097227E+02  0.8760851E+00  0.1705726E+02  0.1310958E+01  0.1370007E+03  0.1959221E+01 -0.2058508E+03  0.3678948E+01 -0.2031369E+03  0.2247397E+01  0.7367070E+01  0.2130434E+01  0.7737295E+00  0.1292233E-01
  0.3450000E+00  0.3293335E+04  0.2038648E+02  0.2138861E+04  0.1591389E+02  0.9972554E+03  0.8439593E+01  0.1589679E+03  0.2038929E+01  0.5930233E+03  0.3287566E+01  0.4066839E+03  0.7128771E+01  0.1043027E+02  0.7400720E+00  0.1596158E+02  0.1297999E+01  0.1323853E+03  0.1558533E+01 -0.2204891E+03  0.3199967E+01 -0.2077978E+03  0.1817788E+01  0.6465175E+01  0.1418787E+01  0.7540319E+00  0.1297020E-01
  0.3550000E+00  0.3129724E+04  0.1895961E+02  0.2031208E+04  0.1391269E+02  0.9484056E+03  0.8147593E+01  0.1517748E+03  0.1953740E+01  0.5763879E+03  0.3116007E+01  0.3744112E+03  0.7106189E+01  0.9411846E+01  0.8372218E+00  0.1377299E+02  0.9495038E+00  0.1284004E+03  0.9484861E+00 -0.2365256E+03  0.2698540E+01 -0.2117684E+03  0.1939578E+01  0.6131481E+01  0.1738423E+01  0.7309671E+00  0.1273467E-01
  0.3650000E+00  0.2980718E+04  0.1651897E+02  0.1929982E+04  0.1304287E+02  0.9060997E+03  0.6834059E+01  0.1462482E+03  0.1457791E+01  0.5627302E+03  0.2783010E+01  0.3457178E+03  0.5891498E+01  0.8638170E+01  0.6486672E+00  0.1301218E+02  0.9572495E+00  0.1244139E+03  0.1050602E+01 -0.2499608E+03  0.2511635E+01 -0.2158736E+03  0.2168485E+01  0.5541951E+01  0.1426805E+01  0.7103626E+00  0.1173922E-01
  0.3750000E+00  0.2855023E+04  0.1787832E+02  0.1844308E+04  0.1326923E+02  0.8712197E+03  0.7228418E+01  0.1410534E+03  0.1767102E+01  0.5497138E+03  0.3109605E+01  0.3238062E+03  0.5618489E+01  0.8003945E+01  0.8145665E+00  0.1211415E+02  0.1131553E+01  0.1207603E+03  0.1391469E+01 -0.2631206E+03  0.3452225E+01 -0.2196370E+03  0.2239203E+01  0.5212286E+01  0.1707200E+01  0.6962430E+00  0.1138488E-01
  0.3850000E+00  0.2726519E+04  0.1262804E+02  0.1760471E+04  0.8474322E+01  0.8321874E+03  0.7026293E+01  0.1353648E+03  0.1829639E+01  0.5361960E+03  0.3263680E+01  0.2982450E+03  0.5487673E+01  0.7454834E+01  0.7510835E+00  0.1090830E+02  0.9954710E+00  0.1168318E+03  0.1412499E+01 -0.2765359E+03  0.2978118E+01 -0.2237127E+03  0.1971862E+01  0.3948522E+01  0.1739052E+01  0.6718228E+00  0.1236398E-01
  0.3950000E+00  0.2607801E+04  0.1437401E+02  0.1681173E+04  0.1019157E+02  0.7975482E+03  0.6679219E+01  0.1305235E+03  0.1424529E+01  0.5234193E+03  0.2624919E+01  0.2763355E+03  0.5626741E+01  0.6753804E+01  0.5956002E+00  0.1010705E+02  0.9692340E+00  0.1134962E+03  0.1234252E+01 -0.2890576E+03  0.2376747E+01 -0.2270937E+03  0.2130826E+01  0.3800375E+01  0.1697567E+01  0.6518265E+00  0.1283117E-01
  0.4050000E+00  0.2499664E+04  0.1717466E+02  0.1608342E+04  0.1261467E+02  0.7669509E+03  0.6801218E+01  0.1257637E+03  0.1629170E+01  0.5109173E+03  0.2429207E+01  0.2581926E+03  0.5306231E+01  0.6298705E+01  0.6989660E+00  0.8909680E+01  0.9570079E+00  0.1103910E+03  0.1025730E+01 -0.3013066E+03  0.3285860E+01 -0.2303753E+03  0.2341237E+01  0.3260369E+01  0.1067183E+01  0.6366198E+00  0.1277115E-01
  0.4150000E+00  0.2390827E+04  0.1346063E+02  0.1533117E+04  0.1044753E+02  0.7373396E+03  0.6201287E+01  0.1217232E+03  0.1654202E+01  0.4991984E+03  0.2089610E+01  0.2402570E+03  0.5576364E+01  0.5653415E+01  0.6328941E+00  0.8523879E+01  0.1065171E+01  0.1073857E+03  0.1148834E+01 -0.3130956E+03  0.2605344E+01 -0.2334116E+03  0.2365468E+01  0.3143294E+01  0.1465939E+01  0.6214691E+00  0.1464838E-01
  0.4250000E+00  0.2294944E+04  0.1517366E+02  0.1468186E+04  0.1096451E+02  0.7101591E+03  0.6231589E+01  0.1179176E+03  0.1753873E+01  0.4883286E+03  0.2519532E+01  0.2239082E+03  0.5357714E+01  0.5490319E+01  0.6729843E+00  0.7698313E+01  0.1030357E+01  0.1045748E+03  0.1077830E+01 -0.3236607E+03  0.2344664E+01 -0.2363015E+03  0.2191260E+01  0.2736744E+01  0.1504527E+01  0.6047545E+00  0.1275166E-01
  0.4350000E+00  0.2201836E+04  0.1135539E+02  0.1406040E+04  0.9213921E+01  0.6830276E+03  0.5157237E+01  0.1140436E+03  0.1493679E+01  0.4773135E+03  0.2441374E+01  0.2077490E+03  0.4086629E+01  0.4968101E+01  0.5253997E+00  0.7020585E+01  0.9143237E+00  0.1019016E+03  0.9588696E+00 -0.3343243E+03  0.2873390E+01 -0.2389880E+03  0.2363589E+01  0.2597522E+01  0.1655726E+01  0.5859498E+00  0.1180029E-01
  0.4450000E+00  0.2112209E+04  0.1272185E+02  0.1343042E+04  0.9578713E+01  0.6600097E+03  0.4974502E+01  0.1104035E+03  0.1304292E+01  0.4670795E+03  0.2185719E+01  0.1949262E+03  0.4285747E+01  0.4659790E+01  0.5758997E+00  0.6431824E+01  0.8499970E+00  0.9916530E+02  0.1011656E+01 -0.3444390E+03  0.2502503E+01 -0.2419212E+03  0.2128985E+01  0.2193566E+01  0.1331361E+01  0.5755511E+00  0.1181035E-01
  0.4550000E+00  0.2025882E+04  0.1315402E+02  0.1285222E+04  0.8867373E+01  0.6351658E+03  0.5830132E+01  0.1067008E+03  0.1580519E+01  0.4567730E+03  0.2173261E+01  0.1803494E+03  0.5006927E+01  0.4223362E+01  0.6555989E+00  0.5739084E+01  0.6980426E+00  0.9659628E+02  0.1089091E+01 -0.3545371E+03  0.2633982E+01 -0.2443654E+03  0.2351353E+01  0.2463017E+01  0.1328758E+01  0.5564555E+00  0.1437279E-01
  0.4650000E+00  0.1957719E+04  0.1027273E+02  0.1238434E+04  0.7122065E+01  0.6166836E+03  0.5399162E+01  0.1037854E+03  0.1445439E+01  0.4472072E+03  0.2272486E+01  0.1713952E+03  0.4346698E+01  0.3955242E+01  0.4748903E+00  0.5355967E+01  0.9452992E+00  0.9433227E+02  0.1059708E+01 -0.3641438E+03  0.2800613E+01 -0.2469726E+03  0.2098260E+01  0.1629834E+01  0.1269921E+01  0.5488227E+00  0.1360761E-01
  0.4750000E+00  0.1881119E+04  0.9135838E+01  0.1186520E+04  0.7443019E+01  0.5950161E+03  0.4780400E+01  0.1007401E+03  0.1287039E+01  0.4376636E+03  0.2168839E+01  0.1592352E+03  0.4211157E+01  0.3840578E+01  0.6113748E+00  0.4946381E+01  0.8275360E+00  0.9181553E+02  0.1083464E+01 -0.3735900E+03  0.2318781E+01 -0.2496067E+03  0.2260869E+01  0.1363178E+01  0.1283804E+01  0.5322173E+00  0.1461892E-01
  0.4850000E+00  0.1805603E+04  0.1159639E+02  0.1134166E+04  0.8817206E+01  0.5744847E+03  0.4509886E+01  0.9808449E+02  0.1474288E+01  0.4288783E+03  0.2885238E+01  0.1474573E+03  0.3726480E+01  0.3492097E+01  0.6574050E+00  0.4567037E+01  0.6556248E+00  0.8989285E+02  0.1147874E+01 -0.3821741E+03  0.2800058E+01 -0.2516458E+03  0.2105841E+01  0.1271531E+01  0.1487818E+01  0.5155960E+00  0.1310667E-01
  0.4950000E+00  0.1738604E+04  0.7791223E+01  0.1088524E+04  0.6075650E+01  0.5560904E+03  0.4016181E+01  0.9509439E+02  0.1208349E+01  0.4196871E+03  0.2377250E+01  0.1382175E+03  0.3344681E+01  0.3227541E+01  0.5706762E+00  0.3931243E+01  0.7119707E+00  0.8780383E+02  0.1121640E+01 -0.3913052E+03  0.2395057E+01 -0.2537742E+03  0.1947628E+01  0.1567047E+01  0.1279759E+01  0.5035430E+00  0.1213211E-01
  0.5050000E+00  0.1680926E+04  0.1024756E+02  0.1047816E+04  0.7603974E+01  0.5413876E+03  0.4396438E+01  0.9280420E+02  0.1032782E+01  0.4118693E+03  0.1934081E+01  0.1312996E+03  0.3913531E+01  0.2948217E+01  0.6069476E+00  0.4075450E+01  0.6742306E+00  0.8565222E+02  0.1099584E+01 -0.3990342E+03  0.2004407E+01 -0.2561925E+03  0.1837647E+01  0.9121864E+00  0.1187547E+01  0.4968939E+00  0.1348701E-01
  0.5150000E+00  0.1614953E+04  0.1100304E+02  0.1002543E+04  0.7643105E+01  0.5232896E+03  0.4934313E+01  0.9018424E+02  0.1097320E+01  0.4031665E+03  0.2294265E+01  0.1218714E+03  0.4243661E+01  0.2785713E+01  0.4782315E+00  0.3564214E+01  0.6011587E+00  0.8371135E+02  0.1100757E+01 -0.4070066E+03  0.2380725E+01 -0.2581241E+03  0.2141678E+01  0.1134466E+01  0.1237398E+01  0.4820241E+00  0.1515159E-01
  0.5250000E+00  0.1554212E+04  0.9375122E+01  0.9603019E+03  0.7742267E+01  0.5070954E+03  0.3774333E+01  0.8785477E+02  0.1026266E+01  0.3955396E+03  0.1967692E+01  0.1132737E+03  0.3167324E+01  0.2567286E+01  0.5003754E+00  0.3348240E+01  0.7845305E+00  0.8181833E+02  0.9761636E+00 -0.4144566E+03  0.1846952E+01 -0.2602834E+03  0.1963858E+01  0.9108572E+00  0.1283940E+01  0.4677781E+00  0.1304485E-01
  0.5350000E+00  0.1502624E+04  0.9635155E+01  0.9239366E+03  0.7215696E+01  0.4936877E+03  0.3877821E+01  0.8602471E+02  0.1215850E+01  0.3886361E+03  0.1765824E+01  0.1067407E+03  0.3125947E+01  0.2556425E+01  0.4006063E+00  0.3003085E+01  0.7033699E+00  0.8034677E+02  0.1093312E+01 -0.4214653E+03  0.2134384E+01 -0.2619699E+03  0.2098255E+01  0.8239189E+00  0.1184692E+01  0.4581354E+00  0.1291098E-01
  0.5450000E+00  0.1451715E+04  0.9570817E+01  0.8897215E+03  0.7495131E+01  0.4792183E+03  0.3343544E+01  0.8377862E+02  0.1109482E+01  0.3812113E+03  0.2162350E+01  0.9966808E+02  0.2610892E+01  0.2330802E+01  0.4126713E+00  0.2969309E+01  0.6770979E+00  0.7836185E+02  0.1049503E+01 -0.4284697E+03  0.2188262E+01 -0.2639103E+03  0.2214728E+01  0.1031858E+01  0.1072905E+01  0.4442539E+00  0.1196096E-01
  0.5550000E+00  0.1402960E+04  0.8973674E+01  0.8541351E+03  0.6297034E+01  0.4677653E+03  0.4517724E+01  0.8205485E+02  0.1237809E+01  0.3747951E+03  0.2034146E+01  0.9460480E+02  0.3611193E+01  0.2300228E+01  0.4223734E+00  0.2674099E+01  0.6796435E+00  0.7696322E+02  0.9176799E+00 -0.4345815E+03  0.2261304E+01 -0.2654565E+03  0.1998547E+01  0.8327766E+00  0.1168193E+01  0.4392230E+00  0.1622235E-01
  0.5650000E+00  0.1353122E+04  0.6996332E+01  0.8202262E+03  0.5677578E+01  0.4540483E+03  0.3764066E+01  0.7982083E+02  0.9944854E+00  0.3672863E+03  0.1972982E+01  0.8836562E+02  0.2997664E+01  0.2046047E+01  0.3969049E+00  0.2486917E+01  0.6821338E+00  0.7517444E+02  0.8328857E+00 -0.4420715E+03  0.1972041E+01 -0.2674651E+03  0.2091773E+01  0.7336360E+00  0.9368118E+00  0.4272412E+00  0.1471001E-01
  0.5750000E+00  0.1310715E+04  0.7737452E+01  0.7916102E+03  0.6051844E+01  0.4421477E+03  0.3560663E+01  0.7791265E+02  0.8535497E+00  0.3606325E+03  0.1946831E+01  0.8309167E+02  0.3059824E+01  0.1882775E+01  0.3660937E+00  0.2120333E+01  0.4617656E+00  0.7379990E+02  0.9618733E+00 -0.4484026E+03  0.2319650E+01 -0.2690222E+03  0.2087059E+01  0.8378936E+00  0.9524895E+00  0.4162858E+00  0.1607246E-01
  0.5850000E+00  0.1264040E+04  0.9145709E+01  0.7583232E+03  0.7443861E+01  0.4305129E+03  0.3711554E+01  0.7614220E+02  0.8918144E+00  0.3539522E+03  0.1690905E+01  0.7810962E+02  0.3143478E+01  0.1884898E+01  0.4364575E+00  0.1910633E+01  0.6829556E+00  0.7223941E+02  0.8792225E+00 -0.4550127E+03  0.2255128E+01 -0.2707649E+03  0.2035473E+01  0.8146448E+00  0.1001795E+01  0.4084847E+00  0.1642199E-01
  0.5950000E+00  0.1222578E+04  0.8258061E+01  0.7299908E+03  0.6601997E+01  0.4192302E+03  0.3400487E+01  0.7428001E+02  0.1042457E+01  0.3478513E+03  0.1701913E+01  0.7290333E+02  0.2655850E+01  0.1812544E+01  0.4228855E+00  0.1661175E+01  0.5405301E+00  0.7069980E+02  0.7022708E+00 -0.4608773E+03  0.1958626E+01 -0.2723314E+03  0.2054697E+01  0.8257458E+00  0.8443703E+00  0.3960541E+00  0.1446429E-01
  0.6050000E+00  0.1182169E+04  0.7264259E+01  0.7012742E+03  0.5749278E+01  0.4089952E+03  0.3204853E+01  0.7281236E+02  0.1090589E+01  0.3419300E+03  0.1696864E+01  0.6856518E+02  0.2395306E+01  0.1743718E+01  0.3668870E+00  0.1524548E+01  0.5990844E+00  0.6944059E+02  0.8941731E+00 -0.4668573E+03  0.1783585E+01 -0.2739123E+03  0.2133585E+01  0.5137677E+00  0.9130956E+00  0.3877023E+00  0.1254997E-01
  0.6150000E+00  0.1142969E+04  0.6713884E+01  0.6731524E+03  0.5736081E+01  0.3994741E+03  0.3295720E+01  0.7124154E+02  0.9100333E+00  0.3362964E+03  0.1260781E+01  0.6465330E+02  0.2966685E+01  0.1591941E+01  0.3766070E+00  0.1619827E+01  0.6618703E+00  0.6792740E+02  0.7379323E+00 -0.4724383E+03  0.2171642E+01 -0.2756296E+03  0.2098066E+01  0.6205497E+00  0.1170638E+01  0.3808935E+00  0.1759964E-01
  0.6250000E+00  0.1108444E+04  0.8059238E+01  0.6494318E+03  0.6129906E+01  0.3899348E+03  0.3010889E+01  0.6996805E+02  0.8853082E+00  0.3308384E+03  0.1599107E+01  0.6055065E+02  0.2707251E+01  0.1468001E+01  0.3946273E+00  0.1468283E+01  0.6174298E+00  0.6693034E+02  0.8084129E+00 -0.4775949E+03  0.2152592E+01 -0.2768020E+03  0.2134255E+01  0.5904197E+00  0.7040257E+00  0.3697150E+00  0.1572753E-01
  0.6350000E+00  0.1070263E+04  0.8587531E+01  0.6223009E+03  0.6312202E+01  0.3806965E+03  0.3478537E+01  0.6814521E+02  0.1115914E+01  0.3250388E+03  0.1738135E+01  0.5708769E+02  0.2922361E+01  0.1338468E+01  0.3871880E+00  0.1306283E+01  0.7176724E+00  0.6540048E+02  0.6871188E+00 -0.4829822E+03  0.2131105E+01 -0.2784251E+03  0.2174687E+01  0.5934913E+00  0.1113649E+01  0.3637815E+00  0.1810522E-01
  0.6450000E+00  0.1038320E+04  0.7158610E+01  0.6000391E+03  0.5993856E+01  0.3720729E+03  0.3225821E+01  0.6707727E+02  0.1170864E+01  0.3199263E+03  0.1673752E+01  0.5355588E+02  0.2906581E+01  0.1468483E+01  0.3930831E+00  0.1244925E+01  0.5818038E+00  0.6426637E+02  0.6717133E+00 -0.4880871E+03  0.1844960E+01 -0.2797891E+03  0.2225927E+01  0.5206077E+00  0.8794002E+00  0.3540044E+00  0.2001491E-01
  0.6550000E+00  0.1002328E+04  0.8258671E+01  0.5755782E+03  0.5687401E+01  0.3623153E+03  0.2869879E+01  0.6528952E+02  0.1068187E+01  0.3141939E+03  0.1919300E+01  0.4950739E+02  0.2292774E+01  0.1257835E+01  0.4498053E+00  0.9209474E+00  0.6596473E+00  0.6301617E+02  0.6548710E+00 -0.4935581E+03  0.2124568E+01 -0.2812710E+03  0.2189413E+01  0.3060082E+00  0.1138644E+01  0.3410650E+00  0.1476124E-01
  0.6650000E+00  0.9753135E+03  0.7821159E+01  0.5561664E+03  0.6514917E+01  0.3558922E+03  0.3496929E+01  0.6410354E+02  0.8593073E+00  0.3095645E+03  0.1474277E+01  0.4769249E+02  0.2957872E+01  0.1260081E+01  0.3894885E+00  0.7477130E+00  0.5974956E+00  0.6200190E+02  0.7597622E+00 -0.4981305E+03  0.2356133E+01 -0.2824692E+03  0.2144147E+01  0.5190175E+00  0.1017198E+01  0.3400627E+00  0.2090868E-01
  0.6750000E+00  0.9431477E+03  0.5563343E+01  0.5339475E+03  0.4235910E+01  0.3471777E+03  0.2653093E+01  0.6285860E+02  0.1051269E+01  0.3043178E+03  0.1753879E+01  0.4420478E+02  0.2464319E+01  0.1275591E+01  0.3777231E+00  0.7318740E+00  0.3998667E+00  0.6075902E+02  0.7861625E+00 -0.5028271E+03  0.1773793E+01 -0.2837991E+03  0.2236098E+01  0.7882860E+00  0.8203810E+00  0.3282898E+00  0.1789997E-01
  0.6850000E+00  0.9152791E+03  0.7653534E+01  0.5137946E+03  0.6166807E+01  0.3405552E+03  0.3405121E+01  0.6176093E+02  0.9861819E+00  0.2997955E+03  0.1813735E+01  0.4208497E+02  0.2753735E+01  0.1133548E+01  0.3141689E+00  0.7154595E+00  0.6242681E+00  0.5982215E+02  0.7029272E+00 -0.5072339E+03  0.1943314E+01 -0.2850420E+03  0.2099542E+01  0.4960936E+00  0.1074734E+01  0.3247933E+00  0.2038642E-01
  0.6950000E+00  0.8877624E+03  0.8117716E+01  0.4947701E+03  0.6279678E+01  0.3331622E+03  0.3115163E+01  0.6064847E+02  0.9276005E+00  0.2952054E+03  0.1563500E+01  0.3926194E+02  0.2710230E+01  0.1075927E+01  0.3768557E+00  0.7378695E+00  0.5453006E+00  0.5874579E+02  0.6133492E+00 -0.5117128E+03  0.1940573E+01 -0.2863467E+03  0.2188539E+01  0.5250493E+00  0.7163142E+00  0.3146654E+00  0.2115412E-01
  0.7050000E+00  0.8626453E+03  0.5312168E+01  0.4773997E+03  0.4902257E+01  0.3266456E+03  0.2352259E+01  0.5940931E+02  0.1014888E+01  0.2906547E+03  0.1725931E+01  0.3727791E+02  0.2188241E+01  0.1148426E+01  0.4070085E+00  0.5130580E+00  0.5351200E+00  0.5766041E+02  0.7489229E+00 -0.5160469E+03  0.1539763E+01 -0.2876145E+03  0.2131296E+01  0.6413039E+00  0.7670617E+00  0.3097238E+00  0.1904199E-01
  0.7150000E+00  0.8365063E+03  0.5639716E+01  0.4593167E+03  0.4350169E+01  0.3194584E+03  0.2631411E+01  0.5852879E+02  0.8330768E+00  0.2862501E+03  0.1329953E+01  0.3447625E+02  0.2242038E+01  0.1128142E+01  0.3909102E+00  0.4795026E+00  0.4354429E+00  0.5683601E+02  0.7681619E+00 -0.5202306E+03  0.1801181E+01 -0.2886323E+03  0.2081023E+01  0.7819945E+00  0.8819368E+00  0.2976677E+00  0.1938080E-01
  0.7250000E+00  0.8145541E+03  0.7369862E+01  0.4432095E+03  0.5655510E+01  0.3146181E+03  0.2506310E+01  0.5752044E+02  0.9934771E+00  0.2819676E+03  0.1369797E+01  0.3389918E+02  0.2175676E+01  0.1179097E+01  0.3887689E+00  0.5006177E+00  0.4434500E+00  0.5575550E+02  0.7364424E+00 -0.5246232E+03  0.2065542E+01 -0.2899793E+03  0.2302597E+01  0.4896259E+00  0.8301566E+00  0.3032814E+00  0.1854693E-01
  0.7350000E+00  0.7879124E+03  0.8053084E+01  0.4253610E+03  0.6212412E+01  0.3069899E+03  0.2807221E+01  0.5634520E+02  0.9220212E+00  0.2778233E+03  0.1513256E+01  0.3039847E+02  0.2311752E+01  0.9748895E+00  0.4506373E+00  0.3887459E+00  0.4551091E+00  0.5489873E+02  0.6342761E+00 -0.5285618E+03  0.2003103E+01 -0.2910847E+03  0.2274495E+01  0.5020461E+00  0.8321918E+00  0.2833423E+00  0.2027160E-01
  0.7450000E+00  0.7654550E+03  0.4621013E+01  0.4096544E+03  0.3602355E+01  0.3013241E+03  0.2542933E+01  0.5525105E+02  0.8604509E+00  0.2734246E+03  0.1231869E+01  0.2911247E+02  0.2446762E+01  0.1020621E+01  0.4300751E+00  0.3644114E+00  0.4984147E+00  0.5378429E+02  0.6510594E+00 -0.5326951E+03  0.2063931E+01 -0.2923972E+03  0.2218166E+01  0.6685247E+00  0.8828947E+00  0.2818640E+00  0.2410225E-01
  0.7550000E+00  0.7448481E+03  0.6858257E+01  0.3941335E+03  0.5612364E+01  0.2968020E+03  0.2860433E+01  0.5468306E+02  0.8250013E+00  0.2701044E+03  0.1485040E+01  0.2789614E+02  0.2564701E+01  0.1079355E+01  0.3852420E+00  0.2942854E+00  0.3714016E+00  0.5322782E+02  0.6532528E+00 -0.5359079E+03  0.1990042E+01 -0.2931866E+03  0.2176444E+01  0.8180386E+00  0.9658960E+00  0.2807232E+00  0.2600110E-01
  0.7650000E+00  0.7246864E+03  0.6197903E+01  0.3809142E+03  0.4646551E+01  0.2909156E+03  0.2885496E+01  0.5361990E+02  0.8525676E+00  0.2659388E+03  0.1298922E+01  0.2615753E+02  0.2401005E+01  0.1030198E+01  0.2750637E+00  0.3424985E+00  0.3312481E+00  0.5216846E+02  0.7143791E+00 -0.5400305E+03  0.1854548E+01 -0.2944915E+03  0.2118686E+01  0.7591731E+00  0.9519768E+00  0.2722889E+00  0.2446664E-01
  0.7750000E+00  0.7032047E+03  0.7219789E+01  0.3655516E+03  0.5024276E+01  0.2857595E+03  0.2819923E+01  0.5264993E+02  0.9967260E+00  0.2623132E+03  0.1582879E+01  0.2461193E+02  0.2249743E+01  0.8967807E+00  0.2807555E+00  0.2158036E+00  0.4994800E+00  0.5145794E+02  0.6166267E+00 -0.5433691E+03  0.1982788E+01 -0.2954145E+03  0.2256199E+01  0.8565602E+00  0.8978098E+00  0.2669408E+00  0.2344744E-01
  0.7850000E+00  0.6828563E+03  0.5967035E+01  0.3517135E+03  0.4842267E+01  0.2801784E+03  0.2005652E+01  0.5171291E+02  0.8801869E+00  0.2584580E+03  0.1458080E+01  0.2286957E+02  0.1888564E+01  0.9237277E+00  0.2660176E+00  0.1201694E+00  0.3873628E+00  0.5059122E+02  0.6810279E+00 -0.5469911E+03  0.1998132E+01 -0.2964843E+03  0.2129018E+01  0.1058440E+01  0.9087169E+00  0.2578706E+00  0.2123102E-01
  0.7950000E+00  0.6649240E+03  0.5974861E+01  0.3390852E+03  0.4984577E+01  0.2755766E+03  0.2751842E+01  0.5100603E+02  0.6597099E+00  0.2554259E+03  0.1621371E+01  0.2128667E+02  0.1981832E+01  0.1039144E+01  0.3179199E+00  0.1070391E+00  0.3688989E+00  0.4978307E+02  0.5900600E+00 -0.5500100E+03  0.2598182E+01 -0.2976091E+03  0.2187626E+01  0.9260103E+00  0.7819951E+00  0.2490081E+00  0.2360393E-01
  0.8050000E+00  0.6470500E+03  0.6840006E+01  0.3267284E+03  0.5319571E+01  0.2707152E+03  0.2614367E+01  0.5034222E+02  0.7530514E+00  0.2513966E+03  0.1450781E+01  0.2043646E+02  0.2040633E+01  0.1005028E+01  0.3216134E+00  0.1384569E+00  0.4148356E+00  0.4912426E+02  0.5961210E+00 -0.5538077E+03  0.2003783E+01 -0.2984774E+03  0.2194108E+01  0.1254835E+01  0.8865910E+00  0.2479284E+00  0.2325068E-01
  0.8150000E+00  0.6315054E+03  0.5617209E+01  0.3157297E+03  0.4839857E+01  0.2669610E+03  0.2263199E+01  0.4954450E+02  0.7562929E+00  0.2481748E+03  0.1206792E+01  0.1989007E+02  0.2000061E+01  0.1039013E+01  0.3021258E+00  0.9872226E-01  0.3936851E+00  0.4833354E+02  0.6261590E+00 -0.5567039E+03  0.1920897E+01 -0.2995223E+03  0.2055826E+01  0.1247766E+01  0.1026308E+01  0.2497943E+00  0.2455654E-01
  0.8250000E+00  0.6135801E+03  0.6620003E+01  0.3028794E+03  0.5390690E+01  0.2624012E+03  0.2514121E+01  0.4902796E+02  0.7439502E+00  0.2453013E+03  0.1473122E+01  0.1819240E+02  0.1978888E+01  0.9996269E+00  0.2799507E+00  0.2123605E+00  0.3782930E+00  0.4774358E+02  0.6101134E+00 -0.5596300E+03  0.1968813E+01 -0.3003258E+03  0.2177347E+01  0.1289874E+01  0.9016877E+00  0.2380607E+00  0.2421749E-01
  0.8350000E+00  0.5970647E+03  0.4957225E+01  0.2919645E+03  0.4392075E+01  0.2577404E+03  0.2298657E+01  0.4807828E+02  0.8545138E+00  0.2417988E+03  0.1389748E+01  0.1701843E+02  0.1711660E+01  0.1004192E+01  0.3293897E+00  0.1035092E+00  0.4574158E+00  0.4689904E+02  0.6886836E+00 -0.5628941E+03  0.2116809E+01 -0.3014849E+03  0.2090932E+01  0.1275056E+01  0.8291459E+00  0.2311287E+00  0.2273655E-01
  0.8450000E+00  0.5815738E+03  0.4103540E+01  0.2811087E+03  0.3598812E+01  0.2537209E+03  0.2076867E+01  0.4745932E+02  0.6884419E+00  0.2387382E+03  0.1345090E+01  0.1604644E+02  0.1819884E+01  0.9636270E+00  0.2679314E+00  0.1290098E+00  0.4698168E+00  0.4629586E+02  0.5413647E+00 -0.5657076E+03  0.2150203E+01 -0.3023371E+03  0.2150207E+01  0.1395870E+01  0.8907929E+00  0.2264083E+00  0.2590299E-01
  0.8550000E+00  0.5681385E+03  0.5629421E+01  0.2717167E+03  0.4348195E+01  0.2503525E+03  0.2623014E+01  0.4677863E+02  0.7770056E+00  0.2357780E+03  0.1110737E+01  0.1562477E+02  0.2222521E+01  0.1087088E+01  0.2650608E+00  0.7993187E-01  0.3748959E+00  0.4554303E+02  0.6024779E+00 -0.5686622E+03  0.2137550E+01 -0.3033346E+03  0.2110073E+01  0.1434508E+01  0.8712628E+00  0.2279946E+00  0.3192431E-01
  0.8650000E+00  0.5531643E+03  0.5125595E+01  0.2614196E+03  0.4039550E+01  0.2461771E+03  0.2081383E+01  0.4627188E+02  0.8603444E+00  0.2328147E+03  0.1610661E+01  0.1440109E+02  0.1722282E+01  0.1085815E+01  0.2972349E+00  0.4923164E-01  0.4600525E+00  0.4506867E+02  0.5798786E+00 -0.5714284E+03  0.2179305E+01 -0.3041206E+03  0.2025417E+01  0.1470563E+01  0.7481438E+00  0.2184230E+00  0.2559817E-01
  0.8750000E+00  0.5370788E+03  0.4684252E+01  0.2512012E+03  0.3562758E+01  0.2412658E+03  0.2521837E+01  0.4530540E+02  0.7534448E+00  0.2294171E+03  0.1461380E+01  0.1287304E+02  0.2122951E+01  0.1119969E+01  0.2981523E+00 -0.8164087E-01  0.3516012E+00  0.4419975E+02  0.5220284E+00 -0.5746028E+03  0.1978556E+01 -0.3052759E+03  0.2050816E+01  0.1542507E+01  0.6713515E+00  0.2031869E+00  0.3326425E-01
  0.8850000E+00  0.5261176E+03  0.5122449E+01  0.2435797E+03  0.4030821E+01  0.2382786E+03  0.2251165E+01  0.4495036E+02  0.8244371E+00  0.2270494E+03  0.1299324E+01  0.1224233E+02  0.1877742E+01  0.1111002E+01  0.2825480E+00 -0.2811327E-01  0.3925557E+00  0.4380128E+02  0.6307799E+00 -0.5766518E+03  0.1977852E+01 -0.3059301E+03  0.2062874E+01  0.1672674E+01  0.8187677E+00  0.1992926E+00  0.3019663E-01
  0.8950000E+00  0.5114275E+03  0.3988048E+01  0.2336128E+03  0.3142424E+01  0.2342825E+03  0.2161713E+01  0.4421924E+02  0.7360907E+00  0.2241533E+03  0.1285152E+01  0.1113029E+02  0.1921108E+01  0.1198029E+01  0.2764555E+00 -0.7973957E-01  0.3965401E+00  0.4303487E+02  0.5564986E+00 -0.5795619E+03  0.1903302E+01 -0.3070116E+03  0.2117008E+01  0.1800580E+01  0.7759039E+00  0.1889014E+00  0.3221582E-01
  0.9050000E+00  0.4999877E+03  0.4725787E+01  0.2255382E+03  0.4401952E+01  0.2313325E+03  0.2241707E+01  0.4379696E+02  0.8074834E+00  0.2211352E+03  0.1252397E+01  0.1118444E+02  0.1863017E+01  0.1220074E+01  0.2391057E+00 -0.1498738E-01  0.4780644E+00  0.4252556E+02  0.5088349E+00 -0.5823064E+03  0.2045468E+01 -0.3078393E+03  0.2215864E+01  0.1774763E+01  0.7659783E+00  0.1966684E+00  0.3260738E-01
  0.9150000E+00  0.4894241E+03  0.5385086E+01  0.2188964E+03  0.4960505E+01  0.2280076E+03  0.2194107E+01  0.4319204E+02  0.7647891E+00  0.2186330E+03  0.1350989E+01  0.1035189E+02  0.1862714E+01  0.1270514E+01  0.2340142E+00 -0.7024033E-01  0.4378310E+00  0.4192884E+02  0.5479277E+00 -0.5845114E+03  0.1935509E+01 -0.3086856E+03  0.2170041E+01  0.1833507E+01  0.7658080E+00  0.1875144E+00  0.3303786E-01
  0.9250000E+00  0.4773864E+03  0.4520321E+01  0.2105336E+03  0.3581150E+01  0.2248985E+03  0.2080460E+01  0.4262247E+02  0.8783200E+00  0.2160427E+03  0.1407390E+01  0.9821017E+01  0.1769007E+01  0.1353704E+01  0.2242872E+00 -0.1675752E+00  0.4288950E+00  0.4137451E+02  0.6122304E+00 -0.5869795E+03  0.2230606E+01 -0.3095681E+03  0.2169869E+01  0.2172897E+01  0.7543702E+00  0.1849789E+00  0.3298538E-01
  0.9350000E+00  0.4670033E+03  0.4401281E+01  0.2037277E+03  0.3405936E+01  0.2216956E+03  0.1930357E+01  0.4224579E+02  0.6684918E+00  0.2135720E+03  0.1313833E+01  0.9078054E+01  0.1715912E+01  0.1308932E+01  0.2422803E+00 -0.1376045E-01  0.4291482E+00  0.4088877E+02  0.5472033E+00 -0.5892778E+03  0.1960205E+01 -0.3102906E+03  0.2075957E+01  0.2391665E+01  0.9343088E+00  0.1765495E+00  0.3248558E-01
  0.9450000E+00  0.4552922E+03  0.3655539E+01  0.1958502E+03  0.3279582E+01  0.2185714E+03  0.1844975E+01  0.4152856E+02  0.6861571E+00  0.2107223E+03  0.1283039E+01  0.8790701E+01  0.1552310E+01  0.1383151E+01  0.2468200E+00 -0.2459371E+00  0.3006861E+00  0.4033032E+02  0.5522255E+00 -0.5920772E+03  0.2163930E+01 -0.3112041E+03  0.2224158E+01  0.2558957E+01  0.8460594E+00  0.1780445E+00  0.3148329E-01
  0.9550000E+00  0.4459704E+03  0.4320131E+01  0.1893186E+03  0.3259576E+01  0.2159957E+03  0.2259572E+01  0.4131277E+02  0.7854964E+00  0.2088208E+03  0.1336972E+01  0.8109206E+01  0.1890105E+01  0.1484247E+01  0.3012695E+00 -0.1977055E+00  0.3318293E+00  0.3996708E+02  0.5745254E+00 -0.5937290E+03  0.2022187E+01 -0.3118581E+03  0.2150843E+01  0.2597748E+01  0.9009693E+00  0.1697678E+00  0.3911348E-01
  0.9650000E+00  0.4353594E+03  0.4045871E+01  0.1832660E+03  0.3045984E+01  0.2119672E+03  0.2163256E+01  0.4077466E+02  0.6540356E+00  0.2061272E+03  0.1238642E+01  0.6762335E+01  0.1792596E+01  0.1546666E+01  0.2577460E+00 -0.1674117E+00  0.3138046E+00  0.3933649E+02  0.5904238E+00 -0.5963116E+03  0.1996885E+01 -0.3128228E+03  0.2223983E+01  0.2703985E+01  0.9088160E+00  0.1462539E+00  0.3855059E-01
  0.9750000E+00  0.4262223E+03  0.4394973E+01  0.1771233E+03  0.3742631E+01  0.2094677E+03  0.2014319E+01  0.4027347E+02  0.8230612E+00  0.2037726E+03  0.1253424E+01  0.6606980E+01  0.1704250E+01  0.1581013E+01  0.2731441E+00 -0.1714448E+00  0.4161122E+00  0.3880697E+02  0.5236618E+00 -0.5983651E+03  0.2149609E+01 -0.3136412E+03  0.2189927E+01  0.2880651E+01  0.8044928E+00  0.1480516E+00  0.3847038E-01
  0.9850000E+00  0.4173068E+03  0.3144663E+01  0.1709636E+03  0.3494927E+01  0.2070559E+03  0.1826101E+01  0.3992533E+02  0.6160348E+00  0.2014896E+03  0.1252296E+01  0.6468024E+01  0.1749238E+01  0.1655995E+01  0.2467368E+00 -0.1588778E+00  0.3506760E+00  0.3837082E+02  0.5561266E+00 -0.6004553E+03  0.2085766E+01 -0.3143301E+03  0.2218344E+01  0.3182637E+01  0.8309020E+00  0.1504025E+00  0.4177015E-01
  0.9950000E+00  0.4098705E+03  0.4263582E+01  0.1659980E+03  0.3244772E+01  0.2047207E+03  0.1947126E+01  0.3978665E+02  0.5842883E+00  0.1994760E+03  0.1155940E+01  0.6137061E+01  0.1484354E+01  0.1739930E+01  0.2471171E+00 -0.3188860E-01  0.4219248E+00  0.3802159E+02  0.5667132E+00 -0.6022404E+03  0.2385588E+01 -0.3150475E+03  0.2233712E+01  0.3182925E+01  0.7884579E+00  0.1465078E+00  0.3469472E-01
