  0.5000022E-02  0.3328147E+05  0.2953483E+05  0.2411446E+05  0.2037016E+05  0.8459970E+04  0.8445457E+04  0.7129929E+03  0.1070399E+04  0.1015378E+04  0.1505510E+04  0.7445241E+04  0.7049399E+04  0.1991718E+03  0.3489139E+03  0.3583651E+03  0.5759610E+03  0.1553812E+03  0.3497639E+03  0.1020824E+04  0.1508885E+04  0.1571053E+03  0.3496746E+03  0.1596098E+03  0.3496485E+03
  0.1500002E-01  0.3787896E+05  0.1243136E+05  0.2744130E+05  0.8490044E+04  0.9640772E+04  0.3672026E+04  0.8032376E+03  0.4849830E+03  0.1151853E+04  0.6366948E+03  0.8489645E+04  0.3101201E+04  0.2200498E+03  0.1131491E+03  0.4055352E+03  0.2475827E+03  0.1776329E+03  0.1648092E+03  0.1152037E+04  0.6327124E+03  0.1773418E+03  0.1638129E+03  0.1803030E+03  0.1629422E+03
  0.2500002E-01  0.3451208E+05  0.8267676E+04  0.2512843E+05  0.5514137E+04  0.8686351E+04  0.2581982E+04  0.7029538E+03  0.3132130E+03  0.1038948E+04  0.4155668E+03  0.7648092E+04  0.2199001E+04  0.2004649E+03  0.7703416E+02  0.3579882E+03  0.1529766E+03  0.1444426E+03  0.1062108E+03  0.1038214E+04  0.4190707E+03  0.1443750E+03  0.1079785E+03  0.1532990E+03  0.1099237E+03
  0.3500002E-01  0.2494835E+05  0.3953170E+04  0.1826604E+05  0.2757860E+04  0.6205177E+04  0.1131893E+04  0.4805293E+03  0.1360866E+03  0.7361606E+03  0.1773542E+03  0.5469457E+04  0.9686168E+03  0.1412069E+03  0.3160214E+02  0.2502613E+03  0.7606906E+02  0.8903568E+02  0.4830347E+02  0.7341278E+03  0.1785830E+03  0.8651883E+02  0.4857341E+02  0.1006342E+03  0.4939476E+02
  0.4500002E-01  0.1945251E+05  0.2260834E+04  0.1439859E+05  0.1561205E+04  0.4721866E+04  0.7245290E+03  0.3343034E+03  0.9758517E+02  0.5535742E+03  0.1279879E+03  0.4168620E+04  0.6099947E+03  0.1060472E+03  0.2846485E+02  0.1819656E+03  0.5369013E+02  0.4633094E+02  0.4058794E+02  0.5529762E+03  0.1283018E+03  0.4541045E+02  0.4050188E+02  0.7141235E+02  0.4122389E+02
  0.5500002E-01  0.1590827E+05  0.2145776E+04  0.1190277E+05  0.1504890E+04  0.3771899E+04  0.6578277E+03  0.2347442E+03  0.1025670E+03  0.4333476E+03  0.1250746E+03  0.3338749E+04  0.5475695E+03  0.8396977E+02  0.2424574E+02  0.1384708E+03  0.4779937E+02  0.1236868E+02  0.4633419E+02  0.4317069E+03  0.1235546E+03  0.1082165E+02  0.4678331E+02  0.4765122E+02  0.4731865E+02
  0.6500002E-01  0.1370839E+05  0.1259055E+04  0.1040939E+05  0.9229544E+03  0.3142827E+04  0.3596819E+03  0.1564269E+03  0.5412668E+02  0.3480813E+03  0.7126647E+02  0.2794846E+04  0.3019073E+03  0.6838168E+02  0.1814220E+02  0.1049179E+03  0.3062258E+02 -0.1680397E+02  0.2578821E+02  0.3459254E+03  0.7019016E+02 -0.1735530E+02  0.2505619E+02  0.3244356E+02  0.2455248E+02
  0.7500002E-01  0.1158678E+05  0.1247919E+04  0.8948105E+04  0.8315558E+03  0.2549382E+04  0.4080535E+03  0.8889105E+02  0.5256514E+02  0.2707241E+03  0.7308639E+02  0.2278678E+04  0.3445721E+03  0.5484526E+02  0.1560333E+02  0.7847670E+02  0.2333253E+02 -0.4431940E+02  0.2282748E+02  0.2672255E+03  0.7596030E+02 -0.4607947E+02  0.2370073E+02  0.1714062E+02  0.2511617E+02
  0.8500002E-01  0.9374174E+04  0.9499505E+03  0.7359261E+04  0.6245565E+03  0.1981813E+04  0.3257391E+03  0.3221411E+02  0.5151296E+02  0.1948613E+03  0.6562286E+02  0.1786889E+04  0.2644420E+03  0.4147650E+02  0.1176544E+02  0.5624492E+02  0.2650262E+02 -0.6534988E+02  0.2155643E+02  0.1902142E+03  0.6383005E+02 -0.6745025E+02  0.2091629E+02  0.8016797E+01  0.2096800E+02
  0.9500002E-01  0.7966837E+04  0.7341203E+03  0.6356516E+04  0.5358410E+03  0.1622875E+04  0.1965971E+03 -0.1382321E+02  0.2532175E+02  0.1415031E+03  0.3493694E+02  0.1481232E+04  0.1709646E+03  0.3348282E+02  0.7433945E+01  0.4212237E+02  0.1704327E+02 -0.8925521E+02  0.1223647E+02  0.1375193E+03  0.3467893E+02 -0.9060968E+02  0.1176235E+02  0.9318391E+00  0.1227432E+02
  0.1050000E+00  0.6811998E+04  0.4456969E+03  0.5576405E+04  0.3269295E+03  0.1287987E+04  0.1493946E+03 -0.5407218E+02  0.2461036E+02  0.8870514E+02  0.3155645E+02  0.1199056E+04  0.1272152E+03  0.2591292E+02  0.7122373E+01  0.2616204E+02  0.1512587E+02 -0.1059371E+03  0.1259570E+02  0.8487918E+02  0.3150301E+02 -0.1072753E+03  0.1274897E+02 -0.3665240E+01  0.1400961E+02
  0.1150000E+00  0.5998649E+04  0.3825723E+03  0.5068316E+04  0.2588140E+03  0.1028139E+04  0.1422655E+03 -0.1000813E+03  0.2418074E+02  0.3850170E+02  0.3043115E+02  0.9892928E+03  0.1206980E+03  0.1857352E+02  0.6774821E+01  0.1133812E+02  0.1263644E+02 -0.1297737E+03  0.1168237E+02  0.3237594E+02  0.3087578E+02 -0.1319060E+03  0.1178183E+02 -0.1245184E+02  0.1302717E+02
  0.1250000E+00  0.5150091E+04  0.4860413E+03  0.4525184E+04  0.3324889E+03  0.7563518E+03  0.1532238E+03 -0.1341420E+03  0.2468447E+02 -0.5910340E+01  0.3501588E+02  0.7618415E+03  0.1232943E+03  0.1253325E+02  0.7552473E+01  0.1231146E+00  0.1404333E+02 -0.1465577E+03  0.1015276E+02 -0.1208103E+02  0.3505040E+02 -0.1486958E+03  0.1007851E+02 -0.1969417E+02  0.1136680E+02
  0.1350000E+00  0.4533697E+04  0.3921846E+03  0.4121326E+04  0.2731762E+03  0.5735245E+03  0.1190948E+03 -0.1641685E+03  0.1687650E+02 -0.4575404E+02  0.2515420E+02  0.6187500E+03  0.1009958E+03  0.8873008E+01  0.5691830E+01 -0.8615100E+01  0.9426816E+01 -0.1641416E+03  0.7173831E+01 -0.5234817E+02  0.2667799E+02 -0.1659874E+03  0.8298330E+01 -0.2258297E+02  0.1158732E+02
  0.1450000E+00  0.4033161E+04  0.3170433E+03  0.3775075E+04  0.2316979E+03  0.4365108E+03  0.8848909E+02 -0.1815898E+03  0.1402992E+02 -0.7422718E+02  0.1827221E+02  0.5101363E+03  0.7735289E+02  0.6080519E+01  0.5108812E+01 -0.1251662E+02  0.8083602E+01 -0.1748437E+03  0.7362092E+01 -0.7935262E+02  0.1857803E+02 -0.1766789E+03  0.8070089E+01 -0.2268904E+02  0.9556319E+01
  0.1550000E+00  0.3619918E+04  0.2170408E+03  0.3490777E+04  0.1525690E+03  0.3219002E+03  0.7439866E+02 -0.1960454E+03  0.1327340E+02 -0.1027435E+03  0.1921584E+02  0.4239699E+03  0.5858957E+02  0.4029353E+01  0.3915574E+01 -0.1611202E+02  0.8621875E+01 -0.1836620E+03  0.7346588E+01 -0.1085393E+03  0.1921627E+02 -0.1856147E+03  0.8149320E+01 -0.2243706E+02  0.9782969E+01
  0.1650000E+00  0.3208886E+04  0.2231007E+03  0.3230929E+04  0.1687837E+03  0.1889104E+03  0.6587089E+02 -0.2145192E+03  0.9269064E+01 -0.1357658E+03  0.1138096E+02  0.3238962E+03  0.5824085E+02  0.1360851E+01  0.3819240E+01 -0.1968863E+02  0.5539951E+01 -0.1958758E+03  0.6249979E+01 -0.1417057E+03  0.1152539E+02 -0.1983163E+03  0.6314143E+01 -0.2578636E+02  0.7858170E+01
  0.1750000E+00  0.2775668E+04  0.2035472E+03  0.2931321E+04  0.1447765E+03  0.6852977E+02  0.6686810E+02 -0.2278911E+03  0.1119060E+02 -0.1656568E+03  0.1512889E+02  0.2333227E+03  0.5629364E+02 -0.1341736E+01  0.3729229E+01 -0.2377385E+02  0.6590556E+01 -0.2024474E+03  0.5667189E+01 -0.1726758E+03  0.1576859E+02 -0.2047617E+03  0.6125591E+01 -0.2572018E+02  0.7032957E+01
  0.1850000E+00  0.2452561E+04  0.1289856E+03  0.2746115E+04  0.1001963E+03 -0.5147506E+02  0.4609237E+02 -0.2460757E+03  0.1019483E+02 -0.1976499E+03  0.1181272E+02  0.1452099E+03  0.3831494E+02 -0.3640096E+01  0.3289582E+01 -0.2765458E+02  0.6331369E+01 -0.2144478E+03  0.6014915E+01 -0.2035474E+03  0.1374204E+02 -0.2166707E+03  0.6434802E+01 -0.2863062E+02  0.7852277E+01
  0.1950000E+00  0.2159229E+04  0.1553091E+03  0.2540090E+04  0.1235389E+03 -0.1325650E+03  0.4189731E+02 -0.2523307E+03  0.8302767E+01 -0.2219035E+03  0.1139723E+02  0.8829980E+02  0.3647620E+02 -0.5578077E+01  0.3266436E+01 -0.2921103E+02  0.4927697E+01 -0.2172014E+03  0.4675930E+01 -0.2290798E+03  0.1282635E+02 -0.2195000E+03  0.6078090E+01 -0.2541416E+02  0.7957366E+01
  0.2050000E+00  0.1981135E+04  0.1435960E+03  0.2430237E+04  0.1044924E+03 -0.1960548E+03  0.4269678E+02 -0.2572278E+03  0.8877857E+01 -0.2443585E+03  0.1197816E+02  0.4717477E+02  0.3714389E+02 -0.6089477E+01  0.3315515E+01 -0.2960630E+02  0.4953044E+01 -0.2211979E+03  0.4949108E+01 -0.2515254E+03  0.1211296E+02 -0.2235379E+03  0.5077616E+01 -0.2330559E+02  0.5708949E+01
  0.2150000E+00  0.1757442E+04  0.1280795E+03  0.2276462E+04  0.9620766E+02 -0.2618840E+03  0.3672369E+02 -0.2613500E+03  0.7659859E+01 -0.2654928E+03  0.9671803E+01  0.2417321E+01  0.3014379E+02 -0.6493184E+01  0.2622632E+01 -0.2963648E+02  0.4357076E+01 -0.2248684E+03  0.5093739E+01 -0.2723844E+03  0.1124924E+02 -0.2269981E+03  0.5719795E+01 -0.2347556E+02  0.7532858E+01
  0.2250000E+00  0.1544497E+04  0.9993525E+02  0.2136971E+04  0.7457175E+02 -0.3279567E+03  0.3277538E+02 -0.2688477E+03  0.6216082E+01 -0.2925847E+03  0.7641908E+01 -0.3666571E+02  0.3014710E+02 -0.8687009E+01  0.2531836E+01 -0.3025986E+02  0.4275426E+01 -0.2295499E+03  0.3525228E+01 -0.3004841E+03  0.9175902E+01 -0.2320497E+03  0.4223047E+01 -0.2477720E+02  0.5757840E+01
  0.2350000E+00  0.1335796E+04  0.1004512E+03  0.1990015E+04  0.7377278E+02 -0.3865555E+03  0.3306835E+02 -0.2720220E+03  0.6963833E+01 -0.3126691E+03  0.9179176E+01 -0.7525332E+02  0.2685836E+02 -0.9242184E+01  0.2562263E+01 -0.3144012E+02  0.4687117E+01 -0.2309792E+03  0.3606371E+01 -0.3202910E+03  0.8554752E+01 -0.2333984E+03  0.4403446E+01 -0.2349822E+02  0.5567861E+01
  0.2450000E+00  0.1205303E+04  0.9797978E+02  0.1899271E+04  0.7851402E+02 -0.4258805E+03  0.2563400E+02 -0.2725086E+03  0.5813230E+01 -0.3320932E+03  0.7381223E+01 -0.9522696E+02  0.2250532E+02 -0.8760844E+01  0.2644592E+01 -0.3115823E+02  0.3444794E+01 -0.2322369E+03  0.4351888E+01 -0.3405226E+03  0.7386622E+01 -0.2350881E+03  0.5098306E+01 -0.2347923E+02  0.5988415E+01
  0.2550000E+00  0.1034631E+04  0.6801201E+02  0.1775740E+04  0.4455663E+02 -0.4727757E+03  0.3134962E+02 -0.2727447E+03  0.6116152E+01 -0.3500306E+03  0.9433233E+01 -0.1242524E+03  0.2668948E+02 -0.9938431E+01  0.2370172E+01 -0.3034659E+02  0.4123941E+01 -0.2321104E+03  0.3663665E+01 -0.3584919E+03  0.1045839E+02 -0.2345913E+03  0.4312635E+01 -0.2140606E+02  0.4910640E+01
  0.2650000E+00  0.9090480E+03  0.7764045E+02  0.1688219E+04  0.5845559E+02 -0.5107622E+03  0.2571216E+02 -0.2728780E+03  0.5172793E+01 -0.3676795E+03  0.6376501E+01 -0.1446566E+03  0.2224217E+02 -0.1001783E+02  0.2116037E+01 -0.3006343E+02  0.3043573E+01 -0.2324539E+03  0.3821166E+01 -0.3747753E+03  0.7371326E+01 -0.2348807E+03  0.4218672E+01 -0.1944332E+02  0.5084699E+01
  0.2750000E+00  0.7985304E+03  0.5926995E+02  0.1599389E+04  0.4853307E+02 -0.5348807E+03  0.2059779E+02 -0.2703594E+03  0.5471007E+01 -0.3821206E+03  0.6551023E+01 -0.1543911E+03  0.1673225E+02 -0.1049287E+02  0.1914073E+01 -0.2806760E+02  0.3333077E+01 -0.2314439E+03  0.3353002E+01 -0.3901689E+03  0.8058769E+01 -0.2338681E+03  0.3876812E+01 -0.1892651E+02  0.5236311E+01
  0.2850000E+00  0.6910787E+03  0.6645106E+02  0.1520281E+04  0.5746113E+02 -0.5638669E+03  0.1989073E+02 -0.2697688E+03  0.5533300E+01 -0.3983221E+03  0.5962158E+01 -0.1672416E+03  0.1773535E+02 -0.1073161E+02  0.2194681E+01 -0.2788598E+02  0.3030031E+01 -0.2308092E+03  0.3772401E+01 -0.4070656E+03  0.6897118E+01 -0.2334541E+03  0.4341211E+01 -0.1786593E+02  0.4526250E+01
  0.2950000E+00  0.5825394E+03  0.5852803E+02  0.1438096E+04  0.4694061E+02 -0.5926027E+03  0.1733182E+02 -0.2673315E+03  0.5241718E+01 -0.4119880E+03  0.5819240E+01 -0.1823672E+03  0.1482871E+02 -0.1052029E+02  0.1616721E+01 -0.2600551E+02  0.2617549E+01 -0.2304510E+03  0.2649919E+01 -0.4198834E+03  0.6922252E+01 -0.2331611E+03  0.2881454E+01 -0.1747679E+02  0.4279727E+01
  0.3050000E+00  0.4967389E+03  0.5589387E+02  0.1367718E+04  0.3642840E+02 -0.6120477E+03  0.2560518E+02 -0.2632669E+03  0.4910743E+01 -0.4219152E+03  0.6945200E+01 -0.1919198E+03  0.2195636E+02 -0.9912819E+01  0.2042667E+01 -0.2543454E+02  0.2514069E+01 -0.2275784E+03  0.3351984E+01 -0.4310351E+03  0.8336011E+01 -0.2304389E+03  0.3465334E+01 -0.1605240E+02  0.3738700E+01
  0.3150000E+00  0.4121630E+03  0.6325595E+02  0.1299362E+04  0.4792518E+02 -0.6300265E+03  0.2194104E+02 -0.2615133E+03  0.4292178E+01 -0.4381583E+03  0.5017898E+01 -0.1937326E+03  0.1977707E+02 -0.1010090E+02  0.1977070E+01 -0.2428319E+02  0.2485777E+01 -0.2267847E+03  0.2706145E+01 -0.4476071E+03  0.7130058E+01 -0.2293074E+03  0.2865683E+01 -0.1321802E+02  0.3638733E+01
  0.3250000E+00  0.3531886E+03  0.5177599E+02  0.1245489E+04  0.4055285E+02 -0.6397054E+03  0.1840803E+02 -0.2568944E+03  0.4171265E+01 -0.4452344E+03  0.4503829E+01 -0.1963645E+03  0.1543822E+02 -0.1002606E+02  0.1467363E+01 -0.2251710E+02  0.2688914E+01 -0.2240202E+03  0.3146840E+01 -0.4544889E+03  0.6026832E+01 -0.2266862E+03  0.3601608E+01 -0.1336625E+02  0.4280191E+01
  0.3350000E+00  0.2772312E+03  0.3964893E+02  0.1186257E+04  0.2706597E+02 -0.6587776E+03  0.1568831E+02 -0.2545491E+03  0.5090420E+01 -0.4582278E+03  0.4979482E+01 -0.2024990E+03  0.1314034E+02 -0.1000839E+02  0.1958882E+01 -0.2192258E+02  0.3143595E+01 -0.2222856E+03  0.3101205E+01 -0.4669717E+03  0.5679194E+01 -0.2253176E+03  0.3057354E+01 -0.1229847E+02  0.3094311E+01
  0.3450000E+00  0.2165575E+03  0.4829163E+02  0.1124496E+04  0.3827339E+02 -0.6632899E+03  0.1716171E+02 -0.2488805E+03  0.4914018E+01 -0.4656188E+03  0.6294112E+01 -0.1996579E+03  0.1422154E+02 -0.9509916E+01  0.2078970E+01 -0.2079195E+02  0.2751023E+01 -0.2182501E+03  0.2953043E+01 -0.4746211E+03  0.7061762E+01 -0.2213725E+03  0.3153764E+01 -0.1158352E+02  0.3434097E+01
  0.3550000E+00  0.1548228E+03  0.3730011E+02  0.1067912E+04  0.2724219E+02 -0.6713666E+03  0.1528160E+02 -0.2458690E+03  0.3464182E+01 -0.4742347E+03  0.4076360E+01 -0.1991525E+03  0.1289422E+02 -0.8895809E+01  0.1562223E+01 -0.1923322E+02  0.2262922E+01 -0.2174106E+03  0.2118014E+01 -0.4828976E+03  0.5187462E+01 -0.2204092E+03  0.2507593E+01 -0.1034898E+02  0.2704014E+01
  0.3650000E+00  0.9853347E+02  0.4513148E+02  0.1014830E+04  0.3442960E+02 -0.6791649E+03  0.1617745E+02 -0.2412507E+03  0.4295550E+01 -0.4827550E+03  0.4880113E+01 -0.1984768E+03  0.1456661E+02 -0.9012151E+01  0.1229790E+01 -0.1814727E+02  0.2359895E+01 -0.2137701E+03  0.3020587E+01 -0.4914533E+03  0.5557624E+01 -0.2169889E+03  0.3168946E+01 -0.9330479E+01  0.3780953E+01
  0.3750000E+00  0.4894511E+02  0.3640182E+02  0.9726062E+03  0.3393361E+02 -0.6896506E+03  0.1013416E+02 -0.2381006E+03  0.3110525E+01 -0.4907138E+03  0.5274474E+01 -0.2010333E+03  0.8702516E+01 -0.8886135E+01  0.1223552E+01 -0.1770082E+02  0.2437300E+01 -0.2112012E+03  0.2954371E+01 -0.5003036E+03  0.6270734E+01 -0.2144294E+03  0.2883381E+01 -0.7519980E+01  0.3501813E+01
  0.3850000E+00  0.4007352E+01  0.3924390E+02  0.9234205E+03  0.3159662E+02 -0.6892887E+03  0.1306583E+02 -0.2341714E+03  0.4018519E+01 -0.4971264E+03  0.5021403E+01 -0.1942964E+03  0.1068282E+02 -0.8656495E+01  0.1344300E+01 -0.1689005E+02  0.2277185E+01 -0.2083145E+03  0.3545935E+01 -0.5061557E+03  0.5095542E+01 -0.2115442E+03  0.3554154E+01 -0.7499717E+01  0.3889816E+01
  0.3950000E+00 -0.4941575E+02  0.3874327E+02  0.8705179E+03  0.3101311E+02 -0.6944879E+03  0.1510275E+02 -0.2294021E+03  0.3248298E+01 -0.5025880E+03  0.3989364E+01 -0.1940561E+03  0.1356017E+02 -0.8379709E+01  0.1362216E+01 -0.1549370E+02  0.1808719E+01 -0.2052217E+03  0.3046528E+01 -0.5114805E+03  0.4907421E+01 -0.2086949E+03  0.3434259E+01 -0.6879277E+01  0.3182014E+01
  0.4050000E+00 -0.7304856E+02  0.2475172E+02  0.8429015E+03  0.2024740E+02 -0.6945986E+03  0.1280560E+02 -0.2252589E+03  0.3113514E+01 -0.5076593E+03  0.3701426E+01 -0.1891173E+03  0.1104251E+02 -0.8022905E+01  0.1128767E+01 -0.1450763E+02  0.1936592E+01 -0.2024257E+03  0.2187647E+01 -0.5166703E+03  0.5088148E+01 -0.2060802E+03  0.2581330E+01 -0.5840024E+01  0.2450376E+01
  0.4150000E+00 -0.1108329E+03  0.3341171E+02  0.8017821E+03  0.2210416E+02 -0.6952417E+03  0.1228472E+02 -0.2212217E+03  0.2974547E+01 -0.5115516E+03  0.3459037E+01 -0.1858879E+03  0.1027085E+02 -0.7326574E+01  0.1277237E+01 -0.1389707E+02  0.1921719E+01 -0.1996935E+03  0.1925591E+01 -0.5213099E+03  0.4507493E+01 -0.2037198E+03  0.2207805E+01 -0.6940848E+01  0.2232037E+01
  0.4250000E+00 -0.1496005E+03  0.3072559E+02  0.7619102E+03  0.2257279E+02 -0.6979128E+03  0.1214378E+02 -0.2174121E+03  0.3548572E+01 -0.5172285E+03  0.4450806E+01 -0.1829131E+03  0.1088086E+02 -0.7336801E+01  0.1072398E+01 -0.1263099E+02  0.2124448E+01 -0.1971493E+03  0.2305381E+01 -0.5277112E+03  0.5615566E+01 -0.2010639E+03  0.2558197E+01 -0.5756855E+01  0.2802431E+01
  0.4350000E+00 -0.1855589E+03  0.2879497E+02  0.7205268E+03  0.2222382E+02 -0.6962813E+03  0.1295247E+02 -0.2135471E+03  0.3199677E+01 -0.5193482E+03  0.4173099E+01 -0.1791706E+03  0.1151927E+02 -0.7279498E+01  0.1172337E+01 -0.1187015E+02  0.2359280E+01 -0.1941044E+03  0.2032624E+01 -0.5294866E+03  0.4397372E+01 -0.1982751E+03  0.2299516E+01 -0.6196885E+01  0.2717030E+01
  0.4450000E+00 -0.2028254E+03  0.2657110E+02  0.6941020E+03  0.1924562E+02 -0.6910567E+03  0.1257743E+02 -0.2095469E+03  0.2605385E+01 -0.5227565E+03  0.3729447E+01 -0.1705609E+03  0.1134615E+02 -0.6700578E+01  0.1150333E+01 -0.1104252E+02  0.1753237E+01 -0.1915155E+03  0.2416281E+01 -0.5328978E+03  0.4333058E+01 -0.1955117E+03  0.2374641E+01 -0.4206221E+01  0.2568742E+01
  0.4550000E+00 -0.2315483E+03  0.2539894E+02  0.6590436E+03  0.2432946E+02 -0.6888612E+03  0.9349499E+01 -0.2053307E+03  0.2682521E+01 -0.5250147E+03  0.3327114E+01 -0.1661131E+03  0.7344312E+01 -0.6111954E+01  0.1348454E+01 -0.1085820E+02  0.2123159E+01 -0.1880809E+03  0.2597353E+01 -0.5348715E+03  0.4443987E+01 -0.1920779E+03  0.2663746E+01 -0.3527927E+01  0.2895451E+01
  0.4650000E+00 -0.2558969E+03  0.2558314E+02  0.6343343E+03  0.2275371E+02 -0.6921842E+03  0.8682418E+01 -0.2016254E+03  0.2891477E+01 -0.5276980E+03  0.3538708E+01 -0.1667652E+03  0.7959874E+01 -0.5727606E+01  0.1518613E+01 -0.1026930E+02  0.1715794E+01 -0.1853506E+03  0.2362776E+01 -0.5382868E+03  0.4242437E+01 -0.1898150E+03  0.2373873E+01 -0.3475630E+01  0.2561555E+01
  0.4750000E+00 -0.2820218E+03  0.2453531E+02  0.6005127E+03  0.1987812E+02 -0.6892710E+03  0.9598985E+01 -0.1967777E+03  0.3123275E+01 -0.5290039E+03  0.3356167E+01 -0.1625559E+03  0.9580607E+01 -0.5545693E+01  0.1098520E+01 -0.9036175E+01  0.2050505E+01 -0.1819232E+03  0.2129272E+01 -0.5398864E+03  0.4023052E+01 -0.1863066E+03  0.2295076E+01 -0.2658405E+01  0.2438367E+01
  0.4850000E+00 -0.2916315E+03  0.2312976E+02  0.5830215E+03  0.1751080E+02 -0.6836643E+03  0.1026346E+02 -0.1944697E+03  0.3074063E+01 -0.5314750E+03  0.4051809E+01 -0.1544959E+03  0.8232102E+01 -0.5659569E+01  0.1123681E+01 -0.8872948E+01  0.1763297E+01 -0.1796661E+03  0.2459118E+01 -0.5422373E+03  0.4158679E+01 -0.1841773E+03  0.2810080E+01 -0.3142212E+01  0.2914938E+01
  0.4950000E+00 -0.3140546E+03  0.1964119E+02  0.5485532E+03  0.1775644E+02 -0.6760772E+03  0.7803332E+01 -0.1899230E+03  0.2966612E+01 -0.5312342E+03  0.3726379E+01 -0.1471528E+03  0.7004155E+01 -0.5088822E+01  0.9264790E+00 -0.7708088E+01  0.1622186E+01 -0.1768612E+03  0.2646637E+01 -0.5424166E+03  0.4120324E+01 -0.1812619E+03  0.3183221E+01 -0.1639431E+01  0.3188523E+01
  0.5050000E+00 -0.3393558E+03  0.1935256E+02  0.5191682E+03  0.1580978E+02 -0.6750481E+03  0.8200825E+01 -0.1868276E+03  0.2778180E+01 -0.5321120E+03  0.3270537E+01 -0.1452511E+03  0.7124877E+01 -0.4844794E+01  0.9597982E+00 -0.7736080E+01  0.1543483E+01 -0.1739905E+03  0.2313670E+01 -0.5435981E+03  0.4297821E+01 -0.1789966E+03  0.2619403E+01 -0.2310221E+01  0.2482043E+01
  0.5150000E+00 -0.3507500E+03  0.2139438E+02  0.4985076E+03  0.1872980E+02 -0.6697617E+03  0.7798503E+01 -0.1828022E+03  0.2316566E+01 -0.5331762E+03  0.3526321E+01 -0.1389093E+03  0.7095995E+01 -0.4689268E+01  0.1047226E+01 -0.6575323E+01  0.1589889E+01 -0.1712844E+03  0.2564804E+01 -0.5449913E+03  0.3660194E+01 -0.1763071E+03  0.2709395E+01 -0.1867596E+01  0.2226422E+01
  0.5250000E+00 -0.3610662E+03  0.1837038E+02  0.4772531E+03  0.1531673E+02 -0.6620806E+03  0.8142153E+01 -0.1794817E+03  0.2227526E+01 -0.5319430E+03  0.3838701E+01 -0.1324573E+03  0.6490707E+01 -0.4091819E+01  0.7734079E+00 -0.6476053E+01  0.1491261E+01 -0.1686604E+03  0.2016083E+01 -0.5438157E+03  0.4522842E+01 -0.1740082E+03  0.2365436E+01 -0.2434107E+01  0.1853742E+01
  0.5350000E+00 -0.3750981E+03  0.2277500E+02  0.4552506E+03  0.1882251E+02 -0.6568028E+03  0.6687746E+01 -0.1767340E+03  0.2570062E+01 -0.5326087E+03  0.2867909E+01 -0.1265174E+03  0.6032415E+01 -0.3984082E+01  0.9509537E+00 -0.5878684E+01  0.1596443E+01 -0.1666226E+03  0.2278253E+01 -0.5449019E+03  0.3964121E+01 -0.1718207E+03  0.2472080E+01 -0.7334439E+00  0.1893838E+01
  0.5450000E+00 -0.3898326E+03  0.1857520E+02  0.4328002E+03  0.1403849E+02 -0.6525417E+03  0.8145683E+01 -0.1732232E+03  0.2573423E+01 -0.5317621E+03  0.3381219E+01 -0.1231038E+03  0.6561812E+01 -0.3767656E+01  0.1218079E+01 -0.5784028E+01  0.1416144E+01 -0.1634268E+03  0.2025003E+01 -0.5441044E+03  0.4228118E+01 -0.1687841E+03  0.2476270E+01 -0.8718612E+00  0.2351921E+01
  0.5550000E+00 -0.3987334E+03  0.1476781E+02  0.4179429E+03  0.1394374E+02 -0.6485895E+03  0.7147987E+01 -0.1711849E+03  0.2779962E+01 -0.5325391E+03  0.2952228E+01 -0.1183789E+03  0.6721371E+01 -0.3886442E+01  0.1212434E+01 -0.5242276E+01  0.1549128E+01 -0.1618120E+03  0.1909554E+01 -0.5448845E+03  0.4295138E+01 -0.1674991E+03  0.2224680E+01 -0.1818251E+01  0.2609409E+01
  0.5650000E+00 -0.4225151E+03  0.2441904E+02  0.3857925E+03  0.1949622E+02 -0.6435238E+03  0.8846083E+01 -0.1678172E+03  0.2750957E+01 -0.5313837E+03  0.2427264E+01 -0.1144662E+03  0.7769210E+01 -0.3728499E+01  0.1037172E+01 -0.5016959E+01  0.1612883E+01 -0.1588272E+03  0.1483737E+01 -0.5436175E+03  0.3723070E+01 -0.1642749E+03  0.1852973E+01 -0.6036949E+00  0.2018178E+01
  0.5750000E+00 -0.4267961E+03  0.1853352E+02  0.3722731E+03  0.1529596E+02 -0.6374586E+03  0.8801582E+01 -0.1646034E+03  0.2376101E+01 -0.5292012E+03  0.3667889E+01 -0.1105778E+03  0.7443681E+01 -0.2998208E+01  0.8381055E+00 -0.4467207E+01  0.1435071E+01 -0.1569010E+03  0.1782118E+01 -0.5416172E+03  0.4101925E+01 -0.1624848E+03  0.2280962E+01 -0.5900175E+00  0.2319975E+01
  0.5850000E+00 -0.4333165E+03  0.1389443E+02  0.3571556E+03  0.1320129E+02 -0.6324612E+03  0.7942684E+01 -0.1609560E+03  0.2261269E+01 -0.5281025E+03  0.3068834E+01 -0.1066748E+03  0.7757806E+01 -0.3001418E+01  0.8867415E+00 -0.3719014E+01  0.1562561E+01 -0.1540047E+03  0.1765519E+01 -0.5413071E+03  0.4024462E+01 -0.1597622E+03  0.2155545E+01 -0.2157439E+00  0.2356513E+01
  0.5950000E+00 -0.4441451E+03  0.1974824E+02  0.3375222E+03  0.1483122E+02 -0.6263296E+03  0.8233247E+01 -0.1582234E+03  0.2183044E+01 -0.5258377E+03  0.2531214E+01 -0.1027978E+03  0.7284573E+01 -0.2961125E+01  0.1077403E+01 -0.3606115E+01  0.1194180E+01 -0.1514286E+03  0.1766701E+01 -0.5393541E+03  0.2835026E+01 -0.1573624E+03  0.2181575E+01 -0.3028119E+00  0.2140348E+01
  0.6050000E+00 -0.4532449E+03  0.1744468E+02  0.3204462E+03  0.1406471E+02 -0.6206050E+03  0.7089649E+01 -0.1559374E+03  0.2538174E+01 -0.5260887E+03  0.2941439E+01 -0.9682847E+02  0.6032216E+01 -0.2895816E+01  0.6188961E+00 -0.3341226E+01  0.1371556E+01 -0.1494746E+03  0.1834690E+01 -0.5396318E+03  0.3198687E+01 -0.1556837E+03  0.2167460E+01 -0.2835841E+00  0.2107456E+01
  0.6150000E+00 -0.4494880E+03  0.1954012E+02  0.3115830E+03  0.1743805E+02 -0.6105754E+03  0.7062097E+01 -0.1532873E+03  0.1937619E+01 -0.5223200E+03  0.2643574E+01 -0.9055310E+02  0.6319487E+01 -0.2844592E+01  0.9738013E+00 -0.3580958E+01  0.9530298E+00 -0.1466404E+03  0.1620161E+01 -0.5362581E+03  0.3529337E+01 -0.1526447E+03  0.2123632E+01  0.2688046E+00  0.2168782E+01
  0.6250000E+00 -0.4614283E+03  0.1920601E+02  0.2962745E+03  0.1704561E+02 -0.6090726E+03  0.6981924E+01 -0.1513995E+03  0.1935832E+01 -0.5219614E+03  0.2727723E+01 -0.8940696E+02  0.5884870E+01 -0.2769494E+01  0.8034201E+00 -0.3143620E+01  0.1376045E+01 -0.1452677E+03  0.1705047E+01 -0.5361855E+03  0.3701722E+01 -0.1514106E+03  0.2298619E+01  0.3465410E+00  0.1905197E+01
  0.6350000E+00 -0.4626961E+03  0.1520859E+02  0.2838750E+03  0.1059435E+02 -0.6008721E+03  0.7904673E+01 -0.1484141E+03  0.1912656E+01 -0.5184794E+03  0.3150050E+01 -0.8467682E+02  0.6878864E+01 -0.2487084E+01  0.1044107E+01 -0.3159271E+01  0.1228010E+01 -0.1425496E+03  0.1547591E+01 -0.5327327E+03  0.3730588E+01 -0.1488018E+03  0.2083738E+01  0.6783937E-03  0.2211470E+01
  0.6450000E+00 -0.4737746E+03  0.1336930E+02  0.2669908E+03  0.1377857E+02 -0.5976683E+03  0.5737901E+01 -0.1457752E+03  0.1888733E+01 -0.5170686E+03  0.3042198E+01 -0.8287821E+02  0.5219535E+01 -0.2217213E+01  0.8130299E+00 -0.2582180E+01  0.1171793E+01 -0.1407659E+03  0.1656994E+01 -0.5317443E+03  0.4306320E+01 -0.1472157E+03  0.2225183E+01 -0.5304431E-01  0.1987387E+01
  0.6550000E+00 -0.4720021E+03  0.1423652E+02  0.2583328E+03  0.9596674E+01 -0.5902267E+03  0.7285939E+01 -0.1427518E+03  0.1982769E+01 -0.5139008E+03  0.3260961E+01 -0.7859538E+02  0.6865183E+01 -0.2025208E+01  0.8873531E+00 -0.2218284E+01  0.1189598E+01 -0.1383024E+03  0.1717838E+01 -0.5288454E+03  0.4061912E+01 -0.1449206E+03  0.2136689E+01 -0.3004999E+00  0.2046563E+01
  0.6650000E+00 -0.4793520E+03  0.1890706E+02  0.2448131E+03  0.1350201E+02 -0.5857700E+03  0.9297397E+01 -0.1409961E+03  0.1965067E+01 -0.5122911E+03  0.3019273E+01 -0.7573750E+02  0.7800667E+01 -0.2149499E+01  0.8805507E+00 -0.1971955E+01  0.9979169E+00 -0.1366669E+03  0.1709184E+01 -0.5277816E+03  0.3927084E+01 -0.1434512E+03  0.2063923E+01 -0.7045792E-01  0.2110599E+01
  0.6750000E+00 -0.4808086E+03  0.1626271E+02  0.2325694E+03  0.1218546E+02 -0.5779346E+03  0.7927423E+01 -0.1380067E+03  0.2127743E+01 -0.5088953E+03  0.3632061E+01 -0.7128887E+02  0.6617601E+01 -0.1771413E+01  0.8333578E+00 -0.1832374E+01  0.1355882E+01 -0.1341998E+03  0.1543158E+01 -0.5240337E+03  0.4010904E+01 -0.1409603E+03  0.2016599E+01  0.1778720E+00  0.1948060E+01
  0.6850000E+00 -0.4860208E+03  0.1421977E+02  0.2225200E+03  0.1016448E+02 -0.5744352E+03  0.6318740E+01 -0.1366388E+03  0.2001392E+01 -0.5073484E+03  0.3215888E+01 -0.6933059E+02  0.5264233E+01 -0.1989665E+01  0.7949173E+00 -0.1827093E+01  0.1260339E+01 -0.1326242E+03  0.1611483E+01 -0.5230913E+03  0.4130000E+01 -0.1394927E+03  0.1944142E+01  0.1723796E+00  0.1548595E+01
  0.6950000E+00 -0.4822436E+03  0.1197765E+02  0.2168190E+03  0.8573870E+01 -0.5675245E+03  0.5818199E+01 -0.1340252E+03  0.1757866E+01 -0.5043216E+03  0.2997875E+01 -0.6543397E+02  0.5182713E+01 -0.1632152E+01  0.8278050E+00 -0.1509068E+01  0.1252385E+01 -0.1306857E+03  0.1583578E+01 -0.5200316E+03  0.3961349E+01 -0.1376144E+03  0.1878019E+01  0.2012919E+00  0.1954632E+01
  0.7050000E+00 -0.4884784E+03  0.1191373E+02  0.2024813E+03  0.9503420E+01 -0.5616124E+03  0.5179756E+01 -0.1317949E+03  0.1782952E+01 -0.5009363E+03  0.3284486E+01 -0.6289604E+02  0.5057668E+01 -0.1618073E+01  0.7351051E+00 -0.1449266E+01  0.1087916E+01 -0.1285351E+03  0.1556641E+01 -0.5171332E+03  0.4372721E+01 -0.1355152E+03  0.2032105E+01  0.3186784E+00  0.2065426E+01
  0.7150000E+00 -0.4918622E+03  0.1479722E+02  0.1920886E+03  0.1266106E+02 -0.5565668E+03  0.5444192E+01 -0.1297968E+03  0.1772916E+01 -0.4988338E+03  0.2391956E+01 -0.5994125E+02  0.4868036E+01 -0.1373363E+01  0.8507092E+00 -0.1327623E+01  0.1073848E+01 -0.1269056E+03  0.1518123E+01 -0.5155782E+03  0.3539746E+01 -0.1339743E+03  0.2015299E+01  0.2973661E+00  0.1344901E+01
  0.7250000E+00 -0.4945704E+03  0.1437402E+02  0.1817335E+03  0.1035975E+02 -0.5513790E+03  0.6269857E+01 -0.1273042E+03  0.1811557E+01 -0.4949625E+03  0.3255025E+01 -0.5860940E+02  0.5093181E+01 -0.1186000E+01  0.6969419E+00 -0.1116487E+01  0.1159018E+01 -0.1248133E+03  0.1432667E+01 -0.5119650E+03  0.4247143E+01 -0.1320174E+03  0.1847410E+01  0.2936066E+00  0.1673151E+01
  0.7350000E+00 -0.4869359E+03  0.1309157E+02  0.1792690E+03  0.9530299E+01 -0.5432169E+03  0.5734012E+01 -0.1253239E+03  0.1763597E+01 -0.4922410E+03  0.2935297E+01 -0.5315925E+02  0.5155031E+01 -0.1174703E+01  0.7469660E+00 -0.8523689E+00  0.9382088E+00 -0.1231138E+03  0.1607966E+01 -0.5092813E+03  0.3536417E+01 -0.1304048E+03  0.2092291E+01  0.6876544E+00  0.1883960E+01
  0.7450000E+00 -0.4903064E+03  0.1268013E+02  0.1687284E+03  0.8906054E+01 -0.5380561E+03  0.4717061E+01 -0.1232793E+03  0.1472797E+01 -0.4885627E+03  0.2543205E+01 -0.5166025E+02  0.4057625E+01 -0.1070025E+01  0.6453763E+00 -0.8701629E+00  0.1157690E+01 -0.1211563E+03  0.1439128E+01 -0.5062094E+03  0.3643797E+01 -0.1285664E+03  0.1849109E+01  0.1969365E+00  0.1732541E+01
  0.7550000E+00 -0.4977529E+03  0.1050599E+02  0.1578623E+03  0.9655177E+01 -0.5356491E+03  0.4904726E+01 -0.1222545E+03  0.1724403E+01 -0.4876617E+03  0.2854805E+01 -0.5015133E+02  0.4497845E+01 -0.1108230E+01  0.7423456E+00 -0.8919413E+00  0.9559518E+00 -0.1200747E+03  0.1563342E+01 -0.5057547E+03  0.3993429E+01 -0.1274783E+03  0.1838107E+01  0.4899581E+00  0.1474316E+01
  0.7650000E+00 -0.4928418E+03  0.9735860E+01  0.1520104E+03  0.8693456E+01 -0.5276425E+03  0.3853574E+01 -0.1194510E+03  0.1677713E+01 -0.4822462E+03  0.2880574E+01 -0.4753779E+02  0.3598016E+01 -0.9810646E+00  0.7733423E+00 -0.4666337E+00  0.1139754E+01 -0.1178279E+03  0.1742198E+01 -0.5007777E+03  0.3853235E+01 -0.1251940E+03  0.2092762E+01  0.5424661E+00  0.1661868E+01
  0.7750000E+00 -0.4946805E+03  0.1016476E+02  0.1447914E+03  0.8616565E+01 -0.5235083E+03  0.5261206E+01 -0.1181758E+03  0.1579210E+01 -0.4801780E+03  0.3030584E+01 -0.4546379E+02  0.5279988E+01 -0.9094837E+00  0.8274541E+00 -0.4802000E+00  0.9590021E+00 -0.1166090E+03  0.1387375E+01 -0.4989383E+03  0.4253446E+01 -0.1240965E+03  0.1802028E+01  0.4575330E+00  0.1557561E+01
  0.7850000E+00 -0.4922679E+03  0.1294329E+02  0.1377545E+03  0.1105592E+02 -0.5164348E+03  0.5580865E+01 -0.1157662E+03  0.1648635E+01 -0.4763047E+03  0.2735613E+01 -0.4224776E+02  0.4615761E+01 -0.5840012E+00  0.7445832E+00 -0.4812846E+00  0.9502548E+00 -0.1145291E+03  0.1236780E+01 -0.4955324E+03  0.3959847E+01 -0.1221230E+03  0.1648045E+01  0.5375262E+00  0.1410763E+01
  0.7950000E+00 -0.4880046E+03  0.1226853E+02  0.1348241E+03  0.9666659E+01 -0.5108944E+03  0.6497333E+01 -0.1140810E+03  0.2051135E+01 -0.4735848E+03  0.2836584E+01 -0.3941771E+02  0.5681757E+01 -0.7045659E+00  0.6437905E+00 -0.1428049E+00  0.8752738E+00 -0.1130631E+03  0.1407852E+01 -0.4933298E+03  0.4001186E+01 -0.1206100E+03  0.1620490E+01  0.7880388E+00  0.1681065E+01
  0.8050000E+00 -0.4916660E+03  0.9305583E+01  0.1261956E+03  0.8435765E+01 -0.5075669E+03  0.3843832E+01 -0.1124150E+03  0.2208025E+01 -0.4701654E+03  0.2692775E+01 -0.3949170E+02  0.3100793E+01 -0.5883967E+00  0.9961075E+00 -0.2512836E+00  0.1098488E+01 -0.1114094E+03  0.1429797E+01 -0.4900185E+03  0.3400485E+01 -0.1190676E+03  0.1750569E+01  0.1006642E+01  0.1722866E+01
  0.8150000E+00 -0.4897333E+03  0.1022669E+02  0.1202688E+03  0.9772798E+01 -0.5010200E+03  0.4414943E+01 -0.1110765E+03  0.1958315E+01 -0.4671144E+03  0.2905720E+01 -0.3598573E+02  0.3755552E+01 -0.7275275E+00  0.7906374E+00 -0.3841422E+00  0.1049939E+01 -0.1097989E+03  0.1226338E+01 -0.4876514E+03  0.4087634E+01 -0.1174759E+03  0.1564589E+01  0.7161042E+00  0.1670105E+01
  0.8250000E+00 -0.4879989E+03  0.9515432E+01  0.1166213E+03  0.7360432E+01 -0.4970045E+03  0.4384415E+01 -0.1096848E+03  0.1483239E+01 -0.4646668E+03  0.2711027E+01 -0.3440762E+02  0.3970179E+01 -0.6857108E+00  0.6679044E+00 -0.2551771E+00  0.1120292E+01 -0.1085815E+03  0.1432521E+01 -0.4858489E+03  0.3390877E+01 -0.1163691E+03  0.1537811E+01  0.8001593E+00  0.1281027E+01
  0.8350000E+00 -0.4861136E+03  0.1155313E+02  0.1104489E+03  0.9176954E+01 -0.4906408E+03  0.4733975E+01 -0.1079561E+03  0.1710889E+01 -0.4606825E+03  0.2726910E+01 -0.3201092E+02  0.4551490E+01 -0.6129487E+00  0.7280203E+00 -0.1563619E+00  0.1113175E+01 -0.1070258E+03  0.1481693E+01 -0.4821010E+03  0.3611256E+01 -0.1149167E+03  0.1787440E+01  0.9478938E-01  0.1642383E+01
  0.8450000E+00 -0.4895713E+03  0.9345625E+01  0.1026495E+03  0.8666988E+01 -0.4876210E+03  0.5251468E+01 -0.1066178E+03  0.1374586E+01 -0.4584160E+03  0.2491311E+01 -0.3124791E+02  0.4950287E+01 -0.5721706E+00  0.6077371E+00 -0.3030590E+00  0.9638197E+00 -0.1055864E+03  0.1471373E+01 -0.4803504E+03  0.3915748E+01 -0.1135708E+03  0.1852201E+01  0.4537048E+00  0.1804531E+01
  0.8550000E+00 -0.4858468E+03  0.1189818E+02  0.9888401E+02  0.1015676E+02 -0.4819430E+03  0.6341899E+01 -0.1047772E+03  0.1380723E+01 -0.4543924E+03  0.2251404E+01 -0.2957545E+02  0.5551196E+01 -0.7637132E+00  0.5643594E+00 -0.6632139E-01  0.8631872E+00 -0.1037948E+03  0.1597959E+01 -0.4766071E+03  0.3634932E+01 -0.1118454E+03  0.1787175E+01  0.4146442E+00  0.1642958E+01
  0.8650000E+00 -0.4830978E+03  0.1051984E+02  0.9589494E+02  0.8380425E+01 -0.4775345E+03  0.4795398E+01 -0.1034186E+03  0.1520560E+01 -0.4519193E+03  0.2538833E+01 -0.2763128E+02  0.4270740E+01 -0.4750353E+00  0.5810552E+00  0.4905230E-01  0.9767429E+00 -0.1028386E+03  0.1224201E+01 -0.4742694E+03  0.3813152E+01 -0.1108816E+03  0.1569586E+01  0.7559773E+00  0.1361895E+01
  0.8750000E+00 -0.4829898E+03  0.1129945E+02  0.8850384E+02  0.7675157E+01 -0.4719751E+03  0.5235089E+01 -0.1014470E+03  0.1641976E+01 -0.4480563E+03  0.2542480E+01 -0.2591926E+02  0.5284038E+01 -0.5167144E+00  0.6881818E+00  0.1623255E+00  0.1037475E+01 -0.1009408E+03  0.1399602E+01 -0.4709306E+03  0.3493562E+01 -0.1090574E+03  0.1862635E+01  0.7460382E+00  0.1703631E+01
  0.8850000E+00 -0.4791523E+03  0.1121456E+02  0.8704314E+02  0.8020027E+01 -0.4675813E+03  0.5305402E+01 -0.1005266E+03  0.1493411E+01 -0.4451971E+03  0.2554568E+01 -0.2437071E+02  0.4561917E+01 -0.3805128E+00  0.6422924E+00  0.3615945E+00  0.8275265E+00 -0.1003577E+03  0.1272215E+01 -0.4681799E+03  0.3896604E+01 -0.1086545E+03  0.1570804E+01  0.1194204E+00  0.1186217E+01
  0.8950000E+00 -0.4757346E+03  0.8647951E+01  0.8528056E+02  0.6888285E+01 -0.4636444E+03  0.4449187E+01 -0.9926527E+02  0.1770437E+01 -0.4418687E+03  0.2836891E+01 -0.2374831E+02  0.3208707E+01 -0.5154661E+00  0.6264242E+00 -0.1255114E+00  0.9540748E+00 -0.9847783E+02  0.1468593E+01 -0.4655863E+03  0.3965667E+01 -0.1067290E+03  0.1707995E+01  0.6430822E+00  0.1839536E+01
  0.9050000E+00 -0.4791692E+03  0.1061720E+02  0.7644290E+02  0.8157303E+01 -0.4601045E+03  0.4708364E+01 -0.9737189E+02  0.1488607E+01 -0.4385070E+03  0.2783367E+01 -0.2355543E+02  0.3845816E+01 -0.1615287E+00  0.5557467E+00  0.3169010E+00  0.8799742E+00 -0.9737950E+02  0.1212220E+01 -0.4624045E+03  0.3720343E+01 -0.1056320E+03  0.1423178E+01  0.6088564E+00  0.1743571E+01
  0.9150000E+00 -0.4761830E+03  0.9923117E+01  0.7364748E+02  0.7819536E+01 -0.4555173E+03  0.4488963E+01 -0.9615860E+02  0.1581282E+01 -0.4355750E+03  0.2795736E+01 -0.2188824E+02  0.3985633E+01 -0.2408414E+00  0.5989933E+00  0.1582411E+00  0.9166711E+00 -0.9593250E+02  0.1337641E+01 -0.4602929E+03  0.3513205E+01 -0.1044345E+03  0.1530898E+01  0.3924338E+00  0.1725467E+01
  0.9250000E+00 -0.4722509E+03  0.9541541E+01  0.7192694E+02  0.7639547E+01 -0.4507575E+03  0.4281882E+01 -0.9524454E+02  0.1373670E+01 -0.4322671E+03  0.2358676E+01 -0.2042011E+02  0.4561018E+01 -0.3129496E+00  0.4870945E+00 -0.2793734E-01  0.8484602E+00 -0.9476168E+02  0.1234352E+01 -0.4570269E+03  0.3063173E+01 -0.1032331E+03  0.1371770E+01  0.6237823E+00  0.1535179E+01
  0.9350000E+00 -0.4722890E+03  0.8290874E+01  0.6638725E+02  0.6694900E+01 -0.4464081E+03  0.3862517E+01 -0.9407086E+02  0.1470694E+01 -0.4292690E+03  0.2721701E+01 -0.1905709E+02  0.3587288E+01 -0.2920290E+00  0.5043248E+00 -0.3955523E-01  0.9738414E+00 -0.9360022E+02  0.1452518E+01 -0.4544781E+03  0.3545950E+01 -0.1021299E+03  0.1769208E+01  0.3880444E+00  0.1557264E+01
  0.9450000E+00 -0.4677911E+03  0.8554898E+01  0.6442244E+02  0.7853610E+01 -0.4419973E+03  0.4417501E+01 -0.9199129E+02  0.1465850E+01 -0.4254535E+03  0.2667845E+01 -0.1844645E+02  0.4276663E+01 -0.5466952E-02  0.5241215E+00  0.4803474E+00  0.9338203E+00 -0.9232712E+02  0.1323843E+01 -0.4509380E+03  0.3642481E+01 -0.1009255E+03  0.1561897E+01  0.2930370E+00  0.1552576E+01
  0.9550000E+00 -0.4668159E+03  0.7832710E+01  0.6208305E+02  0.7017952E+01 -0.4391210E+03  0.3982365E+01 -0.9154389E+02  0.1660771E+01 -0.4236285E+03  0.2846243E+01 -0.1738737E+02  0.3179193E+01 -0.2287712E+00  0.6370241E+00  0.2810082E+00  0.9121875E+00 -0.9145973E+02  0.1282850E+01 -0.4494290E+03  0.4007504E+01 -0.1001681E+03  0.1388592E+01  0.5860405E+00  0.1591514E+01
  0.9650000E+00 -0.4611022E+03  0.9577594E+01  0.6021538E+02  0.8591981E+01 -0.4333394E+03  0.4047666E+01 -0.8970822E+02  0.1338881E+01 -0.4195878E+03  0.2269672E+01 -0.1562758E+02  0.3381991E+01 -0.1731762E+00  0.5831537E+00  0.4569077E+00  0.7487037E+00 -0.8985392E+02  0.1238571E+01 -0.4463164E+03  0.3503798E+01 -0.9863546E+02  0.1276904E+01  0.3318701E+00  0.1524256E+01
  0.9750000E+00 -0.4569727E+03  0.1045269E+02  0.5868066E+02  0.7058003E+01 -0.4287869E+03  0.5206082E+01 -0.8857870E+02  0.1550113E+01 -0.4164846E+03  0.2400773E+01 -0.1416577E+02  0.4862044E+01 -0.9325830E-01  0.5221748E+00  0.4560268E+00  0.7975414E+00 -0.8880890E+02  0.1348208E+01 -0.4434419E+03  0.3492445E+01 -0.9759677E+02  0.1489667E+01  0.2862181E+00  0.1894109E+01
  0.9850000E+00 -0.4560478E+03  0.8507053E+01  0.5606493E+02  0.7366623E+01 -0.4264263E+03  0.4844872E+01 -0.8738668E+02  0.1392914E+01 -0.4134853E+03  0.2332012E+01 -0.1478951E+02  0.3766477E+01  0.1398768E-01  0.6169513E+00  0.3990346E+00  0.6916667E+00 -0.8766725E+02  0.1140597E+01 -0.4410329E+03  0.3332543E+01 -0.9646531E+02  0.1461340E+01  0.2565123E+00  0.1710640E+01
  0.9950000E+00 -0.4536075E+03  0.7631577E+01  0.5226669E+02  0.5571480E+01 -0.4209212E+03  0.3873830E+01 -0.8662772E+02  0.1361329E+01 -0.4113234E+03  0.2349907E+01 -0.1143885E+02  0.3288239E+01 -0.1027047E+00  0.5878025E+00  0.3740880E+00  0.7861526E+00 -0.8676845E+02  0.1232128E+01 -0.4390279E+03  0.3283812E+01 -0.9570632E+02  0.1533921E+01  0.4427292E+00  0.1346687E+01
