  0.5000022E-02  0.5719324E+05  0.1447752E+05  0.0000000E+00  0.0000000E+00  0.7443572E+05  0.1734610E+05  0.7866419E+05  0.3279818E+05  0.1066975E+06  0.3116634E+05
  0.1500002E-01  0.7448587E+05  0.1353810E+05  0.7776082E+05  0.1285518E+05  0.9204155E+05  0.1681737E+05  0.1020575E+06  0.1675940E+05  0.1210085E+06  0.1376263E+05
  0.2500002E-01  0.6970934E+05  0.5573955E+04  0.6933565E+05  0.4134851E+04  0.7980134E+05  0.5644959E+04  0.9330384E+05  0.8628456E+04  0.1074664E+06  0.7827460E+04
  0.3500002E-01  0.5203332E+05  0.2949109E+04  0.5339052E+05  0.3917269E+04  0.6025647E+05  0.4099198E+04  0.6991147E+05  0.3720216E+04  0.8078564E+05  0.4372205E+04
  0.4500002E-01  0.4015897E+05  0.1736551E+04  0.4234725E+05  0.2439133E+04  0.4653012E+05  0.2055043E+04  0.5428505E+05  0.3343250E+04  0.6250211E+05  0.2750464E+04
  0.5500002E-01  0.3399459E+05  0.1580980E+04  0.3607262E+05  0.1311246E+04  0.3982507E+05  0.1594078E+04  0.4567417E+05  0.1994622E+04  0.5322349E+05  0.2133330E+04
  0.6500002E-01  0.3098485E+05  0.9222405E+03  0.3234356E+05  0.1227545E+04  0.3558516E+05  0.1048295E+04  0.4043249E+05  0.1634841E+04  0.4725958E+05  0.1269489E+04
  0.7500002E-01  0.2613553E+05  0.7532323E+03  0.2744103E+05  0.6358008E+03  0.3005394E+05  0.1085998E+04  0.3386237E+05  0.1026671E+04  0.4018619E+05  0.1326455E+04
  0.8500002E-01  0.2180827E+05  0.6883764E+03  0.2247601E+05  0.7946244E+03  0.2436709E+05  0.5852697E+03  0.2774132E+05  0.6603183E+03  0.3297868E+05  0.1000778E+04
  0.9500002E-01  0.1779946E+05  0.4652551E+03  0.1851284E+05  0.7202709E+03  0.2010707E+05  0.4815375E+03  0.2304665E+05  0.5820123E+03  0.2714991E+05  0.8211828E+03
  0.1050000E+00  0.1574039E+05  0.4128947E+03  0.1636590E+05  0.4874616E+03  0.1772272E+05  0.3792388E+03  0.1998526E+05  0.4570283E+03  0.2399210E+05  0.4271800E+03
  0.1150000E+00  0.1438121E+05  0.3693952E+03  0.1496830E+05  0.4014493E+03  0.1612839E+05  0.3997593E+03  0.1824939E+05  0.3488627E+03  0.2149490E+05  0.4337285E+03
  0.1250000E+00  0.1345164E+05  0.2891514E+03  0.1386635E+05  0.3495172E+03  0.1500875E+05  0.2612346E+03  0.1677089E+05  0.3671397E+03  0.1960272E+05  0.4885022E+03
  0.1350000E+00  0.1205509E+05  0.2703816E+03  0.1252013E+05  0.2701238E+03  0.1339890E+05  0.2565018E+03  0.1489659E+05  0.3084675E+03  0.1749190E+05  0.4056110E+03
  0.1450000E+00  0.1070669E+05  0.2262244E+03  0.1104247E+05  0.2305770E+03  0.1178861E+05  0.2666294E+03  0.1316791E+05  0.2827386E+03  0.1551394E+05  0.3098943E+03
  0.1550000E+00  0.9576879E+04  0.1596853E+03  0.9865382E+04  0.1498781E+03  0.1054159E+05  0.1553572E+03  0.1183010E+05  0.2023858E+03  0.1387799E+05  0.2609011E+03
  0.1650000E+00  0.8794276E+04  0.1685573E+03  0.9049861E+04  0.1516936E+03  0.9615859E+04  0.1548192E+03  0.1070033E+05  0.1679519E+03  0.1262367E+05  0.2315219E+03
  0.1750000E+00  0.8170150E+04  0.1332117E+03  0.8430915E+04  0.1740557E+03  0.8919950E+04  0.1300170E+03  0.9873398E+04  0.1811457E+03  0.1150606E+05  0.1850028E+03
  0.1850000E+00  0.7760411E+04  0.1444813E+03  0.7878223E+04  0.1277638E+03  0.8355016E+04  0.1511573E+03  0.9091987E+04  0.1690171E+03  0.1068464E+05  0.1625132E+03
  0.1950000E+00  0.7221289E+04  0.1308664E+03  0.7347768E+04  0.9087762E+02  0.7665038E+04  0.1168017E+03  0.8406651E+04  0.1475884E+03  0.9769705E+04  0.1241694E+03
  0.2050000E+00  0.6759396E+04  0.1043071E+03  0.6815111E+04  0.9659692E+02  0.7080097E+04  0.8904109E+02  0.7730066E+04  0.1044641E+03  0.9084754E+04  0.1386074E+03
  0.2150000E+00  0.6277011E+04  0.1022328E+03  0.6326018E+04  0.7939948E+02  0.6539099E+04  0.9839740E+02  0.7113950E+04  0.7319451E+02  0.8354640E+04  0.1396930E+03
  0.2250000E+00  0.5915189E+04  0.9710708E+02  0.5892034E+04  0.7476184E+02  0.6082524E+04  0.1096148E+03  0.6618090E+04  0.1071040E+03  0.7691039E+04  0.1012951E+03
  0.2350000E+00  0.5635903E+04  0.8475893E+02  0.5595599E+04  0.7545728E+02  0.5724401E+04  0.8892079E+02  0.6145387E+04  0.1076249E+03  0.7184057E+04  0.1173942E+03
  0.2450000E+00  0.5333236E+04  0.8651722E+02  0.5271863E+04  0.8768183E+02  0.5353351E+04  0.7436172E+02  0.5759956E+04  0.8820577E+02  0.6711932E+04  0.1165025E+03
  0.2550000E+00  0.5074654E+04  0.8769621E+02  0.5021757E+04  0.7144415E+02  0.5048214E+04  0.8214278E+02  0.5392779E+04  0.8305257E+02  0.6267116E+04  0.8205886E+02
  0.2650000E+00  0.4820342E+04  0.5166717E+02  0.4742480E+04  0.6316179E+02  0.4730487E+04  0.7397928E+02  0.5027043E+04  0.7112216E+02  0.5856742E+04  0.7771358E+02
  0.2750000E+00  0.4591895E+04  0.6411628E+02  0.4469779E+04  0.7691251E+02  0.4440452E+04  0.5554066E+02  0.4704627E+04  0.7420850E+02  0.5482019E+04  0.6422626E+02
  0.2850000E+00  0.4383505E+04  0.6739236E+02  0.4226973E+04  0.4936879E+02  0.4183773E+04  0.7552677E+02  0.4417563E+04  0.6410088E+02  0.5139770E+04  0.6877411E+02
  0.2950000E+00  0.4201279E+04  0.5496136E+02  0.4042607E+04  0.5099948E+02  0.3982842E+04  0.5455789E+02  0.4155131E+04  0.5231691E+02  0.4832629E+04  0.6491887E+02
  0.3050000E+00  0.4059517E+04  0.5827880E+02  0.3863473E+04  0.5939312E+02  0.3765204E+04  0.5115320E+02  0.3920359E+04  0.5328740E+02  0.4577411E+04  0.6045581E+02
  0.3150000E+00  0.3872483E+04  0.5850122E+02  0.3698450E+04  0.5233505E+02  0.3546586E+04  0.5082515E+02  0.3691800E+04  0.4855608E+02  0.4296638E+04  0.5820985E+02
  0.3250000E+00  0.3729652E+04  0.4353692E+02  0.3512458E+04  0.4454299E+02  0.3362626E+04  0.4497728E+02  0.3488833E+04  0.4333513E+02  0.4066471E+04  0.4867585E+02
  0.3350000E+00  0.3581925E+04  0.3500017E+02  0.3352587E+04  0.4372137E+02  0.3196339E+04  0.4518137E+02  0.3282243E+04  0.4141790E+02  0.3831783E+04  0.4709313E+02
  0.3450000E+00  0.3463952E+04  0.4124921E+02  0.3226583E+04  0.3863372E+02  0.3025693E+04  0.5416238E+02  0.3124957E+04  0.4154059E+02  0.3628152E+04  0.4421498E+02
  0.3550000E+00  0.3334202E+04  0.4464075E+02  0.3073857E+04  0.4256981E+02  0.2867084E+04  0.4132473E+02  0.2945906E+04  0.3824235E+02  0.3425205E+04  0.3430884E+02
  0.3650000E+00  0.3204074E+04  0.3982147E+02  0.2945924E+04  0.2556572E+02  0.2746010E+04  0.3749278E+02  0.2779259E+04  0.3970013E+02  0.3230968E+04  0.4000219E+02
  0.3750000E+00  0.3115158E+04  0.2906162E+02  0.2841634E+04  0.3645454E+02  0.2598447E+04  0.3109379E+02  0.2639528E+04  0.3814522E+02  0.3078741E+04  0.4408312E+02
  0.3850000E+00  0.3014359E+04  0.2941721E+02  0.2717337E+04  0.3711033E+02  0.2486351E+04  0.2738766E+02  0.2502058E+04  0.3659610E+02  0.2914246E+04  0.3847744E+02
  0.3950000E+00  0.2906942E+04  0.3300728E+02  0.2623062E+04  0.3286790E+02  0.2373883E+04  0.3836131E+02  0.2381376E+04  0.3095744E+02  0.2752025E+04  0.4005392E+02
  0.4050000E+00  0.2828102E+04  0.3438426E+02  0.2516638E+04  0.3380286E+02  0.2266499E+04  0.2761593E+02  0.2255387E+04  0.2427950E+02  0.2633584E+04  0.2721698E+02
  0.4150000E+00  0.2751091E+04  0.3365781E+02  0.2410877E+04  0.2672844E+02  0.2150999E+04  0.2431023E+02  0.2137358E+04  0.3447084E+02  0.2502401E+04  0.3171855E+02
  0.4250000E+00  0.2677764E+04  0.3002346E+02  0.2327048E+04  0.3071519E+02  0.2057610E+04  0.2891807E+02  0.2040849E+04  0.2872087E+02  0.2373611E+04  0.3194057E+02
  0.4350000E+00  0.2603832E+04  0.2275164E+02  0.2244997E+04  0.2922398E+02  0.1959648E+04  0.2935892E+02  0.1939291E+04  0.2927069E+02  0.2259584E+04  0.2364839E+02
  0.4450000E+00  0.2520816E+04  0.2949498E+02  0.2157650E+04  0.3087126E+02  0.1882535E+04  0.2703237E+02  0.1850635E+04  0.3126231E+02  0.2150342E+04  0.2808520E+02
  0.4550000E+00  0.2446666E+04  0.2597674E+02  0.2084407E+04  0.2242907E+02  0.1790038E+04  0.2511619E+02  0.1759021E+04  0.2224005E+02  0.2047465E+04  0.2517968E+02
  0.4650000E+00  0.2405352E+04  0.2359071E+02  0.2023717E+04  0.2435296E+02  0.1713873E+04  0.3135910E+02  0.1682865E+04  0.2265098E+02  0.1964689E+04  0.2533966E+02
  0.4750000E+00  0.2343970E+04  0.2720954E+02  0.1950158E+04  0.2359820E+02  0.1638633E+04  0.2259110E+02  0.1599982E+04  0.2191347E+02  0.1871027E+04  0.2106847E+02
  0.4850000E+00  0.2278975E+04  0.2409857E+02  0.1875042E+04  0.2177213E+02  0.1567970E+04  0.2339444E+02  0.1521528E+04  0.2850094E+02  0.1787322E+04  0.2146344E+02
  0.4950000E+00  0.2214592E+04  0.2424159E+02  0.1810751E+04  0.2210906E+02  0.1509037E+04  0.1700755E+02  0.1455368E+04  0.2325923E+02  0.1699667E+04  0.1755392E+02
  0.5050000E+00  0.2177453E+04  0.2705726E+02  0.1768772E+04  0.2250293E+02  0.1446226E+04  0.1933393E+02  0.1389042E+04  0.1812810E+02  0.1627176E+04  0.1688188E+02
  0.5150000E+00  0.2116857E+04  0.2426777E+02  0.1701638E+04  0.1975717E+02  0.1376090E+04  0.1776800E+02  0.1321791E+04  0.1575470E+02  0.1554995E+04  0.2000683E+02
  0.5250000E+00  0.2067539E+04  0.2281517E+02  0.1643240E+04  0.1497741E+02  0.1316039E+04  0.2142629E+02  0.1263577E+04  0.1782684E+02  0.1485852E+04  0.2021912E+02
  0.5350000E+00  0.2020579E+04  0.2126171E+02  0.1586387E+04  0.1928643E+02  0.1270550E+04  0.1955859E+02  0.1209079E+04  0.1890188E+02  0.1421636E+04  0.2074535E+02
  0.5450000E+00  0.1986267E+04  0.2448585E+02  0.1539053E+04  0.2284936E+02  0.1221924E+04  0.1840036E+02  0.1154896E+04  0.1790938E+02  0.1360993E+04  0.2063790E+02
  0.5550000E+00  0.1941042E+04  0.2000484E+02  0.1489621E+04  0.1548736E+02  0.1167241E+04  0.2161155E+02  0.1103949E+04  0.1927600E+02  0.1308348E+04  0.1795905E+02
  0.5650000E+00  0.1907251E+04  0.1716572E+02  0.1451482E+04  0.2224907E+02  0.1121083E+04  0.1904043E+02  0.1048393E+04  0.1941296E+02  0.1241530E+04  0.1916947E+02
  0.5750000E+00  0.1864297E+04  0.2065723E+02  0.1402997E+04  0.2041207E+02  0.1077896E+04  0.1650313E+02  0.1010763E+04  0.1597960E+02  0.1192866E+04  0.2082313E+02
  0.5850000E+00  0.1825969E+04  0.1742866E+02  0.1365538E+04  0.1462015E+02  0.1027952E+04  0.1462521E+02  0.9602591E+03  0.1570535E+02  0.1144230E+04  0.1544636E+02
  0.5950000E+00  0.1787954E+04  0.1654854E+02  0.1320258E+04  0.2565913E+02  0.9896374E+03  0.1417973E+02  0.9205405E+03  0.1711397E+02  0.1091808E+04  0.1895871E+02
  0.6050000E+00  0.1759109E+04  0.1863613E+02  0.1278198E+04  0.1752571E+02  0.9479220E+03  0.1653074E+02  0.8817278E+03  0.1471237E+02  0.1044617E+04  0.1541822E+02
  0.6150000E+00  0.1718068E+04  0.2102870E+02  0.1236891E+04  0.1973235E+02  0.9125007E+03  0.1299303E+02  0.8351501E+03  0.1088627E+02  0.1011403E+04  0.1744248E+02
  0.6250000E+00  0.1692784E+04  0.2115096E+02  0.1203970E+04  0.1687802E+02  0.8759109E+03  0.1433646E+02  0.8038108E+03  0.1559968E+02  0.9666352E+03  0.1495546E+02
  0.6350000E+00  0.1655655E+04  0.2174717E+02  0.1161063E+04  0.1480398E+02  0.8390117E+03  0.1336873E+02  0.7690316E+03  0.1339955E+02  0.9257141E+03  0.1447430E+02
  0.6450000E+00  0.1627419E+04  0.1626034E+02  0.1136142E+04  0.1252905E+02  0.8108030E+03  0.1484865E+02  0.7358423E+03  0.1251910E+02  0.8833565E+03  0.1391523E+02
  0.6550000E+00  0.1588537E+04  0.1786577E+02  0.1100032E+04  0.1324729E+02  0.7692705E+03  0.1489359E+02  0.7034707E+03  0.1500589E+02  0.8485581E+03  0.1151910E+02
  0.6650000E+00  0.1571564E+04  0.1745550E+02  0.1070505E+04  0.1669436E+02  0.7430358E+03  0.1528184E+02  0.6748270E+03  0.1087577E+02  0.8172734E+03  0.1672890E+02
  0.6750000E+00  0.1543471E+04  0.2260222E+02  0.1032174E+04  0.1162359E+02  0.7117175E+03  0.1134241E+02  0.6413993E+03  0.1404169E+02  0.7853117E+03  0.1442639E+02
  0.6850000E+00  0.1518085E+04  0.1540076E+02  0.1008480E+04  0.1522353E+02  0.6852520E+03  0.1613105E+02  0.6131980E+03  0.1212172E+02  0.7530897E+03  0.1466924E+02
  0.6950000E+00  0.1486588E+04  0.1710634E+02  0.9762740E+03  0.1575226E+02  0.6583721E+03  0.1539167E+02  0.5899234E+03  0.1273685E+02  0.7257393E+03  0.1199208E+02
  0.7050000E+00  0.1466156E+04  0.1524497E+02  0.9515101E+03  0.1312987E+02  0.6360231E+03  0.1171450E+02  0.5656953E+03  0.1280853E+02  0.6951164E+03  0.1293357E+02
  0.7150000E+00  0.1448789E+04  0.1552348E+02  0.9180907E+03  0.1405153E+02  0.6063626E+03  0.1149704E+02  0.5380099E+03  0.1128185E+02  0.6696351E+03  0.1295194E+02
  0.7250000E+00  0.1427222E+04  0.1533599E+02  0.8998595E+03  0.1167683E+02  0.5862993E+03  0.1236718E+02  0.5207701E+03  0.1652429E+02  0.6406023E+03  0.1373163E+02
  0.7350000E+00  0.1393875E+04  0.1311401E+02  0.8665023E+03  0.1208954E+02  0.5647274E+03  0.1179810E+02  0.4940316E+03  0.1311492E+02  0.6195660E+03  0.1282952E+02
  0.7450000E+00  0.1375543E+04  0.1681208E+02  0.8463486E+03  0.1159993E+02  0.5393099E+03  0.8946874E+01  0.4750761E+03  0.9370324E+01  0.5930081E+03  0.1060209E+02
  0.7550000E+00  0.1358295E+04  0.1629979E+02  0.8273161E+03  0.1259251E+02  0.5165522E+03  0.1130155E+02  0.4508278E+03  0.1069200E+02  0.5693476E+03  0.1034649E+02
  0.7650000E+00  0.1338117E+04  0.1228454E+02  0.8023735E+03  0.1153304E+02  0.5003964E+03  0.1166173E+02  0.4339022E+03  0.1092222E+02  0.5504438E+03  0.9703723E+01
  0.7750000E+00  0.1315082E+04  0.1545864E+02  0.7793602E+03  0.1531895E+02  0.4777215E+03  0.1117108E+02  0.4168251E+03  0.1122404E+02  0.5254553E+03  0.1136804E+02
  0.7850000E+00  0.1293006E+04  0.1847403E+02  0.7584375E+03  0.9248666E+01  0.4595163E+03  0.1175816E+02  0.3961243E+03  0.1027940E+02  0.5074941E+03  0.1090590E+02
  0.7950000E+00  0.1275172E+04  0.1450316E+02  0.7356349E+03  0.1014754E+02  0.4379128E+03  0.1170217E+02  0.3833002E+03  0.9628017E+01  0.4914714E+03  0.1104298E+02
  0.8050000E+00  0.1262385E+04  0.1294296E+02  0.7162942E+03  0.1042045E+02  0.4215675E+03  0.1190871E+02  0.3643789E+03  0.1369287E+02  0.4707563E+03  0.9566858E+01
  0.8150000E+00  0.1247003E+04  0.1302295E+02  0.6991550E+03  0.1051244E+02  0.4070674E+03  0.1108873E+02  0.3495640E+03  0.1056057E+02  0.4559038E+03  0.1113369E+02
  0.8250000E+00  0.1225408E+04  0.1483886E+02  0.6781723E+03  0.1049204E+02  0.3894809E+03  0.1210760E+02  0.3350971E+03  0.1057006E+02  0.4380339E+03  0.1016440E+02
  0.8350000E+00  0.1210721E+04  0.1259578E+02  0.6589117E+03  0.9574583E+01  0.3752181E+03  0.1054017E+02  0.3198278E+03  0.1011630E+02  0.4220521E+03  0.1073653E+02
  0.8450000E+00  0.1193724E+04  0.1182080E+02  0.6463084E+03  0.1117489E+02  0.3587790E+03  0.8602437E+01  0.3030869E+03  0.8080833E+01  0.4046229E+03  0.1004429E+02
  0.8550000E+00  0.1182806E+04  0.1442797E+02  0.6279827E+03  0.1169773E+02  0.3450940E+03  0.8222743E+01  0.2962669E+03  0.1153000E+02  0.3907675E+03  0.1145068E+02
  0.8650000E+00  0.1162516E+04  0.1155302E+02  0.6100381E+03  0.1058561E+02  0.3320235E+03  0.8895807E+01  0.2791376E+03  0.9683827E+01  0.3797202E+03  0.9214224E+01
  0.8750000E+00  0.1148196E+04  0.1061286E+02  0.5920904E+03  0.1094632E+02  0.3181793E+03  0.8772706E+01  0.2682038E+03  0.8249700E+01  0.3602744E+03  0.9711549E+01
  0.8850000E+00  0.1135398E+04  0.1216751E+02  0.5792922E+03  0.9709356E+01  0.3051077E+03  0.9701894E+01  0.2554055E+03  0.1087271E+02  0.3538841E+03  0.9091930E+01
  0.8950000E+00  0.1118573E+04  0.8835675E+01  0.5618367E+03  0.9859458E+01  0.2938774E+03  0.8852360E+01  0.2455285E+03  0.8172625E+01  0.3386328E+03  0.7436607E+01
  0.9050000E+00  0.1109167E+04  0.1293453E+02  0.5483359E+03  0.9154910E+01  0.2835492E+03  0.8869584E+01  0.2330714E+03  0.7333862E+01  0.3249602E+03  0.9144661E+01
  0.9150000E+00  0.1097097E+04  0.9278297E+01  0.5375563E+03  0.1030675E+02  0.2725877E+03  0.1129401E+02  0.2267994E+03  0.5950862E+01  0.3143165E+03  0.9745504E+01
  0.9250000E+00  0.1082459E+04  0.1442973E+02  0.5221209E+03  0.8174265E+01  0.2609766E+03  0.1043901E+02  0.2137428E+03  0.9235067E+01  0.3066464E+03  0.8552348E+01
  0.9350000E+00  0.1074136E+04  0.8168701E+01  0.5121625E+03  0.9866338E+01  0.2478402E+03  0.7890342E+01  0.2093326E+03  0.8281608E+01  0.2930579E+03  0.9610536E+01
  0.9450000E+00  0.1057886E+04  0.9195336E+01  0.4962003E+03  0.6265103E+01  0.2403631E+03  0.7671199E+01  0.1955393E+03  0.8037860E+01  0.2854469E+03  0.7876401E+01
  0.9550000E+00  0.1049170E+04  0.1011317E+02  0.4849879E+03  0.1012174E+02  0.2315391E+03  0.1082578E+02  0.1897488E+03  0.8721495E+01  0.2755716E+03  0.6363703E+01
  0.9650000E+00  0.1033298E+04  0.1029225E+02  0.4720507E+03  0.9089299E+01  0.2209522E+03  0.9329279E+01  0.1813843E+03  0.8701252E+01  0.2676322E+03  0.7591074E+01
  0.9750000E+00  0.1024380E+04  0.1007217E+02  0.4622900E+03  0.1070420E+02  0.2109675E+03  0.7922509E+01  0.1716738E+03  0.8264338E+01  0.2633742E+03  0.9002167E+01
  0.9850000E+00  0.1012200E+04  0.7801847E+01  0.4504336E+03  0.8552282E+01  0.2038443E+03  0.8885107E+01  0.1662777E+03  0.9951075E+01  0.2523573E+03  0.8727726E+01
  0.9950000E+00  0.1004791E+04  0.1147881E+02  0.4410790E+03  0.8459032E+01  0.1991923E+03  0.8413308E+01  0.1591617E+03  0.7875273E+01  0.2460558E+03  0.8089928E+01
