1.000000000000000048e-04 5.306680075797445397e+02
1.018618757990636889e-04 5.401427745921008636e+02
1.037584174130386683e-04 5.497856312700592980e+02
1.056902702763435280e-04 5.595996787273940072e+02
1.076580918405837677e-04 5.695886784261919047e+02
1.096625517982972484e-04 5.797567811071801316e+02
1.117043323108654298e-04 5.901083165883984520e+02
1.137841282406671159e-04 6.006477378991604610e+02
1.159026473875555805e-04 6.113779743646329052e+02
1.180606107297385961e-04 6.223001088809015755e+02
1.202587526691423979e-04 6.334149318886919673e+02
1.224978212813448823e-04 6.447230047840956786e+02
1.247785785701625405e-04 6.562261066582633475e+02
1.271018007269759508e-04 6.679300003782544763e+02
1.294682783948856639e-04 6.798414959745255146e+02
1.318788169377844424e-04 6.919678491099509756e+02
1.343342367144404262e-04 7.043163058480744212e+02
1.368353733576835286e-04 7.168905945550533261e+02
1.393830780587886845e-04 7.296925353987301150e+02
1.419782178571551826e-04 7.427237535612794090e+02
1.446216759353794693e-04 7.559857058023535501e+02
1.473143519198206292e-04 7.694807922431064071e+02
1.500571621867631414e-04 7.832127403606506277e+02
1.528510401742802342e-04 7.971854061048246649e+02
1.556969366999022759e-04 8.114026959215987063e+02
1.585958202842011142e-04 8.258692544212159419e+02
1.615486774803991923e-04 8.405920888785266243e+02
1.645565132101141912e-04 8.555790462380607551e+02
1.676203511053561853e-04 8.708384380890616967e+02
1.707412338568923985e-04 8.863784526956291074e+02
1.739202235690966278e-04 9.022017206563923537e+02
1.771584021214069331e-04 9.183072812357899011e+02
1.804568715365133496e-04 9.346935434696243874e+02
1.838167543553991402e-04 9.513583987688741672e+02
1.872391940193664781e-04 9.683051130534433923e+02
1.907253552591749841e-04 9.855454767395943918e+02
1.942764244914237906e-04 1.003092822054743806e+03
1.978936102223156684e-04 1.020961519321714945e+03
2.015781434589383866e-04 1.039164092934300697e+03
2.053312781282022484e-04 1.057702653530604721e+03
2.091542915035791929e-04 1.076576277201987295e+03
2.130484846397874728e-04 1.095783350713672235e+03
2.170151828155673804e-04 1.115322121205362919e+03
2.210557359847042556e-04 1.135197174104409441e+03
2.251715192354455768e-04 1.155417681918840117e+03
2.293639332584741688e-04 1.175993395999421864e+03
2.336344048235943036e-04 1.196934582298447140e+03
2.379843872652912906e-04 1.218249904320951373e+03
2.424153609773335033e-04 1.239944836450687490e+03
2.469288339165833478e-04 1.262024522420746734e+03
2.515263421161864177e-04 1.284494056830597629e+03
2.562094502083175928e-04 1.307358822736536013e+03
2.609797519566604005e-04 1.330625722279834463e+03
2.658388707987978817e-04 1.354302224072339413e+03
2.707884603987046170e-04 1.378395984459729561e+03
2.758302052095252827e-04 1.402914796951484504e+03
2.809658210468288773e-04 1.427865826240492879e+03
2.861970556725403872e-04 1.453255733704873364e+03
2.915256893897402246e-04 1.479091211554234633e+03
2.969535356485410670e-04 1.505379005894974171e+03
3.024824416632452238e-04 1.532127335122928571e+03
3.081142890409901557e-04 1.559347314575496284e+03
3.138509944221012080e-04 1.587050865260913497e+03
3.196945101323670456e-04 1.615250483175879026e+03
3.256468248474567954e-04 1.643957894042354610e+03
3.317099642697105932e-04 1.673178109465924535e+03
3.378859918175311614e-04 1.702913507176389430e+03
3.441770093276080573e-04 1.733165877148682739e+03
3.505851577702196234e-04 1.763936749780164746e+03
3.571126179778526255e-04 1.795233608784751368e+03
3.637616113873850436e-04 1.827069610161469427e+03
3.705344007960904894e-04 1.859458748693977441e+03
3.774332911317185486e-04 1.892415731132700330e+03
3.844606302369096319e-04 1.925953385356879153e+03
3.916188096682179866e-04 1.960079320127764277e+03
3.989102655100118587e-04 1.994800306111073951e+03
4.063374792035234838e-04 2.030122922164959618e+03
4.139029783913389295e-04 2.066054309083778662e+03
4.216093377776110925e-04 2.102606212264719943e+03
4.294591800042851142e-04 2.139792540741211724e+03
4.374551765436418527e-04 2.177627791680574319e+03
4.456000486074592469e-04 2.216126917647266055e+03
4.538965680730975877e-04 2.255301887082990106e+03
4.623475584268307609e-04 2.295161386199813478e+03
4.709558957247417807e-04 2.335713836729438754e+03
4.797245095715044075e-04 2.376967505406546934e+03
4.886563841173926972e-04 2.418930739430526955e+03
4.977545590738541520e-04 2.461612362666387526e+03
5.070221307479864242e-04 2.505021174142857035e+03
5.164622530962796956e-04 2.549165838852255547e+03
5.260781387979784549e-04 2.594055698123529055e+03
5.358730603484221930e-04 2.639705975050592315e+03
5.458503511727514279e-04 2.686135081009539590e+03
5.560134067603410713e-04 2.733362343220260300e+03
5.663656858203607774e-04 2.781407841179323896e+03
5.769107114588511737e-04 2.830286668174373517e+03
5.876520723777091089e-04 2.880007593953889682e+03
5.985934240960059461e-04 2.930578695586920730e+03
6.097384901940361554e-04 2.982007629582930804e+03
6.210910635805346565e-04 3.034303354720635980e+03
6.326550077834879179e-04 3.087479667604989572e+03
6.444342582649731452e-04 3.141551526091484902e+03
6.564328237604836330e-04 3.196534229793282520e+03
6.686547876431904415e-04 3.252443316516711093e+03
6.811043093135997744e-04 3.309293672480472651e+03
6.937856256150888535e-04 3.367099932743672525e+03
7.067030522757988559e-04 3.425876941242566772e+03
7.198609853773664091e-04 3.485639744587798759e+03
7.332639028510082053e-04 3.546403094598782445e+03
7.469163660014610474e-04 3.608181247692492434e+03
7.608230210592882006e-04 3.670988509523439006e+03
7.749886007620955617e-04 3.734839267833967824e+03
7.894179259651873870e-04 3.799748348000035094e+03
8.041159072822036792e-04 3.865731915765731173e+03
8.190875467563116935e-04 3.932806643678888577e+03
8.343379395625119847e-04 4.000989486447014315e+03
8.498722757416329746e-04 4.070297405913611783e+03
8.656958419666173962e-04 4.140744749871767453e+03
8.818140233416945414e-04 4.212344131824508622e+03
8.982323052350434057e-04 4.285107890349218906e+03
9.149562751455856497e-04 4.359048140993158086e+03
9.319916246045359138e-04 4.434180053865654372e+03
9.493441511123482980e-04 4.510523799673044778e+03
9.670197601117347906e-04 4.588100524841943297e+03
9.850244669974189595e-04 4.666932035671518861e+03
1.003364399163299931e-03 4.747038911661128623e+03
1.022045798087741148e-03 4.828434608525412841e+03
1.041075021457684184e-03 4.911130374158720770e+03
1.060458545332302119e-03 4.995136894811101229e+03
1.080202966346945981e-03 5.080464905593577896e+03
1.100315003958127810e-03 5.167132655335180061e+03
1.120801502730290819e-03 5.255164107592459914e+03
1.141669434665167245e-03 5.344584208818039770e+03
1.162925901574505139e-03 5.435418784821963527e+03
1.184578137496964268e-03 5.527688953487573599e+03
1.206633511160018317e-03 5.621406556185203044e+03
1.229099528487698038e-03 5.716581860200738447e+03
1.251983835155017540e-03 5.813224326413404924e+03
1.275294219189957150e-03 5.911343211635294210e+03
1.299038613623911854e-03 6.010950022225718385e+03
1.323225099191469196e-03 6.112056565637724816e+03
1.347861907080450360e-03 6.214674092189272415e+03
1.372957421733178281e-03 6.318814044122175801e+03
1.398520183699878544e-03 6.424499120917776054e+03
1.424558892545206177e-03 6.531761863356743561e+03
1.451082409808913606e-03 6.640636844274139548e+03
1.478099762021616026e-03 6.751160495311740306e+03
1.505620143776714541e-03 6.863358588436008176e+03
1.533652920859519646e-03 6.977232734573642119e+03
1.562207633434636476e-03 7.092779721656496804e+03
1.591293999292681506e-03 7.209993909162330056e+03
1.620921917157463034e-03 7.328870867190107674e+03
1.651101470054736975e-03 7.449424583021656872e+03
1.681842928743670961e-03 7.571675849061864028e+03
1.713156755212211745e-03 7.695646011622796323e+03
1.745053606237532712e-03 7.821356730067727767e+03
1.777544337012757587e-03 7.948825065761268888e+03
1.810640004841223422e-03 8.078063546836723617e+03
1.844351872899527766e-03 8.209084118397960992e+03
1.878691414070622016e-03 8.341898263084278369e+03
1.913670314848288411e-03 8.476519067149922193e+03
1.949300479314314532e-03 8.612964084815435854e+03
1.985594033189700368e-03 8.751251753976914188e+03
2.022563327961310244e-03 8.891400848056422547e+03
2.060220945085358690e-03 9.033428137400185733e+03
2.098579700269144477e-03 9.177335331922055047e+03
2.137652647832516666e-03 9.323116591193966087e+03
2.177453085150554777e-03 9.470763729771460930e+03
2.217994557178938446e-03 9.620266513061566002e+03
2.259290861063600799e-03 9.771622461057149849e+03
2.301356050836201629e-03 9.924837973431773207e+03
2.344204442197008950e-03 1.007991936127598638e+04
2.387850617386848631e-03 1.023687243270803992e+04
2.432309430149767054e-03 1.039570431499255028e+04
2.477596010788069535e-03 1.055642661985396626e+04
2.523725771311497411e-03 1.071905197242311078e+04
2.570714410682279835e-03 1.088359338217302502e+04
2.618577920157816232e-03 1.105006106253275902e+04
2.667332588732856859e-03 1.121844088916998408e+04
2.716995008683013337e-03 1.138870497292994514e+04
2.767582081211450527e-03 1.156082139421734610e+04
2.819111022200746896e-03 1.173475511394498426e+04
2.871599368071836751e-03 1.191050052792853239e+04
2.925064981752035359e-03 1.208809059424052975e+04
2.979526058754160094e-03 1.226756404740461039e+04
3.035001133368896934e-03 1.244896379057347986e+04
3.091509084972404210e-03 1.263231100827688169e+04
3.149069144451357560e-03 1.281754910348706289e+04
3.207700900747676494e-03 1.300459958566694331e+04
3.267424307525048505e-03 1.319337503441672197e+04
3.328259689959578698e-03 1.338378772619963092e+04
3.390227751656924634e-03 1.357582342413468359e+04
3.453349581698166287e-03 1.376951118206722276e+04
3.517646661816871412e-03 1.396488495139476072e+04
3.583140873709807911e-03 1.416198273314615653e+04
3.649854506483770408e-03 1.436080810172695055e+04
3.717810264241027274e-03 1.456131285355568252e+04
3.787031273806032699e-03 1.476344079340799908e+04
3.857541092596000667e-03 1.496713074440729361e+04
3.929363716637983284e-03 1.517232114116292178e+04
4.002523588735250673e-03 1.537896267243039074e+04
4.077045606785728062e-03 1.558700653378832249e+04
4.152955132255261271e-03 1.579640091757781192e+04
4.230277998808691306e-03 1.600709340334105946e+04
4.309040521101625484e-03 1.621905511481413305e+04
4.389269503735864983e-03 1.643227328470765133e+04
4.470992250381601758e-03 1.664673736178686522e+04
4.554236573069470051e-03 1.686243840701482986e+04
4.639030801655557625e-03 1.707932909155857851e+04
4.725403793462688330e-03 1.729729759713154635e+04
4.813384943101207784e-03 1.751621814808114505e+04
4.903004192472584614e-03 1.773595518432409517e+04
4.994292040959304527e-03 1.795638460544922782e+04
5.087279555804490212e-03 1.817746409104353734e+04
5.181998382684728684e-03 1.839917593135125571e+04
5.278480756479801868e-03 1.862150665617691266e+04
5.376759512242933886e-03 1.884444154258037452e+04
5.476868096375239574e-03 1.906789251919035814e+04
5.578840578008285173e-03 1.929171342391628787e+04
5.682711660598566313e-03 1.951574736801156178e+04
5.788516693737821156e-03 1.973982781741580402e+04
5.896291685183281325e-03 1.996382935615024689e+04
6.006073313111913795e-03 2.018771248354087584e+04
6.117898938602767643e-03 2.041145169349415664e+04
6.231806618351780694e-03 2.063502796385725378e+04
6.347835117623322129e-03 2.085840552609911538e+04
6.466023923442816568e-03 2.108143740163357870e+04
6.586413258035060496e-03 2.130393434518984213e+04
6.709044092512730928e-03 2.152569598099343420e+04
6.833958160819744894e-03 2.174651517267945383e+04
6.961197973934178662e-03 2.196625044926958799e+04
7.090806834335763517e-03 2.218481891072415965e+04
7.222828850742622764e-03 2.240214302316440080e+04
7.357308953122382138e-03 2.261814944275203015e+04
7.494292907982906364e-03 2.283272857999064217e+04
7.633827333947594551e-03 2.304568793235259727e+04
7.775959717620665838e-03 2.325681725178680426e+04
7.920738429747978607e-03 2.346589738139427936e+04
8.068212741678602168e-03 2.367271258533712171e+04
8.218432842132880264e-03 2.387711056086525059e+04
8.371449854282847144e-03 2.407896347253222484e+04
8.527315853150491815e-03 2.427814719586145657e+04
8.686083883330022667e-03 2.447453946371972052e+04
8.847807977040106006e-03 2.466797579440371555e+04
9.012543172512243669e-03 2.485824946879798517e+04
9.180345532721415069e-03 2.504514818928468958e+04
9.351272164465570386e-03 2.522845569503724982e+04
9.525381237800334411e-03 2.540795144726588114e+04
9.702732005835492182e-03 2.558341011084927595e+04
9.883384824900139781e-03 2.575460287074444568e+04
1.006740117508329001e-02 2.592129787730441240e+04
1.025484368115681978e-02 2.608326622582486743e+04
1.044577613388807981e-02 2.624031399915959264e+04
1.064026351174931183e-02 2.639226537982212176e+04
1.083837200303117664e-02 2.653895031407584975e+04
1.104016902836809852e-02 2.668020290916361773e+04
1.124572326368300859e-02 2.681579597083961562e+04
1.145510466355919785e-02 2.694543054020678755e+04
1.166838448504741235e-02 2.706879813901631860e+04
1.188563531191621191e-02 2.718558421863913100e+04
1.210693107935374886e-02 2.729550090188656759e+04
1.233234709912954356e-02 2.739834747372555285e+04
1.256196008522477044e-02 2.749394689803163419e+04
1.279584817993961038e-02 2.758213393905912744e+04
1.303409098048682532e-02 2.766274567160542938e+04
1.327676956608045238e-02 2.773554358185545789e+04
1.352396652552875778e-02 2.780025255633674533e+04
1.377576598534103851e-02 2.785659967690612029e+04
1.403225363835775182e-02 2.790431588497968187e+04
1.429351677291355351e-02 2.794314533740881598e+04
1.455964430254354063e-02 2.797284952352799883e+04
1.483072679624235397e-02 2.799319972420112390e+04
1.510685650928682983e-02 2.800397859178036742e+04
1.538812741463251900e-02 2.800498064770588826e+04
1.567463523489464813e-02 2.799601074437089846e+04
1.596647747492464450e-02 2.797688953422462873e+04
1.626375345499322250e-02 2.794745606408159074e+04
1.656656434459112537e-02 2.790756496287095069e+04
1.687501319685936682e-02 2.785704309288119111e+04
1.718920498366049293e-02 2.779570990363930468e+04
1.750924663130271758e-02 2.772340332650348500e+04
1.783524705692930007e-02 2.763998326382465530e+04
1.816731720558548493e-02 2.754533574968651374e+04
1.850557008797541758e-02 2.743937690336605010e+04
1.885012081892218153e-02 2.732205377766537640e+04
1.920108665654396071e-02 2.719334678679386343e+04
1.955858704215939978e-02 2.705325603528784268e+04
1.992274364093615108e-02 2.690175138707687438e+04
2.029368038329624341e-02 2.673882355083059883e+04
2.067152350709217101e-02 2.656449959253291308e+04
2.105640160056846191e-02 2.637884639549265557e+04
2.144844564612310642e-02 2.618195746454645632e+04
2.184778906488358055e-02 2.597396199860788329e+04
2.225456776211312895e-02 2.575503900808883554e+04
2.266892017346214608e-02 2.552542218952851908e+04
2.309098731208087882e-02 2.528536232824290346e+04
2.352091281660938227e-02 2.503510517804534538e+04
2.395884300006070194e-02 2.477494832464457795e+04
2.440492689961447359e-02 2.450525165445777748e+04
2.485931632733758001e-02 2.422641849301435650e+04
2.532216592184896586e-02 2.393881474858626825e+04
2.579363320094659948e-02 2.364284020916328154e+04
2.627387861521428281e-02 2.333896447804039417e+04
2.676306560262632639e-02 2.302772162587493949e+04
2.726136064416913654e-02 2.270966271117577708e+04
2.776893332049839777e-02 2.238536762136957987e+04
2.828595636965089075e-02 2.205549440446466906e+04
2.881260574583110329e-02 2.172078223151723068e+04
2.934906067929236861e-02 2.138192685802779306e+04
2.989550373733263280e-02 2.103945998612081894e+04
3.045212088642617818e-02 2.069394948801656938e+04
3.101910155551216783e-02 2.034602472395036966e+04
3.159663870046123396e-02 1.999633228235204660e+04
3.218492886974268219e-02 1.964532232175114041e+04
3.278417227131428385e-02 1.929340888408352839e+04
3.339457284075720428e-02 1.894104005392798354e+04
3.401633831067995412e-02 1.858872681421391826e+04
3.464968028141413720e-02 1.823740930521343398e+04
3.529481429302669393e-02 1.788843938954202167e+04
3.595195989867303044e-02 1.754330293811363299e+04
3.662134073931550687e-02 1.720362392927568362e+04
3.730318461983343770e-02 1.687072365322621408e+04
3.799772358655016669e-02 1.654508772404818228e+04
3.870519400620325845e-02 1.622709548625166281e+04
3.942583664638536767e-02 1.591712894905060602e+04
4.015989675748280613e-02 1.561556889809900531e+04
4.090762415613934111e-02 1.532277925320815302e+04
4.166927331027438924e-02 1.503911746215643689e+04
4.244510342568409006e-02 1.476493252579403452e+04
4.323537853425445804e-02 1.450055922351506706e+04
4.404036758381727618e-02 1.424612716399199962e+04
4.486034452967906094e-02 1.400155056757395687e+04
4.569558842785374775e-02 1.376668306406572628e+04
4.654638353003166112e-02 1.354131659862967899e+04
4.741301938031668856e-02 1.332518237376767320e+04
4.829579091376418054e-02 1.311797114586707539e+04
4.919499855675390360e-02 1.291929973150452861e+04
5.011094832923183862e-02 1.272870533434730714e+04
5.104395194885506803e-02 1.254565738355948451e+04
5.199432693707650016e-02 1.236965997140254512e+04
5.296239672720397945e-02 1.220018298598721776e+04
5.394849077447183561e-02 1.203661307502711861e+04
5.495294466816183498e-02 1.187824023907456285e+04
5.597610024581120558e-02 1.172413488575991323e+04
5.701830570954753707e-02 1.157312007045121572e+04
5.807991574458975376e-02 1.142387434187772851e+04
5.916129163995485080e-02 1.127493307946437017e+04
6.026280141141259622e-02 1.112480257564805106e+04
6.138481992672950582e-02 1.097219951207118902e+04
6.252772903324410603e-02 1.081577669745369894e+04
6.369191768781813645e-02 1.065406337329808230e+04
6.487778208920719214e-02 1.048557621821248176e+04
6.608572581289541559e-02 1.030971413541514994e+04
6.731615994844122874e-02 1.012632484118661159e+04
6.856950323938026948e-02 9.935263902712744311e+03
6.984618222573248103e-02 9.736401265492908351e+03
7.114663138916324514e-02 9.529828528398371418e+03
7.247129330084713106e-02 9.315949734572141097e+03
7.382061877208406786e-02 9.095229845239602582e+03
7.519506700772049523e-02 8.868202889441023217e+03
7.659510576242696545e-02 8.635563282519908171e+03
7.802121149988475168e-02 8.398393573619450763e+03
7.947386955493740412e-02 8.157945271335172947e+03
8.095357429876023914e-02 7.915579160679084453e+03
8.246082930710581238e-02 7.672804080767658888e+03
8.399614753168203884e-02 7.431556070175361128e+03
8.556005147472026118e-02 7.194068087180602561e+03
8.715307336679442574e-02 6.962665718728136198e+03
8.877575534795098533e-02 6.739724431931042091e+03
9.042864965221047990e-02 6.526849678619981205e+03
9.211231879550497992e-02 6.324645296139458878e+03
9.382733576711488332e-02 6.133955728527676001e+03
9.557428422466902884e-02 5.956277277832233267e+03
9.735375869277639038e-02 5.793261386704924007e+03
9.916636476535606315e-02 5.645167903679168376e+03
1.010127193117334454e-01 5.511368272607049221e+03
1.028934506865746418e-01 5.390072965475751516e+03
1.048091989437295174e-01 5.278079539738178028e+03
1.067606160540553323e-01 5.171308947980220182e+03
1.087483661272969776e-01 5.067998383073363584e+03
1.107731256380982965e-01 4.968083322808052799e+03
1.128355836562204700e-01 4.872200903471180027e+03
1.149364420810477933e-01 4.781378220930190764e+03
1.170764158804596805e-01 4.696218119083282545e+03
1.192562333341489894e-01 4.614584308282189340e+03
1.214766362814724415e-01 4.533136832611178761e+03
1.237383803739137977e-01 4.448049865900165059e+03
1.260422353322489530e-01 4.355133614678955382e+03
1.283889852084990069e-01 4.252660990746289826e+03
1.307794286527595162e-01 4.142204600064907936e+03
1.332143791849988712e-01 4.025771046565444976e+03
1.356946654719173029e-01 3.905631196723238645e+03
1.382211316089593522e-01 3.784109382153393199e+03
1.407946374075784157e-01 3.663386053949754569e+03
1.434160586878495958e-01 3.545843151638667678e+03
1.460862875765296387e-01 3.434086633610410900e+03
1.488062328106674881e-01 3.329570422128821519e+03
1.515768200468676774e-01 3.231999534691869940e+03
1.543989921763106177e-01 3.140885484277709111e+03
1.572737096456394423e-01 3.055671350968392289e+03
1.602019507838212953e-01 2.975850388869099334e+03
1.631847121350931962e-01 2.900899451885548842e+03
1.662230087981080573e-01 2.830219398810303574e+03
1.693178747713955379e-01 2.763407690743073999e+03
1.724703633052531437e-01 2.700378955226077778e+03
1.756815472601906958e-01 2.641043382122332332e+03
1.789525194720488210e-01 2.584686020954359265e+03
1.822843931239136461e-01 2.529163862752816385e+03
1.856783021249577281e-01 2.471905427277396029e+03
1.891354014963346764e-01 2.411521849644796930e+03
1.926568677642566674e-01 2.349879521381085851e+03
1.962438993603934922e-01 2.289512334407956132e+03
1.998977170297235872e-01 2.231537437818785747e+03
2.036195642459806276e-01 2.174553739751655485e+03
2.074107076348354617e-01 2.116930153390980649e+03
2.112724374049552156e-01 2.059058252219781025e+03
2.152060677870898386e-01 2.002976413074905622e+03
2.192129374813342746e-01 1.950481354117521732e+03
2.232944101127158631e-01 1.901784845841678134e+03
2.274518746952663151e-01 1.856683868153917501e+03
2.316867461047341648e-01 1.814427776337572141e+03
2.360004655600963508e-01 1.773752602176444952e+03
2.403945011140371790e-01 1.733650863091482734e+03
2.448703481525593140e-01 1.693887450094612404e+03
2.494295299038948310e-01 1.654357498926250400e+03
2.540735979568935488e-01 1.615156351473200630e+03
2.588041327890632792e-01 1.576466292454512086e+03
2.636227443044395491e-01 1.538626265947249294e+03
2.685310723814711698e-01 1.502021754088455737e+03
2.735307874311079801e-01 1.466560313425645290e+03
2.786235909652761689e-01 1.431902212502530574e+03
2.838112161759405172e-01 1.398363033909012074e+03
2.890954285249487388e-01 1.366588501163490946e+03
2.944780263448539270e-01 1.336331964948078394e+03
2.999608414509291610e-01 1.306922609847201556e+03
3.055457397645717776e-01 1.278101380710691501e+03
3.112346219483181908e-01 1.249608732024179062e+03
3.170294240526813079e-01 1.220748841971544380e+03
3.229321181750291481e-01 1.191706461382024827e+03
3.289447131307334793e-01 1.164227914813408916e+03
3.350692551368140704e-01 1.139676786099503943e+03
3.413078285083093744e-01 1.117865023602443671e+03
3.476625563676150610e-01 1.093921349999653103e+03
3.541356013670298175e-01 1.067289047814189189e+03
3.607291664247512242e-01 1.043761482703247339e+03
3.674454954745774993e-01 1.022038016325063836e+03
3.742868742295683004e-01 1.000297318889380222e+03
3.812556309599205995e-01 9.799974479869357538e+02
3.883541372853305251e-01 9.596343835669069904e+02
3.955848089821086822e-01 9.388325374270168595e+02
4.029501068053188972e-01 9.192428521682450082e+02
4.104525373262280508e-01 9.004635912533453848e+02
4.180946537853479361e-01 8.821797544107263320e+02
4.258790569613564725e-01 8.646208260081341450e+02
4.338083960562001962e-01 8.478350325839422794e+02
4.418853695966769579e-01 8.306547218942557720e+02
4.501127263528001410e-01 8.132638034603800179e+02
4.584932662732687514e-01 7.965176692361903861e+02
4.670298414383473595e-01 7.814412900418932395e+02
4.757253570304930124e-01 7.674441153215957456e+02
4.845827723230530792e-01 7.518682492866194025e+02
4.936051016873679309e-01 7.367765632361854387e+02
5.027954156186282830e-01 7.224482594428748143e+02
5.121568417808332052e-01 7.079494279109999297e+02
5.216925660711994039e-01 6.948686129219250915e+02
5.314058337043928715e-01 6.823545911362175502e+02
5.412999503169476645e-01 6.695483592066519805e+02
5.513782830922426825e-01 6.572391643714671545e+02
5.616442619064294650e-01 6.452876720452309200e+02
5.721013804956951443e-01 6.333347903523008426e+02
5.827531976452537954e-01 6.210123786307786986e+02
5.936033384004799629e-01 6.104444542674691547e+02
6.046554953005927047e-01 5.986419288068060496e+02
6.159134296353031557e-01 5.873413236972882032e+02
6.273809727248653711e-01 5.773105830805711776e+02
6.390620272239599942e-01 5.670064170009517284e+02
6.509605684498487310e-01 5.563044638349388151e+02
6.630806457352632632e-01 5.465947530909627403e+02
6.754263838064833436e-01 5.358520451879674056e+02
6.880019841870665953e-01 5.278223886183326385e+02
7.008117266277236190e-01 5.180291842676398346e+02
7.138599705628055903e-01 5.086180042067140903e+02
7.271511565939169364e-01 4.995583911113764657e+02
7.406898080011508068e-01 4.902150557005388691e+02
7.544805322824555960e-01 4.817573138260910923e+02
7.685280227216687576e-01 4.735074102754028331e+02
7.828370599857461531e-01 4.644963617095577888e+02
7.974125137517225070e-01 4.564353529509899658e+02
8.122593443639704036e-01 4.482767618720630480e+02
8.273826045223166004e-01 4.403543150013590548e+02
8.427874410015804285e-01 4.324846638294238232e+02
8.584790964031362437e-01 4.253924017375339872e+02
8.744629109390869015e-01 4.167801397746212615e+02
8.907443242496495550e-01 4.094324291764834243e+02
9.073288772543862679e-01 4.021391905611498601e+02
9.242222140379020567e-01 3.944402526424942721e+02
9.414300837706444103e-01 3.878479233847059504e+02
9.589583426654740839e-01 3.805914176069224482e+02
9.768129559706647536e-01 3.737825145270779785e+02
9.949999999999999956e-01 3.665461000000000240e+02
