  0.5000022E-02 -0.1235759E+01  0.9706728E+01  0.1233769E+03  0.5233452E+03  0.1484967E+04 -0.4727071E+07  0.2921629E+07  0.1821903E+08  0.4116513E+08  0.7175993E+08 -0.6001855E+07  0.9560876E+08  0.7676189E+07  0.3078758E+08
  0.1500002E-01  0.1494620E+01  0.5775205E+02  0.4067155E+03  0.1521282E+04  0.4110797E+04  0.2062944E+06  0.2395627E+07  0.6774292E+07  0.1334229E+08  0.2209962E+08 -0.1585943E+06  0.2736666E+08  0.3893000E+06  0.3014436E+07
  0.2500002E-01  0.2670662E+01  0.6089226E+02  0.3883236E+03  0.1406941E+04  0.3749709E+04  0.2267066E+06  0.9299991E+06  0.2336584E+07  0.4446462E+07  0.7259633E+07  0.1094911E+06  0.8791157E+07  0.3453301E+05  0.4170140E+06
  0.3500002E-01  0.1771910E+01  0.4526240E+02  0.2965386E+03  0.1084191E+04  0.2901104E+04  0.7122907E+05  0.3506423E+06  0.9094689E+06  0.1747709E+07  0.2865362E+07  0.2466019E+05  0.3492666E+07  0.3901019E+04  0.1135354E+06
  0.4500002E-01  0.2163490E+01  0.4129329E+02  0.2502971E+03  0.8906636E+03  0.2354625E+04  0.6219447E+05  0.1967049E+06  0.4657258E+06  0.8692571E+06  0.1407299E+07  0.3977606E+05  0.1681380E+07  0.2454388E+04  0.4655742E+05
  0.5500002E-01  0.2274482E+01  0.3789037E+02  0.2189671E+03  0.7651947E+03  0.2006108E+04  0.4630530E+05  0.1219561E+06  0.2732576E+06  0.5002099E+06  0.8028129E+06  0.3369684E+05  0.9456345E+06  0.2461902E+04  0.2361235E+05
  0.6500002E-01  0.2677936E+01  0.3826156E+02  0.2070088E+03  0.7040797E+03  0.1822214E+04  0.4112179E+05  0.8923813E+05  0.1854708E+06  0.3298199E+06  0.5222852E+06  0.3310240E+05  0.6014543E+06  0.1771863E+04  0.1318465E+05
  0.7500002E-01  0.2955893E+01  0.3771184E+02  0.1923267E+03  0.6370064E+03  0.1627060E+04  0.3520927E+05  0.6672887E+05  0.1297681E+06  0.2243269E+06  0.3504053E+06  0.2995600E+05  0.3939950E+06  0.1399361E+04  0.8863237E+04
  0.8500002E-01  0.3326332E+01  0.3758162E+02  0.1775787E+03  0.5662906E+03  0.1418177E+04  0.3178096E+05  0.5239412E+05  0.9362046E+05  0.1554600E+06  0.2379126E+06  0.2834543E+05  0.2576646E+06  0.1034728E+04  0.5591501E+04
  0.9500002E-01  0.3563521E+01  0.3748984E+02  0.1680684E+03  0.5207511E+03  0.1283716E+04  0.2768312E+05  0.4216278E+05  0.7112211E+05  0.1145611E+06  0.1724798E+06  0.2526984E+05  0.1809958E+06  0.9087264E+03  0.4004780E+04
  0.1050000E+00  0.3939947E+01  0.3903163E+02  0.1664750E+03  0.5007902E+03  0.1213757E+04  0.2535968E+05  0.3617979E+05  0.5782001E+05  0.9028034E+05  0.1335608E+06  0.2355633E+05  0.1352514E+06  0.6722609E+03  0.2977530E+04
  0.1150000E+00  0.4325146E+01  0.4085421E+02  0.1668033E+03  0.4879542E+03  0.1162980E+04  0.2341732E+05  0.3174922E+05  0.4841304E+05  0.7340875E+05  0.1067364E+06  0.2202867E+05  0.1041488E+06  0.5212521E+03  0.2220152E+04
  0.1250000E+00  0.4802893E+01  0.4341386E+02  0.1696038E+03  0.4813089E+03  0.1125433E+04  0.2218334E+05  0.2871241E+05  0.4177056E+05  0.6135778E+05  0.8747407E+05  0.2109516E+05  0.8161341E+05  0.5015953E+03  0.1928630E+04
  0.1350000E+00  0.5165640E+01  0.4528301E+02  0.1711354E+03  0.4739579E+03  0.1090604E+04  0.2056249E+05  0.2577713E+05  0.3620639E+05  0.5185030E+05  0.7270883E+05  0.1969339E+05  0.6518293E+05  0.4760028E+03  0.1568744E+04
  0.1450000E+00  0.5469033E+01  0.4688604E+02  0.1727341E+03  0.4690412E+03  0.1064850E+04  0.1894075E+05  0.2320294E+05  0.3172732E+05  0.4451389E+05  0.6156266E+05  0.1823038E+05  0.5327739E+05  0.3749377E+03  0.1219437E+04
  0.1550000E+00  0.5806885E+01  0.4879479E+02  0.1755035E+03  0.4673991E+03  0.1046680E+04  0.1765668E+05  0.2118884E+05  0.2825318E+05  0.3884968E+05  0.5297835E+05  0.1706798E+05  0.4415209E+05  0.3547549E+03  0.1060648E+04
  0.1650000E+00  0.6194411E+01  0.5103277E+02  0.1790690E+03  0.4670220E+03  0.1029970E+04  0.1667311E+05  0.1960848E+05  0.2547923E+05  0.3428535E+05  0.4602685E+05  0.1618388E+05  0.3669218E+05  0.3157022E+03  0.1038952E+04
  0.1750000E+00  0.6575620E+01  0.5334990E+02  0.1835013E+03  0.4702355E+03  0.1023361E+04  0.1577156E+05  0.1826155E+05  0.2324153E+05  0.3071149E+05  0.4067144E+05  0.1535656E+05  0.3112485E+05  0.2799835E+03  0.8751797E+03
  0.1850000E+00  0.6979956E+01  0.5585225E+02  0.1885596E+03  0.4750275E+03  0.1020144E+04  0.1501197E+05  0.1714022E+05  0.2139670E+05  0.2778143E+05  0.3629440E+05  0.1465727E+05  0.2660303E+05  0.2586131E+03  0.7702809E+03
  0.1950000E+00  0.7369248E+01  0.5829494E+02  0.1936973E+03  0.4806784E+03  0.1019891E+04  0.1428991E+05  0.1612812E+05  0.1980454E+05  0.2531918E+05  0.3267202E+05  0.1398354E+05  0.2297763E+05  0.2353039E+03  0.6915132E+03
  0.2050000E+00  0.7720820E+01  0.6053725E+02  0.1986276E+03  0.4869071E+03  0.1022748E+04  0.1356444E+05  0.1517348E+05  0.1839156E+05  0.2321867E+05  0.2965483E+05  0.1329626E+05  0.2011299E+05  0.2197886E+03  0.5966275E+03
  0.2150000E+00  0.8115647E+01  0.6301204E+02  0.2038174E+03  0.4925567E+03  0.1022268E+04  0.1298126E+05  0.1437898E+05  0.1717441E+05  0.2136756E+05  0.2695843E+05  0.1274831E+05  0.1747145E+05  0.2056221E+03  0.5889045E+03
  0.2250000E+00  0.8473714E+01  0.6531657E+02  0.2090051E+03  0.4995450E+03  0.1026945E+04  0.1238903E+05  0.1362371E+05  0.1609308E+05  0.1979714E+05  0.2473588E+05  0.1218325E+05  0.1543356E+05  0.1865269E+03  0.4827199E+03
  0.2350000E+00  0.8889233E+01  0.6800523E+02  0.2151402E+03  0.5081002E+03  0.1033594E+04  0.1192692E+05  0.1301726E+05  0.1519796E+05  0.1846901E+05  0.2283041E+05  0.1174519E+05  0.1362937E+05  0.1889188E+03  0.4954100E+03
  0.2450000E+00  0.9256561E+01  0.7044370E+02  0.2210569E+03  0.5175738E+03  0.1044711E+04  0.1143520E+05  0.1241531E+05  0.1437553E+05  0.1731585E+05  0.2123628E+05  0.1127185E+05  0.1225135E+05  0.1805698E+03  0.4272770E+03
  0.2550000E+00  0.9670936E+01  0.7318808E+02  0.2276800E+03  0.5280621E+03  0.1056707E+04  0.1103719E+05  0.1191690E+05  0.1367633E+05  0.1631548E+05  0.1983434E+05  0.1089057E+05  0.1099643E+05  0.1597821E+03  0.4258950E+03
  0.2650000E+00  0.1005311E+02  0.7568307E+02  0.2334994E+03  0.5366151E+03  0.1064699E+04  0.1063164E+05  0.1141947E+05  0.1299515E+05  0.1535867E+05  0.1851002E+05  0.1050033E+05  0.9847978E+04  0.1604200E+03  0.3978430E+03
  0.2750000E+00  0.1047683E+02  0.7847769E+02  0.2401787E+03  0.5469785E+03  0.1075975E+04  0.1029585E+05  0.1100382E+05  0.1241976E+05  0.1454367E+05  0.1737555E+05  0.1017786E+05  0.8849623E+04  0.1503602E+03  0.3613707E+03
  0.2850000E+00  0.1086860E+02  0.8108171E+02  0.2465155E+03  0.5571850E+03  0.1088113E+04  0.9950120E+04  0.1059154E+05  0.1187437E+05  0.1379862E+05  0.1636429E+05  0.9843217E+04  0.8017708E+04  0.1409135E+03  0.3380162E+03
  0.2950000E+00  0.1126532E+02  0.8374476E+02  0.2531412E+03  0.5683299E+03  0.1102624E+04  0.9630691E+04  0.1021571E+05  0.1138576E+05  0.1314083E+05  0.1548092E+05  0.9533187E+04  0.7312790E+04  0.1385273E+03  0.3208238E+03
  0.3050000E+00  0.1166954E+02  0.8646287E+02  0.2599298E+03  0.5798311E+03  0.1117807E+04  0.9337085E+04  0.9871895E+04  0.1094151E+05  0.1254594E+05  0.1468518E+05  0.9247950E+04  0.6685116E+04  0.1266140E+03  0.3126907E+03
  0.3150000E+00  0.1210781E+02  0.8939458E+02  0.2671676E+03  0.5918261E+03  0.1132968E+04  0.9086838E+04  0.9573937E+04  0.1054813E+05  0.1200943E+05  0.1395782E+05  0.9005655E+04  0.6088730E+04  0.1293806E+03  0.3056195E+03
  0.3250000E+00  0.1248797E+02  0.9198382E+02  0.2738157E+03  0.6036638E+03  0.1150049E+04  0.8807132E+04  0.9257628E+04  0.1015862E+05  0.1151011E+05  0.1331209E+05  0.8732050E+04  0.5631199E+04  0.1199016E+03  0.2737602E+03
  0.3350000E+00  0.1291058E+02  0.9481024E+02  0.2807906E+03  0.6152138E+03  0.1164623E+04  0.8573239E+04  0.8985005E+04  0.9808539E+04  0.1104384E+05  0.1269091E+05  0.8504611E+04  0.5147084E+04  0.1137895E+03  0.2750720E+03
  0.3450000E+00  0.1334192E+02  0.9771706E+02  0.2880853E+03  0.6276827E+03  0.1181363E+04  0.8356558E+04  0.8734944E+04  0.9491717E+04  0.1062688E+05  0.1214042E+05  0.8293493E+04  0.4729833E+04  0.1120578E+03  0.2701336E+03
  0.3550000E+00  0.1375753E+02  0.1005346E+03  0.2952477E+03  0.6402153E+03  0.1198914E+04  0.8140747E+04  0.8490530E+04  0.9190098E+04  0.1023945E+05  0.1163858E+05  0.8082450E+04  0.4372295E+04  0.1061181E+03  0.2584957E+03
  0.3650000E+00  0.1418395E+02  0.1034305E+03  0.3026377E+03  0.6532338E+03  0.1217361E+04  0.7941769E+04  0.8265690E+04  0.8913534E+04  0.9885299E+04  0.1118099E+05  0.7887782E+04  0.4049022E+04  0.1039694E+03  0.2510394E+03
  0.3750000E+00  0.1462065E+02  0.1064059E+03  0.3102830E+03  0.6668650E+03  0.1237072E+04  0.7757571E+04  0.8058409E+04  0.8660085E+04  0.9562600E+04  0.1076595E+05  0.7707431E+04  0.3760478E+04  0.9874462E+02  0.2376841E+03
  0.3850000E+00  0.1505401E+02  0.1093473E+03  0.3177802E+03  0.6800452E+03  0.1255681E+04  0.7579948E+04  0.7858891E+04  0.8416779E+04  0.9253610E+04  0.1036938E+05  0.7533457E+04  0.3486796E+04  0.1011558E+03  0.2328107E+03
  0.3950000E+00  0.1549158E+02  0.1123009E+03  0.3252188E+03  0.6928439E+03  0.1273074E+04  0.7412320E+04  0.7670015E+04  0.8185404E+04  0.8958489E+04  0.9989269E+04  0.7369370E+04  0.3221186E+04  0.9345196E+02  0.2073712E+03
  0.4050000E+00  0.1592890E+02  0.1152868E+03  0.3329249E+03  0.7066879E+03  0.1293343E+04  0.7251402E+04  0.7491741E+04  0.7972419E+04  0.8693436E+04  0.9654792E+04  0.7211346E+04  0.3004237E+04  0.9488310E+02  0.2240309E+03
  0.4150000E+00  0.1635049E+02  0.1181699E+03  0.3403913E+03  0.7201796E+03  0.1313282E+04  0.7090289E+04  0.7315073E+04  0.7764642E+04  0.8438996E+04  0.9338135E+04  0.7052825E+04  0.2809807E+04  0.9031337E+02  0.2066516E+03
  0.4250000E+00  0.1680489E+02  0.1212792E+03  0.3484522E+03  0.7347731E+03  0.1334915E+04  0.6949784E+04  0.7159986E+04  0.7580390E+04  0.8210996E+04  0.9051805E+04  0.6914750E+04  0.2627527E+04  0.8590238E+02  0.2009159E+03
  0.4350000E+00  0.1726797E+02  0.1244231E+03  0.3564701E+03  0.7488823E+03  0.1354870E+04  0.6818182E+04  0.7013460E+04  0.7404016E+04  0.7989850E+04  0.8770961E+04  0.6785636E+04  0.2440974E+04  0.7964520E+02  0.1850121E+03
  0.4450000E+00  0.1771423E+02  0.1274780E+03  0.3643980E+03  0.7632586E+03  0.1376237E+04  0.6684690E+04  0.6867667E+04  0.7233620E+04  0.7782551E+04  0.8514457E+04  0.6654194E+04  0.2287209E+04  0.8290220E+02  0.1957084E+03
  0.4550000E+00  0.1820498E+02  0.1308139E+03  0.3729268E+03  0.7783338E+03  0.1397720E+04  0.6572541E+04  0.6742560E+04  0.7082597E+04  0.7592653E+04  0.8272727E+04  0.6544205E+04  0.2125232E+04  0.8131787E+02  0.1873836E+03
  0.4650000E+00  0.1865199E+02  0.1338866E+03  0.3809693E+03  0.7931269E+03  0.1420200E+04  0.6448303E+04  0.6608374E+04  0.6928516E+04  0.7408729E+04  0.8049012E+04  0.6421625E+04  0.2000886E+04  0.8092832E+02  0.1886727E+03
  0.4750000E+00  0.1910052E+02  0.1369615E+03  0.3889723E+03  0.8077112E+03  0.1442045E+04  0.6329150E+04  0.6479556E+04  0.6780369E+04  0.7231588E+04  0.7833214E+04  0.6304082E+04  0.1880080E+04  0.7691965E+02  0.1762901E+03
  0.4850000E+00  0.1958001E+02  0.1402547E+03  0.3975773E+03  0.8234940E+03  0.1465924E+04  0.6224100E+04  0.6365571E+04  0.6648512E+04  0.7072923E+04  0.7638805E+04  0.6200522E+04  0.1768381E+04  0.7534016E+02  0.1710382E+03
  0.4950000E+00  0.2003911E+02  0.1433955E+03  0.4057167E+03  0.8382197E+03  0.1487730E+04  0.6116101E+04  0.6248813E+04  0.6514236E+04  0.6912371E+04  0.7443217E+04  0.6093982E+04  0.1658895E+04  0.7329106E+02  0.1654541E+03
  0.5050000E+00  0.2052353E+02  0.1467299E+03  0.4144688E+03  0.8543922E+03  0.1512478E+04  0.6019048E+04  0.6144248E+04  0.6394649E+04  0.6770251E+04  0.7271053E+04  0.5998181E+04  0.1565007E+04  0.7522611E+02  0.1673127E+03
  0.5150000E+00  0.2098970E+02  0.1498866E+03  0.4224738E+03  0.8683380E+03  0.1531859E+04  0.5919949E+04  0.6036151E+04  0.6268554E+04  0.6617158E+04  0.7081964E+04  0.5900582E+04  0.1452519E+04  0.7180505E+02  0.1645551E+03
  0.5250000E+00  0.2146854E+02  0.1531693E+03  0.4310188E+03  0.8839128E+03  0.1555195E+04  0.5827219E+04  0.5936424E+04  0.6154836E+04  0.6482452E+04  0.6919275E+04  0.5809018E+04  0.1365070E+04  0.7085856E+02  0.1637766E+03
  0.5350000E+00  0.2195906E+02  0.1565660E+03  0.4400425E+03  0.9009141E+03  0.1581969E+04  0.5740127E+04  0.5843940E+04  0.6051567E+04  0.6363006E+04  0.6778259E+04  0.5722825E+04  0.1297665E+04  0.7026849E+02  0.1550878E+03
  0.5450000E+00  0.2242431E+02  0.1597724E+03  0.4484798E+03  0.9165686E+03  0.1606072E+04  0.5649125E+04  0.5747399E+04  0.5943947E+04  0.6238769E+04  0.6631865E+04  0.5632746E+04  0.1228425E+04  0.6830857E+02  0.1511803E+03
  0.5550000E+00  0.2294311E+02  0.1633283E+03  0.4577310E+03  0.9334164E+03  0.1631282E+04  0.5574049E+04  0.5666252E+04  0.5850659E+04  0.6127270E+04  0.6496084E+04  0.5558681E+04  0.1152545E+04  0.6563911E+02  0.1503548E+03
  0.5650000E+00  0.2339555E+02  0.1664380E+03  0.4658685E+03  0.9483786E+03  0.1654005E+04  0.5485032E+04  0.5572129E+04  0.5746322E+04  0.6007613E+04  0.6356000E+04  0.5470516E+04  0.1088711E+04  0.6485175E+02  0.1477168E+03
  0.5750000E+00  0.2391012E+02  0.1699793E+03  0.4751599E+03  0.9655365E+03  0.1680236E+04  0.5412888E+04  0.5495070E+04  0.5659434E+04  0.5905980E+04  0.6234707E+04  0.5399191E+04  0.1027274E+04  0.6440862E+02  0.1501872E+03
  0.5850000E+00  0.2439588E+02  0.1733286E+03  0.4839814E+03  0.9819288E+03  0.1705533E+04  0.5336076E+04  0.5413921E+04  0.5569609E+04  0.5803142E+04  0.6114519E+04  0.5323102E+04  0.9730537E+03  0.6314501E+02  0.1426674E+03
  0.5950000E+00  0.2487733E+02  0.1766146E+03  0.4924553E+03  0.9971322E+03  0.1727744E+04  0.5260546E+04  0.5333317E+04  0.5478861E+04  0.5697177E+04  0.5988264E+04  0.5248417E+04  0.9096485E+03  0.6056592E+02  0.1411846E+03
  0.6050000E+00  0.2539242E+02  0.1801444E+03  0.5016360E+03  0.1013842E+04  0.1752726E+04  0.5193911E+04  0.5262141E+04  0.5398602E+04  0.5603293E+04  0.5876215E+04  0.5182539E+04  0.8528803E+03  0.5987947E+02  0.1372757E+03
  0.6150000E+00  0.2586467E+02  0.1834107E+03  0.5102929E+03  0.1030091E+04  0.1778177E+04  0.5120167E+04  0.5185109E+04  0.5314993E+04  0.5509819E+04  0.5769588E+04  0.5109344E+04  0.8117754E+03  0.6045795E+02  0.1391513E+03
  0.6250000E+00  0.2636230E+02  0.1868416E+03  0.5193277E+03  0.1046876E+04  0.1804068E+04  0.5053364E+04  0.5114844E+04  0.5237804E+04  0.5422244E+04  0.5668165E+04  0.5043117E+04  0.7685012E+03  0.5934352E+02  0.1369404E+03
  0.6350000E+00  0.2688908E+02  0.1904700E+03  0.5288645E+03  0.1064537E+04  0.1831187E+04  0.4993641E+04  0.5051676E+04  0.5167745E+04  0.5341850E+04  0.5573989E+04  0.4983968E+04  0.7254348E+03  0.5885189E+02  0.1344334E+03
  0.6450000E+00  0.2739609E+02  0.1939273E+03  0.5377629E+03  0.1080450E+04  0.1854307E+04  0.4931709E+04  0.4985658E+04  0.5093557E+04  0.5255405E+04  0.5471203E+04  0.4922717E+04  0.6743685E+03  0.5659376E+02  0.1308596E+03
  0.6550000E+00  0.2789006E+02  0.1973556E+03  0.5469129E+03  0.1097814E+04  0.1881937E+04  0.4868721E+04  0.4920321E+04  0.5023521E+04  0.5178321E+04  0.5384720E+04  0.4860121E+04  0.6449986E+03  0.5635259E+02  0.1315981E+03
  0.6650000E+00  0.2838093E+02  0.2007438E+03  0.5558559E+03  0.1114490E+04  0.1907805E+04  0.4806795E+04  0.4855725E+04  0.4953586E+04  0.5100377E+04  0.5296098E+04  0.4798640E+04  0.6116296E+03  0.5617782E+02  0.1263077E+03
  0.6750000E+00  0.2887387E+02  0.2041572E+03  0.5649242E+03  0.1131576E+04  0.1934713E+04  0.4746681E+04  0.4793322E+04  0.4886604E+04  0.5026527E+04  0.5213092E+04  0.4738908E+04  0.5830127E+03  0.5426134E+02  0.1243292E+03
  0.6850000E+00  0.2941858E+02  0.2078814E+03  0.5745637E+03  0.1148979E+04  0.1960396E+04  0.4696433E+04  0.4739752E+04  0.4826389E+04  0.4956346E+04  0.5129621E+04  0.4689213E+04  0.5414852E+03  0.5419028E+02  0.1235874E+03
  0.6950000E+00  0.2989674E+02  0.2111955E+03  0.5833848E+03  0.1165648E+04  0.1986760E+04  0.4636595E+04  0.4677965E+04  0.4760705E+04  0.4884814E+04  0.5050294E+04  0.4629700E+04  0.5171236E+03  0.5293474E+02  0.1202669E+03
  0.7050000E+00  0.3040444E+02  0.2147132E+03  0.5927410E+03  0.1183309E+04  0.2014647E+04  0.4582705E+04  0.4622150E+04  0.4701039E+04  0.4819373E+04  0.4977151E+04  0.4576131E+04  0.4930570E+03  0.5268097E+02  0.1215555E+03
  0.7150000E+00  0.3091852E+02  0.2182773E+03  0.6022334E+03  0.1201263E+04  0.2043083E+04  0.4530927E+04  0.4568575E+04  0.4643871E+04  0.4756816E+04  0.4907408E+04  0.4524652E+04  0.4706017E+03  0.5257550E+02  0.1197252E+03
  0.7250000E+00  0.3145209E+02  0.2219173E+03  0.6116106E+03  0.1218058E+04  0.2067549E+04  0.4483182E+04  0.4517915E+04  0.4587380E+04  0.4691578E+04  0.4830509E+04  0.4477393E+04  0.4341581E+03  0.5200553E+02  0.1174764E+03
  0.7350000E+00  0.3195219E+02  0.2253685E+03  0.6207171E+03  0.1235030E+04  0.2093855E+04  0.4431577E+04  0.4464418E+04  0.4530100E+04  0.4628623E+04  0.4759987E+04  0.4426103E+04  0.4105135E+03  0.5104547E+02  0.1177184E+03
  0.7450000E+00  0.3246775E+02  0.2289526E+03  0.6303141E+03  0.1253336E+04  0.2123194E+04  0.4383136E+04  0.4414635E+04  0.4477634E+04  0.4572133E+04  0.4698130E+04  0.4377886E+04  0.3937432E+03  0.5017745E+02  0.1146158E+03
  0.7550000E+00  0.3295624E+02  0.2323417E+03  0.6393527E+03  0.1270469E+04  0.2150412E+04  0.4332142E+04  0.4362258E+04  0.4422490E+04  0.4512838E+04  0.4633302E+04  0.4327122E+04  0.3764505E+03  0.4935994E+02  0.1120041E+03
  0.7650000E+00  0.3351021E+02  0.2361380E+03  0.6492260E+03  0.1288439E+04  0.2177275E+04  0.4290812E+04  0.4318695E+04  0.4374460E+04  0.4458107E+04  0.4569638E+04  0.4286165E+04  0.3485322E+03  0.4953293E+02  0.1103211E+03
  0.7750000E+00  0.3397988E+02  0.2394213E+03  0.6581146E+03  0.1305681E+04  0.2205552E+04  0.4239453E+04  0.4266545E+04  0.4320728E+04  0.4402003E+04  0.4510370E+04  0.4234938E+04  0.3386459E+03  0.4892033E+02  0.1113706E+03
  0.7850000E+00  0.3451201E+02  0.2430713E+03  0.6676261E+03  0.1323049E+04  0.2231648E+04  0.4197063E+04  0.4222203E+04  0.4272483E+04  0.4347904E+04  0.4448465E+04  0.4192873E+04  0.3142532E+03  0.4819104E+02  0.1099601E+03
  0.7950000E+00  0.3501441E+02  0.2465595E+03  0.6769427E+03  0.1340750E+04  0.2259861E+04  0.4151821E+04  0.4175861E+04  0.4223941E+04  0.4296062E+04  0.4392222E+04  0.4147814E+04  0.3005016E+03  0.4726994E+02  0.1072253E+03
  0.8050000E+00  0.3553084E+02  0.2501305E+03  0.6864032E+03  0.1358495E+04  0.2287627E+04  0.4109175E+04  0.4131915E+04  0.4177394E+04  0.4245614E+04  0.4336573E+04  0.4105385E+04  0.2842477E+03  0.4534291E+02  0.1043135E+03
  0.8150000E+00  0.3605048E+02  0.2537273E+03  0.6959506E+03  0.1376460E+04  0.2315863E+04  0.4067715E+04  0.4089261E+04  0.4132354E+04  0.4196994E+04  0.4283180E+04  0.4064124E+04  0.2693320E+03  0.4603450E+02  0.1019104E+03
  0.8250000E+00  0.3654742E+02  0.2571901E+03  0.7052659E+03  0.1394356E+04  0.2344833E+04  0.4024493E+04  0.4045278E+04  0.4086849E+04  0.4149205E+04  0.4232347E+04  0.4021028E+04  0.2598183E+03  0.4609484E+02  0.1042251E+03
  0.8350000E+00  0.3708651E+02  0.2608724E+03  0.7147789E+03  0.1411475E+04  0.2369964E+04  0.3986846E+04  0.4005773E+04  0.4043629E+04  0.4100412E+04  0.4176124E+04  0.3983691E+04  0.2365974E+03  0.4588979E+02  0.1029050E+03
  0.8450000E+00  0.3758344E+02  0.2643166E+03  0.7239453E+03  0.1428795E+04  0.2397352E+04  0.3945304E+04  0.3963285E+04  0.3999246E+04  0.4053187E+04  0.4125109E+04  0.3942308E+04  0.2247559E+03  0.4522483E+02  0.1003643E+03
  0.8550000E+00  0.3810378E+02  0.2679288E+03  0.7335903E+03  0.1447112E+04  0.2426527E+04  0.3906998E+04  0.3924130E+04  0.3958395E+04  0.4009792E+04  0.4078321E+04  0.3904143E+04  0.2141531E+03  0.4501107E+02  0.9848863E+02
  0.8650000E+00  0.3860322E+02  0.2713726E+03  0.7426618E+03  0.1463972E+04  0.2452553E+04  0.3867345E+04  0.3883356E+04  0.3915378E+04  0.3963412E+04  0.4027456E+04  0.3864677E+04  0.2001393E+03  0.4337781E+02  0.9790960E+02
  0.8750000E+00  0.3911023E+02  0.2748841E+03  0.7519942E+03  0.1481565E+04  0.2480284E+04  0.3829189E+04  0.3844324E+04  0.3874595E+04  0.3920002E+04  0.3980544E+04  0.3826666E+04  0.1891949E+03  0.4316149E+02  0.9692890E+02
  0.8850000E+00  0.3961576E+02  0.2784089E+03  0.7614883E+03  0.1499840E+04  0.2509943E+04  0.3791575E+04  0.3806186E+04  0.3835408E+04  0.3879242E+04  0.3937687E+04  0.3789139E+04  0.1826403E+03  0.4295835E+02  0.9751869E+02
  0.8950000E+00  0.4014990E+02  0.2820825E+03  0.7711141E+03  0.1517577E+04  0.2536971E+04  0.3757445E+04  0.3770882E+04  0.3797755E+04  0.3838065E+04  0.3891812E+04  0.3755206E+04  0.1679585E+03  0.4257206E+02  0.9409425E+02
  0.9050000E+00  0.4064427E+02  0.2855109E+03  0.7802497E+03  0.1534871E+04  0.2564392E+04  0.3720191E+04  0.3732924E+04  0.3758388E+04  0.3796584E+04  0.3847512E+04  0.3718069E+04  0.1591507E+03  0.4142736E+02  0.9234123E+02
  0.9150000E+00  0.4117646E+02  0.2891743E+03  0.7898651E+03  0.1552640E+04  0.2591583E+04  0.3687097E+04  0.3698781E+04  0.3722148E+04  0.3757199E+04  0.3803933E+04  0.3685150E+04  0.1460449E+03  0.4105866E+02  0.9273695E+02
  0.9250000E+00  0.4168470E+02  0.2926938E+03  0.7992166E+03  0.1570262E+04  0.2619344E+04  0.3652419E+04  0.3663387E+04  0.3685323E+04  0.3718227E+04  0.3762099E+04  0.3650591E+04  0.1370995E+03  0.4081753E+02  0.9209322E+02
  0.9350000E+00  0.4218498E+02  0.2961661E+03  0.8084845E+03  0.1587853E+04  0.2647339E+04  0.3617677E+04  0.3628058E+04  0.3648820E+04  0.3679963E+04  0.3721488E+04  0.3615946E+04  0.1297641E+03  0.4026547E+02  0.9029183E+02
  0.9450000E+00  0.4271610E+02  0.2998333E+03  0.8181709E+03  0.1605935E+04  0.2675434E+04  0.3586202E+04  0.3595774E+04  0.3614918E+04  0.3643634E+04  0.3681922E+04  0.3584607E+04  0.1196503E+03  0.4071036E+02  0.9093980E+02
  0.9550000E+00  0.4320521E+02  0.3032277E+03  0.8272286E+03  0.1623120E+04  0.2702770E+04  0.3551758E+04  0.3560794E+04  0.3578868E+04  0.3605978E+04  0.3642125E+04  0.3550252E+04  0.1129592E+03  0.3938849E+02  0.8924067E+02
  0.9650000E+00  0.4372105E+02  0.3067855E+03  0.8366053E+03  0.1640562E+04  0.2729729E+04  0.3520152E+04  0.3528409E+04  0.3544924E+04  0.3569695E+04  0.3602724E+04  0.3518776E+04  0.1032151E+03  0.3951138E+02  0.8780385E+02
  0.9750000E+00  0.4421922E+02  0.3102505E+03  0.8458930E+03  0.1658306E+04  0.2758230E+04  0.3487650E+04  0.3495495E+04  0.3511186E+04  0.3534722E+04  0.3566104E+04  0.3486342E+04  0.9806742E+02  0.3822669E+02  0.8577469E+02
  0.9850000E+00  0.4473340E+02  0.3138035E+03  0.8552925E+03  0.1675898E+04  0.2785665E+04  0.3457007E+04  0.3464197E+04  0.3478579E+04  0.3500150E+04  0.3528913E+04  0.3455808E+04  0.8988216E+02  0.3855286E+02  0.8558852E+02
  0.9950000E+00  0.4522547E+02  0.3172092E+03  0.8643311E+03  0.1692900E+04  0.2812380E+04  0.3425201E+04  0.3431839E+04  0.3445115E+04  0.3465029E+04  0.3491581E+04  0.3424094E+04  0.8297527E+02  0.3735760E+02  0.8425025E+02
