1.000000000000000048e-04 3.196044799190811432e+02
1.018618757990636889e-04 3.253108321958453644e+02
1.037584174130386683e-04 3.311184196224709808e+02
1.056902702763435280e-04 3.370291099063807678e+02
1.076580918405837677e-04 3.430451684621041863e+02
1.096625517982972484e-04 3.491690951546490851e+02
1.117043323108654298e-04 3.554034977019391590e+02
1.137841282406671159e-04 3.617510580284946400e+02
1.159026473875555805e-04 3.682135403805913256e+02
1.180606107297385961e-04 3.747915969592797296e+02
1.202587526691423979e-04 3.814857038294138647e+02
1.224978212813448823e-04 3.882961991099352304e+02
1.247785785701625405e-04 3.952241542992825316e+02
1.271018007269759508e-04 4.022730401981398813e+02
1.294682783948856639e-04 4.094469582810059478e+02
1.318788169377844424e-04 4.167502784132200304e+02
1.343342367144404262e-04 4.241873646793657144e+02
1.368353733576835286e-04 4.317604625671382337e+02
1.393830780587886845e-04 4.394706683175472790e+02
1.419782178571551826e-04 4.473189607385551767e+02
1.446216759353794693e-04 4.553062172032454100e+02
1.473143519198206292e-04 4.634338832421199754e+02
1.500571621867631414e-04 4.717042038108444899e+02
1.528510401742802342e-04 4.801195012409509104e+02
1.556969366999022759e-04 4.886821282770519019e+02
1.585958202842011142e-04 4.973948822376200951e+02
1.615486774803991923e-04 5.062619834001409913e+02
1.645565132101141912e-04 5.152881577496303862e+02
1.676203511053561853e-04 5.244784111130563815e+02
1.707412338568923985e-04 5.338376750437960254e+02
1.739202235690966278e-04 5.433675338905635499e+02
1.771584021214069331e-04 5.530674090563953769e+02
1.804568715365133496e-04 5.629363423787702914e+02
1.838167543553991402e-04 5.729730639473527845e+02
1.872391940193664781e-04 5.831795407498232180e+02
1.907253552591749841e-04 5.935628738099526345e+02
1.942764244914237906e-04 6.041310927374802304e+02
1.978936102223156684e-04 6.148928523562109376e+02
2.015781434589383866e-04 6.258556957473905413e+02
2.053312781282022484e-04 6.370208941184253035e+02
2.091542915035791929e-04 6.483878910670438245e+02
2.130484846397874728e-04 6.599557150335887172e+02
2.170151828155673804e-04 6.717233103683919353e+02
2.210557359847042556e-04 6.836934387746046013e+02
2.251715192354455768e-04 6.958716246118833624e+02
2.293639332584741688e-04 7.082637408614596097e+02
2.336344048235943036e-04 7.208759704358706131e+02
2.379843872652912906e-04 7.337135311473814454e+02
2.424153609773335033e-04 7.467797201042779989e+02
2.469288339165833478e-04 7.600776352777114653e+02
2.515263421161864177e-04 7.736103450507115440e+02
2.562094502083175928e-04 7.873810915384686950e+02
2.609797519566604005e-04 8.013940317572034928e+02
2.658388707987978817e-04 8.156536638947526399e+02
2.707884603987046170e-04 8.301645992096179043e+02
2.758302052095252827e-04 8.449315315744559030e+02
2.809658210468288773e-04 8.599587761504184300e+02
2.861970556725403872e-04 8.752503449731618730e+02
2.915256893897402246e-04 8.908102686526344769e+02
2.969535356485410670e-04 9.066426102648823644e+02
3.024824416632452238e-04 9.227523196058416488e+02
3.081142890409901557e-04 9.391460912151973162e+02
3.138509944221012080e-04 9.558311048700667243e+02
3.196945101323670456e-04 9.728148866527010341e+02
3.256468248474567954e-04 9.901044987409333089e+02
3.317099642697105932e-04 1.007702959618220802e+03
3.378859918175311614e-04 1.025611701474990241e+03
3.441770093276080573e-04 1.043831802523626720e+03
3.505851577702196234e-04 1.062364184649793060e+03
3.571126179778526255e-04 1.081213355245713501e+03
3.637616113873850436e-04 1.100387237954920465e+03
3.705344007960904894e-04 1.119894261606369810e+03
3.774332911317185486e-04 1.139743283836717637e+03
3.844606302369096319e-04 1.159942030709697292e+03
3.916188096682179866e-04 1.180495084989347561e+03
3.989102655100118587e-04 1.201406524694181826e+03
4.063374792035234838e-04 1.222680312337078476e+03
4.139029783913389295e-04 1.244320748882579892e+03
4.216093377776110925e-04 1.266334908521281477e+03
4.294591800042851142e-04 1.288731168552507825e+03
4.374551765436418527e-04 1.311518260509054244e+03
4.456000486074592469e-04 1.334705190215008770e+03
4.538965680730975877e-04 1.358299166269543093e+03
4.623475584268307609e-04 1.382305420506769906e+03
4.709558957247417807e-04 1.406729025494288635e+03
4.797245095715044075e-04 1.431574960472713656e+03
4.886563841173926972e-04 1.456848253168305064e+03
4.977545590738541520e-04 1.482554218414029492e+03
5.070221307479864242e-04 1.508698156111601293e+03
5.164622530962796956e-04 1.535285285465009338e+03
5.260781387979784549e-04 1.562321233045159715e+03
5.358730603484221930e-04 1.589815167863795523e+03
5.458503511727514279e-04 1.617778179173644276e+03
5.560134067603410713e-04 1.646221907849847412e+03
5.663656858203607774e-04 1.675158447880826088e+03
5.769107114588511737e-04 1.704596890252506455e+03
5.876520723777091089e-04 1.734542517514968495e+03
5.985934240960059461e-04 1.765000195081235233e+03
6.097384901940361554e-04 1.795974535119399206e+03
6.210910635805346565e-04 1.827470934162701724e+03
6.326550077834879179e-04 1.859497702475183814e+03
6.444342582649731452e-04 1.892063849762160771e+03
6.564328237604836330e-04 1.925178591617634311e+03
6.686547876431904415e-04 1.958851287153609746e+03
6.811043093135997744e-04 1.993090903114491994e+03
6.937856256150888535e-04 2.027906255046495744e+03
7.067030522757988559e-04 2.063306284368184606e+03
7.198609853773664091e-04 2.099300054637896665e+03
7.332639028510082053e-04 2.135896451947756759e+03
7.469163660014610474e-04 2.173104064107282738e+03
7.608230210592882006e-04 2.210931508667124945e+03
7.749886007620955617e-04 2.249387452709482659e+03
7.894179259651873870e-04 2.288480826987470209e+03
8.041159072822036792e-04 2.328221369622419388e+03
8.190875467563116935e-04 2.368619124078051755e+03
8.343379395625119847e-04 2.409684303868648840e+03
8.498722757416329746e-04 2.451427126927731933e+03
8.656958419666173962e-04 2.493856236944883221e+03
8.818140233416945414e-04 2.536979233226087217e+03
8.982323052350434057e-04 2.580803549633568764e+03
9.149562751455856497e-04 2.625336485849138626e+03
9.319916246045359138e-04 2.670587181386888460e+03
9.493441511123482980e-04 2.716567787648216381e+03
9.670197601117347906e-04 2.763291043858238027e+03
9.850244669974189595e-04 2.810770086850685402e+03
1.003364399163299931e-03 2.859017314784522569e+03
1.022045798087741148e-03 2.908040835549764324e+03
1.041075021457684184e-03 2.957847427532829897e+03
1.060458545332302119e-03 3.008443531071823600e+03
1.080202966346945981e-03 3.059835616157786262e+03
1.100315003958127810e-03 3.112034678345483826e+03
1.120801502730290819e-03 3.165055155284677767e+03
1.141669434665167245e-03 3.218912076878085372e+03
1.162925901574505139e-03 3.273621002933016371e+03
1.184578137496964268e-03 3.329194658109181546e+03
1.206633511160018317e-03 3.385640180340192728e+03
1.229099528487698038e-03 3.442963759868340276e+03
1.251983835155017540e-03 3.501171101586424356e+03
1.275294219189957150e-03 3.560267787843201404e+03
1.299038613623911854e-03 3.620260756206975657e+03
1.323225099191469196e-03 3.681157125984286267e+03
1.347861907080450360e-03 3.742963681347204783e+03
1.372957421733178281e-03 3.805687322491369741e+03
1.398520183699878544e-03 3.869341730080416255e+03
1.424558892545206177e-03 3.933946512482623802e+03
1.451082409808913606e-03 3.999522502472471388e+03
1.478099762021616026e-03 4.066091652923737911e+03
1.505620143776714541e-03 4.133669497197109195e+03
1.533652920859519646e-03 4.202257017520488262e+03
1.562207633434636476e-03 4.271852291924245947e+03
1.591293999292681506e-03 4.342451936442959777e+03
1.620921917157463034e-03 4.414053296891199352e+03
1.651101470054736975e-03 4.486664812130230530e+03
1.681842928743670961e-03 4.560299020387601558e+03
1.713156755212211745e-03 4.634968794308043471e+03
1.745053606237532712e-03 4.710687195932348004e+03
1.777544337012757587e-03 4.787464518883160963e+03
1.810640004841223422e-03 4.865308327391389867e+03
1.844351872899527766e-03 4.944225835505284522e+03
1.878691414070622016e-03 5.024223979704959675e+03
1.913670314848288411e-03 5.105310663411380119e+03
1.949300479314314532e-03 5.187496482119190659e+03
1.985594033189700368e-03 5.270792564740431771e+03
2.022563327961310244e-03 5.355210243494590031e+03
2.060220945085358690e-03 5.440759645464298046e+03
2.098579700269144477e-03 5.527441828300605266e+03
2.137652647832516666e-03 5.615253303471188701e+03
2.177453085150554777e-03 5.704189171447004810e+03
2.217994557178938446e-03 5.794243299971554734e+03
2.259290861063600799e-03 5.885414228837230439e+03
2.301356050836201629e-03 5.977705847689808252e+03
2.344204442197008950e-03 6.071121994530536540e+03
2.387850617386848631e-03 6.165666206208488802e+03
2.432309430149767054e-03 6.261342815952270030e+03
2.477596010788069535e-03 6.358158860043026834e+03
2.523725771311497411e-03 6.456121987236740097e+03
2.570714410682279835e-03 6.555240079948855964e+03
2.618577920157816232e-03 6.655519338798942954e+03
2.667332588732856859e-03 6.756951307949296279e+03
2.716995008683013337e-03 6.859519243283509240e+03
2.767582081211450527e-03 6.963203975499136504e+03
2.819111022200746896e-03 7.067984458883139268e+03
2.871599368071836751e-03 7.173857379280524583e+03
2.925064981752035359e-03 7.280842651956238115e+03
2.979526058754160094e-03 7.388963674807771895e+03
3.035001133368896934e-03 7.498246359899377239e+03
3.091509084972404210e-03 7.608703544445088482e+03
3.149069144451357560e-03 7.720301210843024819e+03
3.207700900747676494e-03 7.832992166286011525e+03
3.267424307525048505e-03 7.946723839395647701e+03
3.328259689959578698e-03 8.061443476705026114e+03
3.390227751656924634e-03 8.177142599563998374e+03
3.453349581698166287e-03 8.293838800602690753e+03
3.517646661816871412e-03 8.411552629983794759e+03
3.583140873709807911e-03 8.530307081930055574e+03
3.649854506483770408e-03 8.650104419215354937e+03
3.717810264241027274e-03 8.770915721542793108e+03
3.787031273806032699e-03 8.892707259259372222e+03
3.857541092596000667e-03 9.015442306924822333e+03
3.929363716637983284e-03 9.139083909815350125e+03
4.002523588735250673e-03 9.263602499708416872e+03
4.077045606785728062e-03 9.388968818925455707e+03
4.152955132255261271e-03 9.515151806443067471e+03
4.230277998808691306e-03 9.642120037755035810e+03
4.309040521101625484e-03 9.769856276517533843e+03
4.389269503735864983e-03 9.898352996723961041e+03
4.470992250381601758e-03 1.002760401406727397e+04
4.554236573069470051e-03 1.015760412294852904e+04
4.639030801655557625e-03 1.028832499991984696e+04
4.725403793462688330e-03 1.041969948013689282e+04
4.813384943101207784e-03 1.055165199736943759e+04
4.903004192472584614e-03 1.068410109821835431e+04
4.994292040959304527e-03 1.081697223784248672e+04
5.087279555804490212e-03 1.095024014259764954e+04
5.181998382684728684e-03 1.108389437442835515e+04
5.278480756479801868e-03 1.121792705864215895e+04
5.376759512242933886e-03 1.135232957441805411e+04
5.476868096375239574e-03 1.148704912340238297e+04
5.578840578008285173e-03 1.162199791974003892e+04
5.682711660598566313e-03 1.175708172192616439e+04
5.788516693737821156e-03 1.189220048482155653e+04
5.896291685183281325e-03 1.202727894169015417e+04
6.006073313111913795e-03 1.216229359619611205e+04
6.117898938602767643e-03 1.229722939251563184e+04
6.231806618351780694e-03 1.243207519485922239e+04
6.347835117623322129e-03 1.256680978759925347e+04
6.466023923442816568e-03 1.270134496296251928e+04
6.586413258035060496e-03 1.283556705753941606e+04
6.709044092512730928e-03 1.296935570464489683e+04
6.833958160819744894e-03 1.310258647192031276e+04
6.961197973934178662e-03 1.323517449812708401e+04
7.090806834335763517e-03 1.336707022576431154e+04
7.222828850742622764e-03 1.349822733436940325e+04
7.357308953122382138e-03 1.362860204455245548e+04
7.494292907982906364e-03 1.375812874550878769e+04
7.633827333947594551e-03 1.388669187313006842e+04
7.775959717620665838e-03 1.401416517338688391e+04
7.920738429747978607e-03 1.414041703052731646e+04
8.068212741678602168e-03 1.426531789231045514e+04
8.218432842132880264e-03 1.438877639377360902e+04
8.371449854282847144e-03 1.451071605499060206e+04
8.527315853150491815e-03 1.463106253276778625e+04
8.686083883330022667e-03 1.474974255744539369e+04
8.847807977040106006e-03 1.486665753019419390e+04
9.012543172512243669e-03 1.498168335625156760e+04
9.180345532721415069e-03 1.509469258079455540e+04
9.351272164465570386e-03 1.520555535844959559e+04
9.525381237800334411e-03 1.531413926322474617e+04
9.702732005835492182e-03 1.542030897023111720e+04
9.883384824900139781e-03 1.552392704585975480e+04
1.006740117508329001e-02 1.562485423220369739e+04
1.025484368115681978e-02 1.572295302261767938e+04
1.044577613388807981e-02 1.581810699459866737e+04
1.064026351174931183e-02 1.591021063232511005e+04
1.083837200303117664e-02 1.599916188737042648e+04
1.104016902836809852e-02 1.608486119337893797e+04
1.124572326368300859e-02 1.616717201110195674e+04
1.145510466355919785e-02 1.624591451367206901e+04
1.166838448504741235e-02 1.632090310024270366e+04
1.188563531191621191e-02 1.639194844901439137e+04
1.210693107935374886e-02 1.645887730850037406e+04
1.233234709912954356e-02 1.652156893869307169e+04
1.256196008522477044e-02 1.657991684173340036e+04
1.279584817993961038e-02 1.663382161522750903e+04
1.303409098048682532e-02 1.668318519449064479e+04
1.327676956608045238e-02 1.672786388832732337e+04
1.352396652552875778e-02 1.676769184114632299e+04
1.377576598534103851e-02 1.680250447823529976e+04
1.403225363835775182e-02 1.683213946984224822e+04
1.429351677291355351e-02 1.685644238428439348e+04
1.455964430254354063e-02 1.687526912522030034e+04
1.483072679624235397e-02 1.688848148950233735e+04
1.510685650928682983e-02 1.689594800105223476e+04
1.538812741463251900e-02 1.689754420465339354e+04
1.567463523489464813e-02 1.689315186395942874e+04
1.596647747492464450e-02 1.688266211504333842e+04
1.626375345499322250e-02 1.686597710378154443e+04
1.656656434459112537e-02 1.684300823653248517e+04
1.687501319685936682e-02 1.681365008191509696e+04
1.718920498366049293e-02 1.677779250097072509e+04
1.750924663130271758e-02 1.673533647998216111e+04
1.783524705692930007e-02 1.668619604491509745e+04
1.816731720558548493e-02 1.663030086671829486e+04
1.850557008797541758e-02 1.656759861217204525e+04
1.885012081892218153e-02 1.649805544267020014e+04
1.920108665654396071e-02 1.642165764744865373e+04
1.955858704215939978e-02 1.633840304966684926e+04
1.992274364093615108e-02 1.624827126215149292e+04
2.029368038329624341e-02 1.615125403423803436e+04
2.067152350709217101e-02 1.604736512835089707e+04
2.105640160056846191e-02 1.593664209194015712e+04
2.144844564612310642e-02 1.581913841209114253e+04
2.184778906488358055e-02 1.569492897130952224e+04
2.225456776211312895e-02 1.556411866527525672e+04
2.266892017346214608e-02 1.542684518318269511e+04
2.309098731208087882e-02 1.528325663792002160e+04
2.352091281660938227e-02 1.513349771088546004e+04
2.395884300006070194e-02 1.497774444349479018e+04
2.440492689961447359e-02 1.481621056208068512e+04
2.485931632733758001e-02 1.464913585834454352e+04
2.532216592184896586e-02 1.447673734134182450e+04
2.579363320094659948e-02 1.429925287725554699e+04
2.627387861521428281e-02 1.411696188582156901e+04
2.676306560262632639e-02 1.393018364115193071e+04
2.726136064416913654e-02 1.373924707987762304e+04
2.776893332049839777e-02 1.354449919551327912e+04
2.828595636965089075e-02 1.334633417961117266e+04
2.881260574583110329e-02 1.314519591219710674e+04
2.934906067929236861e-02 1.294150193828909141e+04
2.989550373733263280e-02 1.273557056577338517e+04
3.045212088642617818e-02 1.252774198281797362e+04
3.101910155551216783e-02 1.231839425900701826e+04
3.159663870046123396e-02 1.210791581243647852e+04
3.218492886974268219e-02 1.189657646150649998e+04
3.278417227131428385e-02 1.168462343291646539e+04
3.339457284075720428e-02 1.147232543444657131e+04
3.401633831067995412e-02 1.125998949564004761e+04
3.464968028141413720e-02 1.104818471036059600e+04
3.529481429302669393e-02 1.083773154961205364e+04
3.595195989867303044e-02 1.062953474632142388e+04
3.662134073931550687e-02 1.042458445796157685e+04
3.730318461983343770e-02 1.022368824673270319e+04
3.799772358655016669e-02 1.002714457022731585e+04
3.870519400620325845e-02 9.835188101196632488e+03
3.942583664638536767e-02 9.648055571248552951e+03
4.015989675748280613e-02 9.465983612772279230e+03
4.090762415613934111e-02 9.289200046628515338e+03
4.166927331027438924e-02 9.117929144255489518e+03
4.244510342568409006e-02 8.952391699572524885e+03
4.323537853425445804e-02 8.792800266805115825e+03
4.404036758381727618e-02 8.639242987164285296e+03
4.486034452967906094e-02 8.491676171390929085e+03
4.569558842785374775e-02 8.350018919325257230e+03
4.654638353003166112e-02 8.214152960048331806e+03
4.741301938031668856e-02 8.083923932258977402e+03
4.829579091376418054e-02 7.959150950056779038e+03
4.919499855675390360e-02 7.839608348460323214e+03
5.011094832923183862e-02 7.725021068508557619e+03
5.104395194885506803e-02 7.615071647103299256e+03
5.199432693707650016e-02 7.509463246497883119e+03
5.296239672720397945e-02 7.407877827796627571e+03
5.394849077447183561e-02 7.309944313298879933e+03
5.495294466816183498e-02 7.215230473973665539e+03
5.597610024581120558e-02 7.123165765213133454e+03
5.701830570954753707e-02 7.033022425523809034e+03
5.807991574458975376e-02 6.943978804335662062e+03
5.916129163995485080e-02 6.855118157100439930e+03
6.026280141141259622e-02 6.765500273889681921e+03
6.138481992672950582e-02 6.674310341481231262e+03
6.252772903324410603e-02 6.580687569527846790e+03
6.369191768781813645e-02 6.483685445748195889e+03
6.487778208920719214e-02 6.382341712915783319e+03
6.608572581289541559e-02 6.276242408299175622e+03
6.731615994844122874e-02 6.165254873618438069e+03
6.856950323938026948e-02 6.049248035722028362e+03
6.984618222573248103e-02 5.928095578414077863e+03
7.114663138916324514e-02 5.801811140978709773e+03
7.247129330084713106e-02 5.670603950670918493e+03
7.382061877208406786e-02 5.534724947641069775e+03
7.519506700772049523e-02 5.394467898794834582e+03
7.659510576242696545e-02 5.250232518714072285e+03
7.802121149988475168e-02 5.102673802177834659e+03
7.947386955493740412e-02 4.952563059804422664e+03
8.095357429876023914e-02 4.800753298416959296e+03
8.246082930710581238e-02 4.648207023411779119e+03
8.399614753168203884e-02 4.496188183519384438e+03
8.556005147472026118e-02 4.346179776202102403e+03
8.715307336679442574e-02 4.199759165092624244e+03
8.877575534795098533e-02 4.058575581683935980e+03
9.042864965221047990e-02 3.923798821276051058e+03
9.211231879550497992e-02 3.795938978534366925e+03
9.382733576711488332e-02 3.675646559930170952e+03
9.557428422466902884e-02 3.563952644403299928e+03
9.735375869277639038e-02 3.461936592780019055e+03
9.916636476535606315e-02 3.369753497176404380e+03
1.010127193117334454e-01 3.286993871900729573e+03
1.028934506865746418e-01 3.212567913987343672e+03
1.048091989437295174e-01 3.144587426820608925e+03
1.067606160540553323e-01 3.080667999171870179e+03
1.087483661272969776e-01 3.019633801408145700e+03
1.107731256380982965e-01 2.961215075971472743e+03
1.128355836562204700e-01 2.905514831635245173e+03
1.149364420810477933e-01 2.852828607908650156e+03
1.170764158804596805e-01 2.803208795959975760e+03
1.192562333341489894e-01 2.755265287381675989e+03
1.214766362814724415e-01 2.706946806752386692e+03
1.237383803739137977e-01 2.655906677550012319e+03
1.260422353322489530e-01 2.599571681808813537e+03
1.283889852084990069e-01 2.536819733169665597e+03
1.307794286527595162e-01 2.468479192567534028e+03
1.332143791849988712e-01 2.395624912302886514e+03
1.356946654719173029e-01 2.319479311580679678e+03
1.382211316089593522e-01 2.241432020278054097e+03
1.407946374075784157e-01 2.163063267195841490e+03
1.434160586878495958e-01 2.086138597356224182e+03
1.460862875765296387e-01 2.012598298624224299e+03
1.488062328106674881e-01 1.943705548162577998e+03
1.515768200468676774e-01 1.879678732723816665e+03
1.543989921763106177e-01 1.820660748885390603e+03
1.572737096456394423e-01 1.766728236479503039e+03
1.602019507838212953e-01 1.717467246886407793e+03
1.631847121350931962e-01 1.672168374911414048e+03
1.662230087981080573e-01 1.630029721380375122e+03
1.693178747713955379e-01 1.590513700121740840e+03
1.724703633052531437e-01 1.553504741884046780e+03
1.756815472601906958e-01 1.518894079962236447e+03
1.789525194720488210e-01 1.486105175826285858e+03
1.822843931239136461e-01 1.453496781295294113e+03
1.856783021249577281e-01 1.419105581364033924e+03
1.891354014963346764e-01 1.381835200630786858e+03
1.926568677642566674e-01 1.342984786374526038e+03
1.962438993603934922e-01 1.304342719483123801e+03
1.998977170297235872e-01 1.266820325696289274e+03
2.036195642459806276e-01 1.229753813110103238e+03
2.074107076348354617e-01 1.192350689117730326e+03
2.112724374049552156e-01 1.155000789987338976e+03
2.152060677870898386e-01 1.119061062729994774e+03
2.192129374813342746e-01 1.085765762293967327e+03
2.232944101127158631e-01 1.055445680723359601e+03
2.274518746952663151e-01 1.028184174604095915e+03
2.316867461047341648e-01 1.003328490189700005e+03
2.360004655600963508e-01 9.795425242245900108e+02
2.403945011140371790e-01 9.557292473973598135e+02
2.448703481525593140e-01 9.315429712339863499e+02
2.494295299038948310e-01 9.068428543681204701e+02
2.540735979568935488e-01 8.820722327907387807e+02
2.588041327890632792e-01 8.578266799132088636e+02
2.636227443044395491e-01 8.342645976657183837e+02
2.685310723814711698e-01 8.113225262405477451e+02
2.735307874311079801e-01 7.888616653369435880e+02
2.786235909652761689e-01 7.667607022003215889e+02
2.838112161759405172e-01 7.456331971344762906e+02
2.890954285249487388e-01 7.263993254026198656e+02
2.944780263448539270e-01 7.083883179518604720e+02
2.999608414509291610e-01 6.903096255980291289e+02
3.055457397645717776e-01 6.723951328533113383e+02
3.112346219483181908e-01 6.551093208915880268e+02
3.170294240526813079e-01 6.378468137906287438e+02
3.229321181750291481e-01 6.203612820207913501e+02
3.289447131307334793e-01 6.033883366361001208e+02
3.350692551368140704e-01 5.880526344586321557e+02
3.413078285083093744e-01 5.747918816487464255e+02
3.476625563676150610e-01 5.603630131786063657e+02
3.541356013670298175e-01 5.441009859201267318e+02
3.607291664247512242e-01 5.295624480267746321e+02
3.674454954745774993e-01 5.167498637476643353e+02
3.742868742295683004e-01 5.044559882132353437e+02
3.812556309599205995e-01 4.921210920442169368e+02
3.883541372853305251e-01 4.800572199361830030e+02
3.955848089821086822e-01 4.682816626457361053e+02
4.029501068053188972e-01 4.563809658961367290e+02
4.104525373262280508e-01 4.447644506051479425e+02
4.180946537853479361e-01 4.338100367754537388e+02
4.258790569613564725e-01 4.234318318204040565e+02
4.338083960562001962e-01 4.131886337672243030e+02
4.418853695966769579e-01 4.029703097774922753e+02
4.501127263528001410e-01 3.928437191165506306e+02
4.584932662732687514e-01 3.830815017026423561e+02
4.670298414383473595e-01 3.744204252336209606e+02
4.757253570304930124e-01 3.662373539262654276e+02
4.845827723230530792e-01 3.565497310219870997e+02
4.936051016873679309e-01 3.489602403980077270e+02
5.027954156186282830e-01 3.407816689005476860e+02
5.121568417808332052e-01 3.329672521384763968e+02
5.216925660711994039e-01 3.245846785159085925e+02
5.314058337043928715e-01 3.175556409060720853e+02
5.412999503169476645e-01 3.103511342118375183e+02
5.513782830922426825e-01 3.032559408455652488e+02
5.616442619064294650e-01 2.964915796979019547e+02
5.721013804956951443e-01 2.903262443463126488e+02
5.827531976452537954e-01 2.830687083313891890e+02
5.936033384004799629e-01 2.768504929275688369e+02
6.046554953005927047e-01 2.711663061836476345e+02
6.159134296353031557e-01 2.646731504057527786e+02
6.273809727248653711e-01 2.588659128539038647e+02
6.390620272239599942e-01 2.538967679648297633e+02
6.509605684498487310e-01 2.482943380912921896e+02
6.630806457352632632e-01 2.427583849663095634e+02
6.754263838064833436e-01 2.367676857325068625e+02
6.880019841870665953e-01 2.322125696167555020e+02
7.008117266277236190e-01 2.271844307814876913e+02
7.138599705628055903e-01 2.224503255001608011e+02
7.271511565939169364e-01 2.173609957240089727e+02
7.406898080011508068e-01 2.131349796069425793e+02
7.544805322824555960e-01 2.085148340409149341e+02
7.685280227216687576e-01 2.043379306835244904e+02
7.828370599857461531e-01 1.998061469951380502e+02
7.974125137517225070e-01 1.955328593250017377e+02
8.122593443639704036e-01 1.921451900611768338e+02
8.273826045223166004e-01 1.880059865511179567e+02
8.427874410015804285e-01 1.838973806569205749e+02
8.584790964031362437e-01 1.805135778354110982e+02
8.744629109390869015e-01 1.761817673556007264e+02
8.907443242496495550e-01 1.730611853095654169e+02
9.073288772543862679e-01 1.693514780461389080e+02
9.242222140379020567e-01 1.658950087945186169e+02
9.414300837706444103e-01 1.625790874170618281e+02
9.589583426654740839e-01 1.593327335746298559e+02
9.768129559706647536e-01 1.559285499119184522e+02
9.949999999999999956e-01 1.528583000000000141e+02
