1.000000000000000048e-04 -2.611921922366626632e+02
1.018618757990636889e-04 -2.658556243646830239e+02
1.037584174130386683e-04 -2.706017892617272196e+02
1.056902702763435280e-04 -2.754322132721749199e+02
1.076580918405837677e-04 -2.803487477601138380e+02
1.096625517982972484e-04 -2.853534356901343472e+02
1.117043323108654298e-04 -2.904484081672285924e+02
1.137841282406671159e-04 -2.956358569397651763e+02
1.159026473875555805e-04 -3.009172237957745892e+02
1.180606107297385961e-04 -3.062930417193256858e+02
1.202587526691423979e-04 -3.117636997487508097e+02
1.224978212813448823e-04 -3.173294741870664666e+02
1.247785785701625405e-04 -3.229912406800826830e+02
1.271018007269759508e-04 -3.287518356676634994e+02
1.294682783948856639e-04 -3.346146109974170599e+02
1.318788169377844424e-04 -3.405831378540426044e+02
1.343342367144404262e-04 -3.466609826964520948e+02
1.368353733576835286e-04 -3.528499805892644758e+02
1.393830780587886845e-04 -3.591510273902998733e+02
1.419782178571551826e-04 -3.655649229853259499e+02
1.446216759353794693e-04 -3.720923843622560980e+02
1.473143519198206292e-04 -3.787345928256414709e+02
1.500571621867631414e-04 -3.854933829967258134e+02
1.528510401742802342e-04 -3.923706527290018471e+02
1.556969366999022759e-04 -3.993683247284439517e+02
1.585958202842011142e-04 -4.064886850202295818e+02
1.615486774803991923e-04 -4.137351825195070205e+02
1.645565132101141912e-04 -4.211116794207750331e+02
1.676203511053561853e-04 -4.286222666123458112e+02
1.707412338568923985e-04 -4.362709742804234452e+02
1.739202235690966278e-04 -4.440590971542633838e+02
1.771584021214069331e-04 -4.519861623245999454e+02
1.804568715365133496e-04 -4.600513866848052658e+02
1.838167543553991402e-04 -4.682537323538428495e+02
1.872391940193664781e-04 -4.765948067542559556e+02
1.907253552591749841e-04 -4.850804130193645847e+02
1.942764244914237906e-04 -4.937171131508578696e+02
1.978936102223156684e-04 -5.025119800922096829e+02
2.015781434589383866e-04 -5.114711782265002284e+02
2.053312781282022484e-04 -5.205957463365077729e+02
2.091542915035791929e-04 -5.298852296135200959e+02
2.130484846397874728e-04 -5.393388339627437063e+02
2.170151828155673804e-04 -5.489556965629234355e+02
2.210557359847042556e-04 -5.587380742610743027e+02
2.251715192354455768e-04 -5.686904816368646607e+02
2.293639332584741688e-04 -5.788177181684660582e+02
2.336344048235943036e-04 -5.891248366130549812e+02
2.379843872652912906e-04 -5.996161010063334516e+02
2.424153609773335033e-04 -6.102942057099041904e+02
2.469288339165833478e-04 -6.211616823352043184e+02
2.515263421161864177e-04 -6.322210383043992579e+02
2.562094502083175928e-04 -6.434749230102472666e+02
2.609797519566604005e-04 -6.549267335242457193e+02
2.658388707987978817e-04 -6.665801457244483572e+02
2.707884603987046170e-04 -6.784389278828967917e+02
2.758302052095252827e-04 -6.905069157748566795e+02
2.809658210468288773e-04 -7.027876356670947189e+02
2.861970556725403872e-04 -7.152843660887700707e+02
2.915256893897402246e-04 -7.280004007348500181e+02
2.969535356485410670e-04 -7.409390598182130816e+02
3.024824416632452238e-04 -7.541043881939476705e+02
3.081142890409901557e-04 -7.675018565642195654e+02
3.138509944221012080e-04 -7.811373321656941471e+02
3.196945101323670456e-04 -7.950169652282206698e+02
3.256468248474567954e-04 -8.091465268432440325e+02
3.317099642697105932e-04 -8.235284834390356536e+02
3.378859918175311614e-04 -8.381640050516779183e+02
3.441770093276080573e-04 -8.530539724134662265e+02
3.505851577702196234e-04 -8.681991384792024746e+02
3.571126179778526255e-04 -8.836031863746970885e+02
3.637616113873850436e-04 -8.992725910725828271e+02
3.705344007960904894e-04 -9.152142403706250207e+02
3.774332911317185486e-04 -9.314353724714292184e+02
3.844606302369096319e-04 -9.479423007867403612e+02
3.916188096682179866e-04 -9.647387698881044571e+02
3.989102655100118587e-04 -9.818281118186691856e+02
4.063374792035234838e-04 -9.992135641910190316e+02
4.139029783913389295e-04 -1.016898641173790338e+03
4.216093377776110925e-04 -1.034889123264506225e+03
4.294591800042851142e-04 -1.053191855858813824e+03
4.374551765436418527e-04 -1.071813973796514347e+03
4.456000486074592469e-04 -1.090762836027300182e+03
4.538965680730975877e-04 -1.110044332700429095e+03
4.623475584268307609e-04 -1.129662738437625421e+03
4.709558957247417807e-04 -1.149622197647796384e+03
4.797245095715044075e-04 -1.169926778412032036e+03
4.886563841173926972e-04 -1.190580588374111358e+03
4.977545590738541520e-04 -1.211587969745841747e+03
5.070221307479864242e-04 -1.232953252468495293e+03
5.164622530962796956e-04 -1.254680700463225548e+03
5.260781387979784549e-04 -1.276774910488201385e+03
5.358730603484221930e-04 -1.299243374207765328e+03
5.458503511727514279e-04 -1.322095152475603072e+03
5.560134067603410713e-04 -1.345339756852432629e+03
5.663656858203607774e-04 -1.368987069096308232e+03
5.769107114588511737e-04 -1.393044516720819274e+03
5.876520723777091089e-04 -1.417516414771779637e+03
5.985934240960059461e-04 -1.442406737289206376e+03
6.097384901940361554e-04 -1.467719251240103858e+03
6.210910635805346565e-04 -1.493458364474733571e+03
6.326550077834879179e-04 -1.519630865894424460e+03
6.444342582649731452e-04 -1.546244115863520619e+03
6.564328237604836330e-04 -1.573305642856838858e+03
6.686547876431904415e-04 -1.600823092480951573e+03
6.811043093135997744e-04 -1.628803789526120454e+03
6.937856256150888535e-04 -1.657254935047952358e+03
7.067030522757988559e-04 -1.686183832787965684e+03
7.198609853773664091e-04 -1.715597886112006108e+03
7.332639028510082053e-04 -1.745504353154361979e+03
7.469163660014610474e-04 -1.775910248078057975e+03
7.608230210592882006e-04 -1.806822609127391615e+03
7.749886007620955617e-04 -1.838248514792652486e+03
7.894179259651873870e-04 -1.870195258796208691e+03
8.041159072822036792e-04 -1.902670794398891985e+03
8.190875467563116935e-04 -1.935683324119766894e+03
8.343379395625119847e-04 -1.969241189155977963e+03
8.498722757416329746e-04 -2.003352734011481971e+03
8.656958419666173962e-04 -2.038025016366873615e+03
8.818140233416945414e-04 -2.073264240080000491e+03
8.982323052350434057e-04 -2.109076473452393202e+03
9.149562751455856497e-04 -2.145467674764109688e+03
9.319916246045359138e-04 -2.182445305449236457e+03
9.493441511123482980e-04 -2.220019287890669602e+03
9.670197601117347906e-04 -2.258200024406647117e+03
9.850244669974189595e-04 -2.296998241781185243e+03
1.003364399163299931e-03 -2.336424062652095017e+03
1.022045798087741148e-03 -2.376484103083340869e+03
1.041075021457684184e-03 -2.417183892156665024e+03
1.060458545332302119e-03 -2.458528682066977581e+03
1.080202966346945981e-03 -2.500523748727726797e+03
1.100315003958127810e-03 -2.543178065755068474e+03
1.120801502730290819e-03 -2.586503419010098241e+03
1.141669434665167245e-03 -2.630512077641159976e+03
1.162925901574505139e-03 -2.675216743085626149e+03
1.184578137496964268e-03 -2.720627799115836751e+03
1.206633511160018317e-03 -2.766751063185678049e+03
1.229099528487698038e-03 -2.813591577476362545e+03
1.251983835155017540e-03 -2.861153986668868129e+03
1.275294219189957150e-03 -2.909442834401374512e+03
1.299038613623911854e-03 -2.958463770835619016e+03
1.323225099191469196e-03 -3.008222593642437459e+03
1.347861907080450360e-03 -3.058724825561649141e+03
1.372957421733178281e-03 -3.109976083035662668e+03
1.398520183699878544e-03 -3.161987522269478177e+03
1.424558892545206177e-03 -3.214775142244480776e+03
1.451082409808913606e-03 -3.268355941127458209e+03
1.478099762021616026e-03 -3.322747830959065141e+03
1.505620143776714541e-03 -3.377963476305387303e+03
1.533652920859519646e-03 -3.434003649256178505e+03
1.562207633434636476e-03 -3.490866747100941666e+03
1.591293999292681506e-03 -3.548549970842795119e+03
1.620921917157463034e-03 -3.607051116175661264e+03
1.651101470054736975e-03 -3.666377041990627276e+03
1.681842928743670961e-03 -3.726537955121735649e+03
1.713156755212211745e-03 -3.787544333617845950e+03
1.745053606237532712e-03 -3.849406808122590974e+03
1.777544337012757587e-03 -3.912133744778556320e+03
1.810640004841223422e-03 -3.975731276949950370e+03
1.844351872899527766e-03 -4.040205249463130258e+03
1.878691414070622016e-03 -4.105561277696270736e+03
1.913670314848288411e-03 -4.171805764531849491e+03
1.949300479314314532e-03 -4.238947309787689846e+03
1.985594033189700368e-03 -4.306994946167641501e+03
2.022563327961310244e-03 -4.375957869360458972e+03
2.060220945085358690e-03 -4.445844286911698873e+03
2.098579700269144477e-03 -4.516654992017400218e+03
2.137652647832516666e-03 -4.588387059495963513e+03
2.177453085150554777e-03 -4.661036407669187611e+03
2.217994557178938446e-03 -4.734597943779215711e+03
2.259290861063600799e-03 -4.809070388840791566e+03
2.301356050836201629e-03 -4.884456831057790623e+03
2.344204442197008950e-03 -4.960760312080450603e+03
2.387850617386848631e-03 -5.037983622808241307e+03
2.432309430149767054e-03 -5.116130199965866268e+03
2.477596010788069535e-03 -5.195205683845010753e+03
2.523725771311497411e-03 -5.275216209763604638e+03
2.570714410682279835e-03 -5.356168098231311888e+03
2.618577920157816232e-03 -5.438066289720555687e+03
2.667332588732856859e-03 -5.520903743133641001e+03
2.716995008683013337e-03 -5.604666639217073680e+03
2.767582081211450527e-03 -5.689339170991219362e+03
2.819111022200746896e-03 -5.774903991851687351e+03
2.871599368071836751e-03 -5.861358236177487015e+03
2.925064981752035359e-03 -5.948718010259355651e+03
2.979526058754160094e-03 -6.037002257479980472e+03
3.035001133368896934e-03 -6.126231966328179624e+03
3.091509084972404210e-03 -6.216417437102416443e+03
3.149069144451357560e-03 -6.307530669035298160e+03
3.207700900747676494e-03 -6.399532900049077398e+03
3.267424307525048505e-03 -6.492380962026551970e+03
3.328259689959578698e-03 -6.586031526686626421e+03
3.390227751656924634e-03 -6.680477438466031344e+03
3.453349581698166287e-03 -6.775732819967745854e+03
3.517646661816871412e-03 -6.871814201195811620e+03
3.583140873709807911e-03 -6.968740095822069634e+03
3.649854506483770408e-03 -7.066512068608862137e+03
3.717810264241027274e-03 -7.165106197343151507e+03
3.787031273806032699e-03 -7.264494618771964269e+03
3.857541092596000667e-03 -7.364647009923723999e+03
3.929363716637983284e-03 -7.465532847238844624e+03
4.002523588735250673e-03 -7.567127626071371196e+03
4.077045606785728062e-03 -7.669407084253727589e+03
4.152955132255261271e-03 -7.772345471557722703e+03
4.230277998808691306e-03 -7.875916725324000254e+03
4.309040521101625484e-03 -7.980106355322481249e+03
4.389269503735864983e-03 -8.084907785562627396e+03
4.470992250381601758e-03 -8.190315517501988325e+03
4.554236573069470051e-03 -8.296324834330269368e+03
4.639030801655557625e-03 -8.402912117471478268e+03
4.725403793462688330e-03 -8.510022006277597029e+03
4.813384943101207784e-03 -8.617592259833276330e+03
4.903004192472584614e-03 -8.725555814245242800e+03
4.994292040959304527e-03 -8.833851231232732971e+03
5.087279555804490212e-03 -8.942457291074706518e+03
5.181998382684728684e-03 -9.051364867754817169e+03
5.278480756479801868e-03 -9.160566902748103530e+03
5.376759512242933886e-03 -9.270055704116612105e+03
5.476868096375239574e-03 -9.379787479044563952e+03
5.578840578008285173e-03 -9.489689844777654798e+03
5.682711660598566313e-03 -9.599685126854357804e+03
5.788516693737821156e-03 -9.709690892931232156e+03
5.896291685183281325e-03 -9.819644921955090467e+03
6.006073313111913795e-03 -9.929527236293975875e+03
6.117898938602767643e-03 -1.003932472135193348e+04
6.231806618351780694e-03 -1.014902743083701171e+04
6.347835117623322129e-03 -1.025861715880807424e+04
6.466023923442816568e-03 -1.036802098223788380e+04
6.586413258035060496e-03 -1.047714517624512337e+04
6.709044092512730928e-03 -1.058589052160723077e+04
6.833958160819744894e-03 -1.069415446842454185e+04
6.961197973934178662e-03 -1.080186674069907167e+04
7.090806834335763517e-03 -1.090898585203417679e+04
7.222828850742622764e-03 -1.101547291428847348e+04
7.357308953122382138e-03 -1.112129109716255698e+04
7.494292907982906364e-03 -1.122638572757760994e+04
7.633827333947594551e-03 -1.133066134223373228e+04
7.775959717620665838e-03 -1.143401372592876396e+04
7.920738429747978607e-03 -1.153633427845588631e+04
8.068212741678602168e-03 -1.163751607757274360e+04
8.218432842132880264e-03 -1.173748327716220956e+04
8.371449854282847144e-03 -1.183617240260107246e+04
8.527315853150491815e-03 -1.193352130392571598e+04
8.686083883330022667e-03 -1.202946889048979210e+04
8.847807977040106006e-03 -1.212393343747684048e+04
9.012543172512243669e-03 -1.221681234347364625e+04
9.180345532721415069e-03 -1.230800029599732079e+04
9.351272164465570386e-03 -1.239739000295187907e+04
9.525381237800334411e-03 -1.248487207165741893e+04
9.702732005835492182e-03 -1.257033475953564812e+04
9.883384824900139781e-03 -1.265366458126501311e+04
1.006740117508329001e-02 -1.273474661196532361e+04
1.025484368115681978e-02 -1.281346733103760926e+04
1.044577613388807981e-02 -1.288973044597245098e+04
1.064026351174931183e-02 -1.296344854187079545e+04
1.083837200303117664e-02 -1.303453704430510152e+04
1.104016902836809852e-02 -1.310291342154377890e+04
1.124572326368300859e-02 -1.316846505657270609e+04
1.145510466355919785e-02 -1.323104408658453576e+04
1.166838448504741235e-02 -1.329049803139584401e+04
1.188563531191621191e-02 -1.334667144976053714e+04
1.210693107935374886e-02 -1.339942206407366393e+04
1.233234709912954356e-02 -1.344865039667564997e+04
1.256196008522477044e-02 -1.349426865968356287e+04
1.279584817993961038e-02 -1.353619490518311432e+04
1.303409098048682532e-02 -1.357434830496400900e+04
1.327676956608045238e-02 -1.360861101829397012e+04
1.352396652552875778e-02 -1.363884731025196015e+04
1.377576598534103851e-02 -1.366492260365881339e+04
1.403225363835775182e-02 -1.368670425562135824e+04
1.429351677291355351e-02 -1.370406625997837182e+04
1.455964430254354063e-02 -1.371689114429347137e+04
1.483072679624235397e-02 -1.372506639460836595e+04
1.510685650928682983e-02 -1.372848514271225577e+04
1.538812741463251900e-02 -1.372704642825586416e+04
1.567463523489464813e-02 -1.372065455971826668e+04
1.596647747492464450e-02 -1.370922160549935325e+04
1.626375345499322250e-02 -1.369266893988066840e+04
1.656656434459112537e-02 -1.367092550040894093e+04
1.687501319685936682e-02 -1.364390690839174567e+04
1.718920498366049293e-02 -1.361152519775515248e+04
1.750924663130271758e-02 -1.357370182169682994e+04
1.783524705692930007e-02 -1.353036897499964834e+04
1.816731720558548493e-02 -1.348147199958769124e+04
1.850557008797541758e-02 -1.342697091731739238e+04
1.885012081892218153e-02 -1.336684129815401138e+04
1.920108665654396071e-02 -1.330107510875930893e+04
1.955858704215939978e-02 -1.322967437123845411e+04
1.992274364093615108e-02 -1.315262602454330590e+04
2.029368038329624341e-02 -1.306992778079529307e+04
2.067152350709217101e-02 -1.298159538765829711e+04
2.105640160056846191e-02 -1.288766407522341251e+04
2.144844564612310642e-02 -1.278818235688895402e+04
2.184778906488358055e-02 -1.268321655987141094e+04
2.225456776211312895e-02 -1.257285727268797382e+04
2.266892017346214608e-02 -1.245722214904394423e+04
2.309098731208087882e-02 -1.233643732818898025e+04
2.352091281660938227e-02 -1.221062664326198683e+04
2.395884300006070194e-02 -1.207993939563755885e+04
2.440492689961447359e-02 -1.194455542818672984e+04
2.485931632733758001e-02 -1.180467586845283586e+04
2.532216592184896586e-02 -1.166048365883719453e+04
2.579363320094659948e-02 -1.151217870410224896e+04
2.627387861521428281e-02 -1.135999438247521175e+04
2.676306560262632639e-02 -1.120419599902883965e+04
2.726136064416913654e-02 -1.104505691639458018e+04
2.776893332049839777e-02 -1.088286467539478144e+04
2.828595636965089075e-02 -1.071794460467766839e+04
2.881260574583110329e-02 -1.055066142368072906e+04
2.934906067929236861e-02 -1.038135862611568700e+04
2.989550373733263280e-02 -1.021029953122937877e+04
3.045212088642617818e-02 -1.003776497565095269e+04
3.101910155551216783e-02 -9.864065770569715824e+03
3.159663870046123396e-02 -9.689520185787900118e+03
3.218492886974268219e-02 -9.514351556546671418e+03
3.278417227131428385e-02 -9.338765052551992994e+03
3.339457284075720428e-02 -9.162982256903598682e+03
3.401633831067995412e-02 -8.987255942959714957e+03
3.464968028141413720e-02 -8.812045198495399745e+03
3.529481429302669393e-02 -8.638008268598956420e+03
3.595195989867303044e-02 -8.465867279637759566e+03
3.662134073931550687e-02 -8.296409798760660124e+03
3.730318461983343770e-02 -8.130275321405759314e+03
3.799772358655016669e-02 -7.967697326244141550e+03
3.870519400620325845e-02 -7.808859115743464827e+03
3.942583664638536767e-02 -7.653942410977510008e+03
4.015989675748280613e-02 -7.503128889634992447e+03
4.090762415613934111e-02 -7.356590968807883655e+03
4.166927331027438924e-02 -7.214497610341587460e+03
4.244510342568409006e-02 -7.077012610253731509e+03
4.323537853425445804e-02 -6.944292427373930877e+03
4.404036758381727618e-02 -6.816393396935651253e+03
4.486034452967906094e-02 -6.693268673712448617e+03
4.569558842785374775e-02 -6.574839994847592607e+03
4.654638353003166112e-02 -6.460999517258543165e+03
4.741301938031668856e-02 -6.351614612432116701e+03
4.829579091376418054e-02 -6.246526848736289139e+03
4.919499855675390360e-02 -6.145546153128919286e+03
5.011094832923183862e-02 -6.048441597366414499e+03
5.104395194885506803e-02 -5.954952590983964001e+03
5.199432693707650016e-02 -5.864834809978085104e+03
5.296239672720397945e-02 -5.777827608760688236e+03
5.394849077447183561e-02 -5.693631673701526779e+03
5.495294466816183498e-02 -5.611903048225121893e+03
5.597610024581120558e-02 -5.532193987068647402e+03
5.701830570954753707e-02 -5.453941480509482972e+03
5.807991574458975376e-02 -5.376516467268568704e+03
5.916129163995485080e-02 -5.299223551944981409e+03
6.026280141141259622e-02 -5.221358245059270303e+03
6.138481992672950582e-02 -5.142319390366911648e+03
6.252772903324410603e-02 -5.061478830029247547e+03
6.369191768781813645e-02 -4.978153199577549458e+03
6.487778208920719214e-02 -4.891656701745051578e+03
6.608572581289541559e-02 -4.801721081038252123e+03
6.731615994844122874e-02 -4.708292308353561566e+03
6.856950323938026948e-02 -4.611322167551660641e+03
6.984618222573248103e-02 -4.510770920134814332e+03
7.114663138916324514e-02 -4.406705039368594953e+03
7.247129330084713106e-02 -4.299341487290871555e+03
7.382061877208406786e-02 -4.188933870968309748e+03
7.519506700772049523e-02 -4.075785948045996065e+03
7.659510576242696545e-02 -3.960299596937894421e+03
7.802121149988475168e-02 -3.843059130065531008e+03
7.947386955493740412e-02 -3.724739619908348232e+03
8.095357429876023914e-02 -3.606075006233802469e+03
8.246082930710581238e-02 -3.487860520734643615e+03
8.399614753168203884e-02 -3.371044673527047962e+03
8.556005147472026118e-02 -3.256573324841408066e+03
8.715307336679442574e-02 -3.145297107125390085e+03
8.877575534795098533e-02 -3.038063861384017855e+03
9.042864965221047990e-02 -2.935275181410250752e+03
9.211231879550497992e-02 -2.836833018343817002e+03
9.382733576711488332e-02 -2.742859822759269719e+03
9.557428422466902884e-02 -2.654210407973064775e+03
9.735375869277639038e-02 -2.572166238248729314e+03
9.916636476535606315e-02 -2.497111395800915489e+03
1.010127193117334454e-01 -2.428918700457538762e+03
1.028934506865746418e-01 -2.366680876567266750e+03
1.048091989437295174e-01 -2.308422069238395579e+03
1.067606160540553323e-01 -2.251530576740941342e+03
1.087483661272969776e-01 -2.195621665693374325e+03
1.107731256380982965e-01 -2.141869670019188561e+03
1.128355836562204700e-01 -2.092064359319083451e+03
1.149364420810477933e-01 -2.048369029259828494e+03
1.170764158804596805e-01 -2.012293096855918066e+03
1.192562333341489894e-01 -1.981377320912782352e+03
1.214766362814724415e-01 -1.951510640047605193e+03
1.237383803739137977e-01 -1.918004880843021965e+03
1.260422353322489530e-01 -1.875762773601765048e+03
1.283889852084990069e-01 -1.823053445483417818e+03
1.307794286527595162e-01 -1.762615667451279023e+03
1.332143791849988712e-01 -1.697837621181123041e+03
1.356946654719173029e-01 -1.632519362325157999e+03
1.382211316089593522e-01 -1.569462682400166386e+03
1.407946374075784157e-01 -1.509111153990625098e+03
1.434160586878495958e-01 -1.451656320974624350e+03
1.460862875765296387e-01 -1.397298465081802533e+03
1.488062328106674881e-01 -1.346324373320593622e+03
1.515768200468676774e-01 -1.299141980074050025e+03
1.543989921763106177e-01 -1.256196928553235693e+03
1.572737096456394423e-01 -1.217802984846228583e+03
1.602019507838212953e-01 -1.182989886459840818e+03
1.631847121350931962e-01 -1.150040635578503043e+03
1.662230087981080573e-01 -1.117059693135334328e+03
1.693178747713955379e-01 -1.083306179327478276e+03
1.724703633052531437e-01 -1.049792607492443494e+03
1.756815472601906958e-01 -1.017770032461687947e+03
1.789525194720488210e-01 -9.878967521785414192e+02
1.822843931239136461e-01 -9.592688864765898415e+02
1.856783021249577281e-01 -9.306548893523648758e+02
1.891354014963346764e-01 -9.013871340345932595e+02
1.926568677642566674e-01 -8.723555393796344788e+02
1.962438993603934922e-01 -8.447610841988480388e+02
1.998977170297235872e-01 -8.188284527549730001e+02
2.036195642459806276e-01 -7.930848924604711101e+02
2.074107076348354617e-01 -7.658895932734205871e+02
2.112724374049552156e-01 -7.374623199940203904e+02
2.152060677870898386e-01 -7.095348889570252595e+02
2.192129374813342746e-01 -6.836192625803469127e+02
2.232944101127158631e-01 -6.598065733297520410e+02
2.274518746952663151e-01 -6.378406840950399328e+02
2.316867461047341648e-01 -6.174386159020796185e+02
2.360004655600963508e-01 -5.982857435785722373e+02
2.403945011140371790e-01 -5.799059236186872113e+02
2.448703481525593140e-01 -5.615121234906627024e+02
2.494295299038948310e-01 -5.424313525924833357e+02
2.540735979568935488e-01 -5.229829566796954623e+02
2.588041327890632792e-01 -5.037985787750312170e+02
2.636227443044395491e-01 -4.853920404458012285e+02
2.685310723814711698e-01 -4.681833339250674726e+02
2.735307874311079801e-01 -4.520036813029107066e+02
2.786235909652761689e-01 -4.363285437369453348e+02
2.838112161759405172e-01 -4.209173287682558566e+02
2.890954285249487388e-01 -4.057144767873078308e+02
2.944780263448539270e-01 -3.907149385271717392e+02
2.999608414509291610e-01 -3.760102629716298566e+02
3.055457397645717776e-01 -3.620901182208440900e+02
3.112346219483181908e-01 -3.492033107346633187e+02
3.170294240526813079e-01 -3.363225155431656503e+02
3.229321181750291481e-01 -3.230158834843097111e+02
3.289447131307334793e-01 -3.102223620119019074e+02
3.350692551368140704e-01 -2.983051447365324975e+02
3.413078285083093744e-01 -2.870316436985115729e+02
3.476625563676150610e-01 -2.758250282006969201e+02
3.541356013670298175e-01 -2.645381544995619834e+02
3.607291664247512242e-01 -2.536704090340899427e+02
3.674454954745774993e-01 -2.433674799060986800e+02
3.742868742295683004e-01 -2.334329180397723462e+02
3.812556309599205995e-01 -2.235391959859729809e+02
3.883541372853305251e-01 -2.141936082511876975e+02
3.955848089821086822e-01 -2.052892683394705671e+02
4.029501068053188972e-01 -1.960854194965999397e+02
4.104525373262280508e-01 -1.871736453547310362e+02
4.180946537853479361e-01 -1.785286075972783806e+02
4.258790569613564725e-01 -1.701614206551331279e+02
4.338083960562001962e-01 -1.624884010220185075e+02
4.418853695966769579e-01 -1.549005766707027192e+02
4.501127263528001410e-01 -1.470559796833623238e+02
4.584932662732687514e-01 -1.393589922495059170e+02
4.670298414383473595e-01 -1.324765421755224679e+02
4.757253570304930124e-01 -1.259721684641868364e+02
4.845827723230530792e-01 -1.186979051266991831e+02
4.936051016873679309e-01 -1.122810999375659549e+02
5.027954156186282830e-01 -1.057288254347728298e+02
5.121568417808332052e-01 -9.951274172940517815e+01
5.216925660711994039e-01 -9.346047718949517957e+01
5.314058337043928715e-01 -8.758408566404959572e+01
5.412999503169476645e-01 -8.180674009496371468e+01
5.513782830922426825e-01 -7.645573646847786620e+01
5.616442619064294650e-01 -7.106546084017224985e+01
5.721013804956951443e-01 -6.577993275696333342e+01
5.827531976452537954e-01 -6.036754232120555486e+01
5.936033384004799629e-01 -5.568560408435446618e+01
6.046554953005927047e-01 -5.064749644986986965e+01
6.159134296353031557e-01 -4.596232629651819224e+01
6.273809727248653711e-01 -4.136945989921837707e+01
6.390620272239599942e-01 -3.700501835011145602e+01
6.509605684498487310e-01 -3.270076793813692717e+01
6.630806457352632632e-01 -2.846985313252427474e+01
6.754263838064833436e-01 -2.449205031986246439e+01
6.880019841870665953e-01 -2.048968351336905869e+01
7.008117266277236190e-01 -1.663558990282986016e+01
7.138599705628055903e-01 -1.299216340511288514e+01
7.271511565939169364e-01 -9.582983125636946653e+00
7.406898080011508068e-01 -6.165966259593250065e+00
7.544805322824555960e-01 -2.900277657386725050e+00
7.685280227216687576e-01 2.435695692869653262e-01
7.828370599857461531e-01 3.233603026173469619e+00
7.974125137517225070e-01 6.092967333691675869e+00
8.122593443639704036e-01 8.848584064849635666e+00
8.273826045223166004e-01 1.149534087623772649e+01
8.427874410015804285e-01 1.387322011401981214e+01
8.584790964031362437e-01 1.620480666380041512e+01
8.744629109390869015e-01 1.828617506235973877e+01
8.907443242496495550e-01 2.026506193749630214e+01
9.073288772543862679e-01 2.220599800249883771e+01
9.242222140379020567e-01 2.383380578130160998e+01
9.414300837706444103e-01 2.537798123143162599e+01
9.589583426654740839e-01 2.662362035399142357e+01
9.768129559706647536e-01 2.769001578450054524e+01
9.949999999999999956e-01 2.808598440000000096e+01
