 1.1000E-05     6.3779E+01
 1.1919E-05     6.8887E+01
 1.2915E-05     7.4405E+01
 1.3995E-05     8.0364E+01
 1.5164E-05     8.6801E+01
 1.6431E-05     9.3753E+01
 1.7805E-05     1.0126E+02
 1.9292E-05     1.0937E+02
 2.0905E-05     1.1813E+02
 2.2652E-05     1.2759E+02
 2.4545E-05     1.3781E+02
 2.6596E-05     1.4885E+02
 2.8818E-05     1.6077E+02
 3.1227E-05     1.7365E+02
 3.3836E-05     1.8756E+02
 3.6664E-05     2.0258E+02
 3.9728E-05     2.1880E+02
 4.3048E-05     2.3633E+02
 4.6645E-05     2.5525E+02
 5.0543E-05     2.7569E+02
 5.4767E-05     2.9777E+02
 5.9344E-05     3.2162E+02
 6.4303E-05     3.4737E+02
 6.9677E-05     3.7519E+02
 7.5500E-05     4.0523E+02
 8.1809E-05     4.3767E+02
 8.8646E-05     4.7271E+02
 9.6054E-05     5.1056E+02
 1.0408E-04     5.5142E+02
 1.1278E-04     5.9556E+02
 1.2220E-04     6.4322E+02
 1.3242E-04     6.9469E+02
 1.4348E-04     7.5026E+02
 1.5547E-04     8.1027E+02
 1.6847E-04     8.7507E+02
 1.8254E-04     9.4503E+02
 1.9780E-04     1.0205E+03
 2.1433E-04     1.1021E+03
 2.3224E-04     1.1901E+03
 2.5165E-04     1.2851E+03
 2.7268E-04     1.3876E+03
 2.9547E-04     1.4982E+03
 3.2016E-04     1.6175E+03
 3.4691E-04     1.7463E+03
 3.7590E-04     1.8851E+03
 4.0732E-04     2.0348E+03
 4.4136E-04     2.1961E+03
 4.7824E-04     2.3700E+03
 5.1820E-04     2.5573E+03
 5.6151E-04     2.7589E+03
 6.0843E-04     2.9760E+03
 6.5928E-04     3.2096E+03
 7.1438E-04     3.4608E+03
 7.7408E-04     3.7308E+03
 8.3876E-04     4.0208E+03
 9.0886E-04     4.3322E+03
 9.8481E-04     4.6661E+03
 1.0671E-03     5.0240E+03
 1.1563E-03     5.4073E+03
 1.2529E-03     5.8173E+03
 1.3576E-03     6.2554E+03
 1.4711E-03     6.7229E+03
 1.5940E-03     7.2213E+03
 1.7272E-03     7.7516E+03
 1.8716E-03     8.3152E+03
 2.0280E-03     8.9128E+03
 2.1974E-03     9.5455E+03
 2.3811E-03     1.0214E+04
 2.5801E-03     1.0918E+04
 2.7957E-03     1.1658E+04
 3.0293E-03     1.2433E+04
 3.2825E-03     1.3244E+04
 3.5568E-03     1.4087E+04
 3.8540E-03     1.4962E+04
 4.1761E-03     1.5866E+04
 4.5251E-03     1.6795E+04
 4.9032E-03     1.7746E+04
 5.3130E-03     1.8712E+04
 5.7570E-03     1.9688E+04
 6.2381E-03     2.0665E+04
 6.7594E-03     2.1637E+04
 7.3243E-03     2.2592E+04
 7.9363E-03     2.3520E+04
 8.5996E-03     2.4407E+04
 9.3182E-03     2.5240E+04
 1.0097E-02     2.6003E+04
 1.0941E-02     2.6678E+04
 1.1855E-02     2.7248E+04
 1.2846E-02     2.7692E+04
 1.3919E-02     2.7992E+04
 1.5082E-02     2.8128E+04
 1.6343E-02     2.8081E+04
 1.7709E-02     2.7836E+04
 1.9188E-02     2.7381E+04
 2.0792E-02     2.6710E+04
 2.2530E-02     2.5825E+04
 2.4412E-02     2.4740E+04
 2.6452E-02     2.3479E+04
 2.8663E-02     2.2079E+04
 3.1058E-02     2.0591E+04
 3.3654E-02     1.9062E+04
 3.6466E-02     1.7545E+04
 3.9514E-02     1.6136E+04
 4.2816E-02     1.4887E+04
 4.6394E-02     1.3824E+04
 5.0271E-02     1.2941E+04
 5.4472E-02     1.2206E+04
 5.9024E-02     1.1561E+04
 6.3957E-02     1.0895E+04
 6.9302E-02     1.0090E+04
 7.5093E-02     9.1069E+03
 8.1368E-02     7.9779E+03
 8.8168E-02     6.8244E+03
 9.5536E-02     5.8553E+03
 1.0352E-01     5.1799E+03
 1.1217E-01     4.7612E+03
 1.2155E-01     4.4309E+03
 1.3170E-01     3.9714E+03
 1.4271E-01     3.3607E+03
 1.5463E-01     2.7893E+03
 1.6756E-01     2.4428E+03
 1.8156E-01     2.2317E+03
 1.9673E-01     1.9480E+03
 2.1317E-01     1.6111E+03
 2.3099E-01     1.3883E+03
 2.5029E-01     1.2307E+03
 2.7121E-01     1.0337E+03
 2.9387E-01     8.7912E+02
 3.1843E-01     7.6044E+02
 3.4504E-01     6.3759E+02
 3.7388E-01     5.4567E+02
 4.0512E-01     4.5978E+02
 4.3898E-01     3.8963E+02
 4.7566E-01     3.2786E+02
 5.1541E-01     2.7621E+02
 5.5848E-01     2.3189E+02
 6.0515E-01     1.9442E+02
 6.5573E-01     1.6275E+02
 7.1053E-01     1.3601E+02
 7.6990E-01     1.1348E+02
 8.3424E-01     9.4536E+01
 9.0396E-01     7.8642E+01
 9.7950E-01     6.5329E+01
 1.0614E+00     5.4196E+01
 1.1501E+00     4.4901E+01
 1.2462E+00     3.7153E+01
 1.3503E+00     3.0705E+01
 1.4631E+00     2.5347E+01
 1.5854E+00     2.0900E+01
 1.7179E+00     1.7215E+01
 1.8615E+00     1.4164E+01
 2.0170E+00     1.1643E+01
 2.1856E+00     9.5606E+00
 2.3682E+00     7.8434E+00
 2.5662E+00     6.4289E+00
 2.7806E+00     5.2646E+00
 3.0130E+00     4.3077E+00
 3.2648E+00     3.5218E+00
 3.5376E+00     2.8769E+00
 3.8332E+00     2.3484E+00
 4.1536E+00     1.9154E+00
 4.5007E+00     1.5612E+00
 4.8768E+00     1.2716E+00
 5.2843E+00     1.0350E+00
 5.7259E+00     8.4189E-01
 6.2044E+00     6.8436E-01
 6.7229E+00     5.5596E-01
 7.2848E+00     4.5140E-01
 7.8935E+00     3.6626E-01
 8.5532E+00     2.9703E-01
 9.2680E+00     2.4074E-01
 1.0042E+01     1.9502E-01
 1.0882E+01     1.5790E-01
 1.1791E+01     1.2777E-01
 1.2776E+01     1.0335E-01
 1.3844E+01     8.3554E-02
 1.5001E+01     6.7517E-02
 1.6255E+01     5.4534E-02
 1.7613E+01     4.4026E-02
 1.9085E+01     3.5529E-02
 2.0680E+01     2.8659E-02
 2.2408E+01     2.3107E-02
 2.4281E+01     1.8624E-02
 2.6310E+01     1.5004E-02
 2.8509E+01     1.2083E-02
 3.0891E+01     9.7264E-03
 3.3472E+01     7.8264E-03
 3.6270E+01     6.2953E-03
 3.9301E+01     5.0616E-03
 4.2585E+01     4.0681E-03
 4.6144E+01     3.2685E-03
 5.0000E+01     2.6248E-03
 5.4178E+01     2.1071E-03
 5.8706E+01     1.6908E-03
 6.3612E+01     1.3562E-03
 6.8928E+01     1.0873E-03
 7.4688E+01     8.7133E-04
 8.0930E+01     6.9794E-04
 8.7693E+01     5.5874E-04
 9.5021E+01     4.4707E-04
 1.0296E+02     3.5751E-04
 1.1157E+02     2.8570E-04
 1.2089E+02     2.2816E-04
 1.3099E+02     1.8207E-04
 1.4194E+02     1.4516E-04
 1.5380E+02     1.1564E-04
 1.6665E+02     9.2019E-05
 1.8058E+02     7.3144E-05
 1.9567E+02     5.8065E-05
 2.1202E+02     4.6031E-05
 2.2974E+02     3.6437E-05
 2.4894E+02     2.8791E-05
 2.6975E+02     2.2709E-05
 2.9229E+02     1.7876E-05
 3.1671E+02     1.4041E-05
 3.4318E+02     1.1005E-05
 3.7186E+02     8.6048E-06
 4.0294E+02     6.7127E-06
 4.3661E+02     5.2250E-06
 4.7310E+02     4.0583E-06
