  0.5000022E-02  0.1773795E+03  0.1241657E+04  0.3370211E+04  0.6563042E+04  0.1082015E+05  0.1330341E+06  0.3991022E+06  0.6651703E+06  0.9312384E+06  0.1197306E+07  0.1330341E+07  0.2132826E+06
  0.1500002E-01  0.3409329E+03  0.2386531E+04  0.6477726E+04  0.1261452E+05  0.2079691E+05  0.8523312E+05  0.2556994E+06  0.4261656E+06  0.5966319E+06  0.7670981E+06  0.8523312E+06  0.6591357E+05
  0.2500002E-01  0.3135881E+03  0.2195116E+04  0.5958173E+04  0.1160276E+05  0.1912887E+05  0.4703817E+05  0.1411145E+06  0.2351909E+06  0.3292672E+06  0.4233435E+06  0.4703817E+06  0.1651169E+05
  0.3500002E-01  0.2231895E+03  0.1562326E+04  0.4240600E+04  0.8258010E+04  0.1361456E+05  0.2391314E+05  0.7173943E+05  0.1195657E+06  0.1673920E+06  0.2152183E+06  0.2391314E+06  0.6823259E+04
  0.4500002E-01  0.1868529E+03  0.1307970E+04  0.3550205E+04  0.6913556E+04  0.1139803E+05  0.1557107E+05  0.4671320E+05  0.7785533E+05  0.1089975E+06  0.1401396E+06  0.1557107E+06  0.3514023E+04
  0.5500002E-01  0.1526579E+03  0.1068605E+04  0.2900500E+04  0.5648342E+04  0.9312132E+04  0.1040849E+05  0.3122547E+05  0.5204245E+05  0.7285943E+05  0.9367640E+05  0.1040849E+06  0.1974499E+04
  0.6500002E-01  0.1358303E+03  0.9508120E+03  0.2580775E+04  0.5025720E+04  0.8285647E+04  0.7836360E+04  0.2350908E+05  0.3918180E+05  0.5485452E+05  0.7052724E+05  0.7836360E+05  0.1287139E+04
  0.7500002E-01  0.1146673E+03  0.8026711E+03  0.2178679E+04  0.4242690E+04  0.6994705E+04  0.5733364E+04  0.1720009E+05  0.2866682E+05  0.4013354E+05  0.5160027E+05  0.5733364E+05  0.8419746E+03
  0.8500002E-01  0.9528779E+02  0.6670145E+03  0.1810468E+04  0.3525648E+04  0.5812555E+04  0.4203872E+04  0.1261162E+05  0.2101936E+05  0.2942710E+05  0.3783485E+05  0.4203872E+05  0.5556434E+03
  0.9500002E-01  0.7953899E+02  0.5567730E+03  0.1511241E+04  0.2942943E+04  0.4851879E+04  0.3139696E+04  0.9419089E+04  0.1569848E+05  0.2197788E+05  0.2825727E+05  0.3139696E+05  0.3909860E+03
  0.1050000E+00  0.7080409E+02  0.4956286E+03  0.1345278E+04  0.2619751E+04  0.4319049E+04  0.2528717E+04  0.7586152E+04  0.1264359E+05  0.1770102E+05  0.2275846E+05  0.2528717E+05  0.3090837E+03
  0.1150000E+00  0.6413517E+02  0.4489462E+03  0.1218568E+04  0.2373001E+04  0.3912246E+04  0.2091364E+04  0.6274093E+04  0.1045682E+05  0.1463955E+05  0.1882228E+05  0.2091364E+05  0.2204410E+03
  0.1250000E+00  0.5913131E+02  0.4139192E+03  0.1123495E+04  0.2187859E+04  0.3607010E+04  0.1773939E+04  0.5321818E+04  0.8869697E+04  0.1241758E+05  0.1596545E+05  0.1773939E+05  0.1898573E+03
  0.1350000E+00  0.5348226E+02  0.3743758E+03  0.1016163E+04  0.1978844E+04  0.3262418E+04  0.1485618E+04  0.4456855E+04  0.7428092E+04  0.1039933E+05  0.1337056E+05  0.1485618E+05  0.1468142E+03
  0.1450000E+00  0.4849436E+02  0.3394605E+03  0.9213928E+03  0.1794291E+04  0.2958156E+04  0.1254165E+04  0.3762494E+04  0.6270823E+04  0.8779152E+04  0.1128748E+05  0.1254165E+05  0.1081074E+03
  0.1550000E+00  0.4472354E+02  0.3130648E+03  0.8497472E+03  0.1654771E+04  0.2728136E+04  0.1082021E+04  0.3246063E+04  0.5410106E+04  0.7574148E+04  0.9738190E+04  0.1082021E+05  0.9654000E+02
  0.1650000E+00  0.4133354E+02  0.2893348E+03  0.7853373E+03  0.1529341E+04  0.2521346E+04  0.9393987E+03  0.2818196E+04  0.4696993E+04  0.6575791E+04  0.8454588E+04  0.9393987E+04  0.8482280E+02
  0.1750000E+00  0.3865595E+02  0.2705917E+03  0.7344631E+03  0.1430270E+04  0.2358013E+04  0.8283418E+03  0.2485025E+04  0.4141709E+04  0.5798393E+04  0.7455076E+04  0.8283418E+04  0.6657103E+02
  0.1850000E+00  0.3635608E+02  0.2544925E+03  0.6907655E+03  0.1345175E+04  0.2217721E+04  0.7369475E+03  0.2210843E+04  0.3684738E+04  0.5158633E+04  0.6632528E+04  0.7369475E+04  0.6210012E+02
  0.1950000E+00  0.3431739E+02  0.2402217E+03  0.6520304E+03  0.1269743E+04  0.2093361E+04  0.6599498E+03  0.1979849E+04  0.3299749E+04  0.4619648E+04  0.5939548E+04  0.6599498E+04  0.5714508E+02
  0.2050000E+00  0.3246283E+02  0.2272398E+03  0.6167938E+03  0.1201125E+04  0.1980233E+04  0.5938323E+03  0.1781497E+04  0.2969161E+04  0.4156826E+04  0.5344491E+04  0.5938323E+04  0.4363447E+02
  0.2150000E+00  0.3080945E+02  0.2156661E+03  0.5853795E+03  0.1139950E+04  0.1879376E+04  0.5373741E+03  0.1612122E+04  0.2686871E+04  0.3761619E+04  0.4836367E+04  0.5373741E+04  0.3795054E+02
  0.2250000E+00  0.2939162E+02  0.2057413E+03  0.5584407E+03  0.1087490E+04  0.1792889E+04  0.4898603E+03  0.1469581E+04  0.2449301E+04  0.3429022E+04  0.4408743E+04  0.4898603E+04  0.3679771E+02
  0.2350000E+00  0.2807573E+02  0.1965301E+03  0.5334388E+03  0.1038802E+04  0.1712619E+04  0.4480169E+03  0.1344051E+04  0.2240085E+04  0.3136118E+04  0.4032152E+04  0.4480169E+04  0.3297530E+02
  0.2450000E+00  0.2688583E+02  0.1882008E+03  0.5108308E+03  0.9947758E+03  0.1640036E+04  0.4115178E+03  0.1234553E+04  0.2057589E+04  0.2880625E+04  0.3703660E+04  0.4115178E+04  0.2807826E+02
  0.2550000E+00  0.2591754E+02  0.1814228E+03  0.4924333E+03  0.9589490E+03  0.1580970E+04  0.3811403E+03  0.1143421E+04  0.1905702E+04  0.2667982E+04  0.3430263E+04  0.3811403E+04  0.3024427E+02
  0.2650000E+00  0.2493466E+02  0.1745426E+03  0.4737585E+03  0.9225823E+03  0.1521014E+04  0.3528489E+03  0.1058547E+04  0.1764245E+04  0.2469943E+04  0.3175640E+04  0.3528489E+04  0.2521571E+02
  0.2750000E+00  0.2408147E+02  0.1685703E+03  0.4575480E+03  0.8910145E+03  0.1468970E+04  0.3283837E+03  0.9851511E+03  0.1641919E+04  0.2298686E+04  0.2955453E+04  0.3283837E+04  0.2455456E+02
  0.2850000E+00  0.2326147E+02  0.1628303E+03  0.4419679E+03  0.8606744E+03  0.1418950E+04  0.3060720E+03  0.9182159E+03  0.1530360E+04  0.2142504E+04  0.2754648E+04  0.3060720E+04  0.1919084E+02
  0.2950000E+00  0.2255403E+02  0.1578782E+03  0.4285267E+03  0.8344993E+03  0.1375796E+04  0.2867038E+03  0.8601115E+03  0.1433519E+04  0.2006927E+04  0.2580335E+04  0.2867038E+04  0.1948380E+02
  0.3050000E+00  0.2188567E+02  0.1531997E+03  0.4158278E+03  0.8097699E+03  0.1335026E+04  0.2690861E+03  0.8072584E+03  0.1345431E+04  0.1883603E+04  0.2421775E+04  0.2690861E+04  0.1647162E+02
  0.3150000E+00  0.2124191E+02  0.1486934E+03  0.4035964E+03  0.7859509E+03  0.1295757E+04  0.2528799E+03  0.7586398E+03  0.1264400E+04  0.1770160E+04  0.2275919E+04  0.2528799E+04  0.1645635E+02
  0.3250000E+00  0.2061669E+02  0.1443168E+03  0.3917171E+03  0.7628175E+03  0.1257618E+04  0.2378849E+03  0.7136547E+03  0.1189424E+04  0.1665194E+04  0.2140964E+04  0.2378849E+04  0.1476473E+02
  0.3350000E+00  0.2012631E+02  0.1408842E+03  0.3823999E+03  0.7446735E+03  0.1227705E+04  0.2252945E+03  0.6758835E+03  0.1126473E+04  0.1577062E+04  0.2027651E+04  0.2252945E+04  0.1558933E+02
  0.3450000E+00  0.1966233E+02  0.1376363E+03  0.3735842E+03  0.7275062E+03  0.1199402E+04  0.2137210E+03  0.6411629E+03  0.1068605E+04  0.1496047E+04  0.1923489E+04  0.2137210E+04  0.1371248E+02
  0.3550000E+00  0.1911974E+02  0.1338382E+03  0.3632751E+03  0.7074304E+03  0.1166304E+04  0.2019691E+03  0.6059073E+03  0.1009845E+04  0.1413784E+04  0.1817722E+04  0.2019691E+04  0.1234781E+02
  0.3650000E+00  0.1869384E+02  0.1308569E+03  0.3551830E+03  0.6916722E+03  0.1140325E+04  0.1920600E+03  0.5761801E+03  0.9603002E+03  0.1344420E+04  0.1728540E+04  0.1920600E+04  0.1106789E+02
  0.3750000E+00  0.1830583E+02  0.1281408E+03  0.3478108E+03  0.6773159E+03  0.1116656E+04  0.1830583E+03  0.5491750E+03  0.9152917E+03  0.1281408E+04  0.1647525E+04  0.1830583E+04  0.1142571E+02
  0.3850000E+00  0.1792104E+02  0.1254473E+03  0.3404999E+03  0.6630787E+03  0.1093184E+04  0.1745556E+03  0.5236669E+03  0.8727782E+03  0.1221889E+04  0.1571001E+04  0.1745556E+04  0.1171375E+02
  0.3950000E+00  0.1750858E+02  0.1225601E+03  0.3326630E+03  0.6478174E+03  0.1068023E+04  0.1662207E+03  0.4986620E+03  0.8311034E+03  0.1163545E+04  0.1495986E+04  0.1662207E+04  0.1024095E+02
  0.4050000E+00  0.1717979E+02  0.1202586E+03  0.3264161E+03  0.6356524E+03  0.1047967E+04  0.1590722E+03  0.4772165E+03  0.7953608E+03  0.1113505E+04  0.1431649E+04  0.1590722E+04  0.1037817E+02
  0.4150000E+00  0.1684534E+02  0.1179174E+03  0.3200614E+03  0.6232775E+03  0.1027566E+04  0.1522169E+03  0.4566508E+03  0.7610846E+03  0.1065518E+04  0.1369952E+04  0.1522169E+04  0.8845537E+01
  0.4250000E+00  0.1649712E+02  0.1154798E+03  0.3134453E+03  0.6103935E+03  0.1006324E+04  0.1455628E+03  0.4366885E+03  0.7278142E+03  0.1018940E+04  0.1310065E+04  0.1455628E+04  0.8897386E+01
  0.4350000E+00  0.1624344E+02  0.1137041E+03  0.3086254E+03  0.6010073E+03  0.9908498E+03  0.1400297E+03  0.4200890E+03  0.7001483E+03  0.9802076E+03  0.1260267E+04  0.1400297E+04  0.8517813E+01
  0.4450000E+00  0.1596533E+02  0.1117573E+03  0.3033413E+03  0.5907172E+03  0.9738851E+03  0.1345393E+03  0.4036179E+03  0.6726965E+03  0.9417751E+03  0.1210854E+04  0.1345393E+04  0.7592670E+01
  0.4550000E+00  0.1566318E+02  0.1096423E+03  0.2976005E+03  0.5795378E+03  0.9554541E+03  0.1290922E+03  0.3872765E+03  0.6454608E+03  0.9036451E+03  0.1161829E+04  0.1290922E+04  0.7344123E+01
  0.4650000E+00  0.1541803E+02  0.1079262E+03  0.2929425E+03  0.5704670E+03  0.9404996E+03  0.1243389E+03  0.3730168E+03  0.6216946E+03  0.8703724E+03  0.1119050E+04  0.1243389E+04  0.7352396E+01
  0.4750000E+00  0.1519679E+02  0.1063775E+03  0.2887390E+03  0.5622812E+03  0.9270041E+03  0.1199747E+03  0.3599240E+03  0.5998733E+03  0.8398226E+03  0.1079772E+04  0.1199747E+04  0.6642772E+01
  0.4850000E+00  0.1497960E+02  0.1048572E+03  0.2846124E+03  0.5542453E+03  0.9137557E+03  0.1158217E+03  0.3474650E+03  0.5791083E+03  0.8107516E+03  0.1042395E+04  0.1158217E+04  0.6988254E+01
  0.4950000E+00  0.1471226E+02  0.1029858E+03  0.2795329E+03  0.5443536E+03  0.8974478E+03  0.1114565E+03  0.3343695E+03  0.5572825E+03  0.7801955E+03  0.1003109E+04  0.1114565E+04  0.5954463E+01
  0.5050000E+00  0.1446549E+02  0.1012585E+03  0.2748444E+03  0.5352233E+03  0.8823952E+03  0.1074170E+03  0.3222511E+03  0.5370852E+03  0.7519193E+03  0.9667534E+03  0.1074170E+04  0.6192298E+01
  0.5150000E+00  0.1427038E+02  0.9989267E+02  0.2711372E+03  0.5280041E+03  0.8704933E+03  0.1039105E+03  0.3117316E+03  0.5195527E+03  0.7273738E+03  0.9351949E+03  0.1039105E+04  0.5708370E+01
  0.5250000E+00  0.1405989E+02  0.9841920E+02  0.2671378E+03  0.5202158E+03  0.8576530E+03  0.1004278E+03  0.3012833E+03  0.5021388E+03  0.7029943E+03  0.9038498E+03  0.1004278E+04  0.5393444E+01
  0.5350000E+00  0.1388291E+02  0.9718034E+02  0.2637752E+03  0.5136675E+03  0.8468572E+03  0.9731008E+02  0.2919302E+03  0.4865504E+03  0.6811706E+03  0.8757907E+03  0.9731008E+03  0.5672405E+01
  0.5450000E+00  0.1366792E+02  0.9567547E+02  0.2596906E+03  0.5057132E+03  0.8337434E+03  0.9404535E+02  0.2821360E+03  0.4702267E+03  0.6583174E+03  0.8464081E+03  0.9404535E+03  0.5256003E+01
  0.5550000E+00  0.1351029E+02  0.9457205E+02  0.2566956E+03  0.4998808E+03  0.8241279E+03  0.9128576E+02  0.2738573E+03  0.4564288E+03  0.6390003E+03  0.8215719E+03  0.9128576E+03  0.5295581E+01
  0.5650000E+00  0.1333472E+02  0.9334302E+02  0.2533596E+03  0.4933845E+03  0.8134178E+03  0.8850476E+02  0.2655143E+03  0.4425238E+03  0.6195333E+03  0.7965429E+03  0.8850476E+03  0.5154941E+01
  0.5750000E+00  0.1316681E+02  0.9216769E+02  0.2501695E+03  0.4871721E+03  0.8031756E+03  0.8587052E+02  0.2576116E+03  0.4293526E+03  0.6010937E+03  0.7728347E+03  0.8587052E+03  0.4701914E+01
  0.5850000E+00  0.1296950E+02  0.9078650E+02  0.2464205E+03  0.4798715E+03  0.7911395E+03  0.8313782E+02  0.2494135E+03  0.4156891E+03  0.5819647E+03  0.7482404E+03  0.8313782E+03  0.4651804E+01
  0.5950000E+00  0.1282072E+02  0.8974502E+02  0.2435936E+03  0.4743665E+03  0.7820638E+03  0.8080284E+02  0.2424085E+03  0.4040142E+03  0.5656199E+03  0.7272255E+03  0.8080284E+03  0.4210889E+01
  0.6050000E+00  0.1266629E+02  0.8866405E+02  0.2406596E+03  0.4686528E+03  0.7726439E+03  0.7851008E+02  0.2355302E+03  0.3925504E+03  0.5495705E+03  0.7065907E+03  0.7851008E+03  0.4265656E+01
  0.6150000E+00  0.1248811E+02  0.8741680E+02  0.2372742E+03  0.4620602E+03  0.7617750E+03  0.7614704E+02  0.2284411E+03  0.3807352E+03  0.5330293E+03  0.6853233E+03  0.7614704E+03  0.4279550E+01
  0.6250000E+00  0.1234159E+02  0.8639115E+02  0.2344903E+03  0.4566389E+03  0.7528371E+03  0.7404955E+02  0.2221487E+03  0.3702478E+03  0.5183469E+03  0.6664460E+03  0.7404955E+03  0.4387242E+01
  0.6350000E+00  0.1221525E+02  0.8550674E+02  0.2320897E+03  0.4519642E+03  0.7451302E+03  0.7213730E+02  0.2164119E+03  0.3606865E+03  0.5049611E+03  0.6492357E+03  0.7213730E+03  0.3974718E+01
  0.6450000E+00  0.1206280E+02  0.8443963E+02  0.2291933E+03  0.4463238E+03  0.7358311E+03  0.7013259E+02  0.2103978E+03  0.3506629E+03  0.4909281E+03  0.6311933E+03  0.7013259E+03  0.3819105E+01
  0.6550000E+00  0.1193830E+02  0.8356809E+02  0.2268277E+03  0.4417170E+03  0.7282362E+03  0.6834904E+02  0.2050471E+03  0.3417452E+03  0.4784433E+03  0.6151414E+03  0.6834904E+03  0.3733464E+01
  0.6650000E+00  0.1178866E+02  0.8252065E+02  0.2239846E+03  0.4361806E+03  0.7191085E+03  0.6647743E+02  0.1994323E+03  0.3323871E+03  0.4653420E+03  0.5982969E+03  0.6647743E+03  0.3528300E+01
  0.6750000E+00  0.1164171E+02  0.8149199E+02  0.2211925E+03  0.4307434E+03  0.7101445E+03  0.6467618E+02  0.1940285E+03  0.3233809E+03  0.4527333E+03  0.5820856E+03  0.6467618E+03  0.3716436E+01
  0.6850000E+00  0.1153942E+02  0.8077592E+02  0.2192489E+03  0.4269584E+03  0.7039044E+03  0.6317199E+02  0.1895160E+03  0.3158599E+03  0.4422039E+03  0.5685479E+03  0.6317199E+03  0.3178604E+01
  0.6950000E+00  0.1139631E+02  0.7977418E+02  0.2165299E+03  0.4216635E+03  0.6951750E+03  0.6149089E+02  0.1844727E+03  0.3074544E+03  0.4304362E+03  0.5534180E+03  0.6149089E+03  0.3067420E+01
  0.7050000E+00  0.1129177E+02  0.7904241E+02  0.2145437E+03  0.4177956E+03  0.6887982E+03  0.6006263E+02  0.1801879E+03  0.3003131E+03  0.4204384E+03  0.5405636E+03  0.6006263E+03  0.3049228E+01
  0.7150000E+00  0.1115680E+02  0.7809760E+02  0.2119792E+03  0.4128016E+03  0.6805648E+03  0.5851468E+02  0.1755441E+03  0.2925734E+03  0.4096028E+03  0.5266322E+03  0.5851468E+03  0.3115191E+01
  0.7250000E+00  0.1103841E+02  0.7726889E+02  0.2097298E+03  0.4084213E+03  0.6733432E+03  0.5709524E+02  0.1712857E+03  0.2854762E+03  0.3996667E+03  0.5138571E+03  0.5709524E+03  0.2952616E+01
  0.7350000E+00  0.1093601E+02  0.7655207E+02  0.2077842E+03  0.4046323E+03  0.6670966E+03  0.5579596E+02  0.1673879E+03  0.2789798E+03  0.3905718E+03  0.5021637E+03  0.5579596E+03  0.3127037E+01
  0.7450000E+00  0.1082057E+02  0.7574399E+02  0.2055908E+03  0.4003611E+03  0.6600548E+03  0.5446596E+02  0.1633979E+03  0.2723298E+03  0.3812617E+03  0.4901936E+03  0.5446596E+03  0.2834440E+01
  0.7550000E+00  0.1067614E+02  0.7473296E+02  0.2028466E+03  0.3950171E+03  0.6512444E+03  0.5302717E+02  0.1590815E+03  0.2651359E+03  0.3711902E+03  0.4772445E+03  0.5302717E+03  0.2800246E+01
  0.7650000E+00  0.1059907E+02  0.7419348E+02  0.2013823E+03  0.3921655E+03  0.6465432E+03  0.5195622E+02  0.1558687E+03  0.2597811E+03  0.3636935E+03  0.4676060E+03  0.5195622E+03  0.2695462E+01
  0.7750000E+00  0.1047437E+02  0.7332059E+02  0.1990130E+03  0.3875517E+03  0.6389365E+03  0.5068243E+02  0.1520473E+03  0.2534122E+03  0.3547770E+03  0.4561419E+03  0.5068243E+03  0.2859017E+01
  0.7850000E+00  0.1038349E+02  0.7268444E+02  0.1972863E+03  0.3841892E+03  0.6333930E+03  0.4960266E+02  0.1488080E+03  0.2480133E+03  0.3472186E+03  0.4464240E+03  0.4960266E+03  0.2586028E+01
  0.7950000E+00  0.1028154E+02  0.7197079E+02  0.1953493E+03  0.3804170E+03  0.6271740E+03  0.4849783E+02  0.1454935E+03  0.2424892E+03  0.3394848E+03  0.4364805E+03  0.4849783E+03  0.2740170E+01
  0.8050000E+00  0.1015385E+02  0.7107694E+02  0.1929231E+03  0.3756924E+03  0.6193847E+03  0.4730053E+02  0.1419016E+03  0.2365027E+03  0.3311037E+03  0.4257048E+03  0.4730053E+03  0.2671442E+01
  0.8150000E+00  0.1005867E+02  0.7041069E+02  0.1911147E+03  0.3721708E+03  0.6135789E+03  0.4628223E+02  0.1388467E+03  0.2314111E+03  0.3239756E+03  0.4165400E+03  0.4628223E+03  0.2610494E+01
  0.8250000E+00  0.9978198E+01  0.6984739E+02  0.1895858E+03  0.3691933E+03  0.6086701E+03  0.4535545E+02  0.1360663E+03  0.2267772E+03  0.3174881E+03  0.4081990E+03  0.4535545E+03  0.2264939E+01
  0.8350000E+00  0.9878490E+01  0.6914943E+02  0.1876913E+03  0.3655041E+03  0.6025879E+03  0.4436448E+02  0.1330934E+03  0.2218224E+03  0.3105513E+03  0.3992803E+03  0.4436448E+03  0.2369018E+01
  0.8450000E+00  0.9762251E+01  0.6833576E+02  0.1854828E+03  0.3612033E+03  0.5954973E+03  0.4332360E+02  0.1299708E+03  0.2166180E+03  0.3032652E+03  0.3899124E+03  0.4332360E+03  0.2094888E+01
  0.8550000E+00  0.9685486E+01  0.6779840E+02  0.1840242E+03  0.3583630E+03  0.5908146E+03  0.4248020E+02  0.1274406E+03  0.2124010E+03  0.2973614E+03  0.3823218E+03  0.4248020E+03  0.2054359E+01
  0.8650000E+00  0.9573142E+01  0.6701199E+02  0.1818897E+03  0.3542063E+03  0.5839617E+03  0.4150206E+02  0.1245062E+03  0.2075103E+03  0.2905144E+03  0.3735185E+03  0.4150206E+03  0.2131819E+01
  0.8750000E+00  0.9490326E+01  0.6643228E+02  0.1803162E+03  0.3511420E+03  0.5789099E+03  0.4067282E+02  0.1220185E+03  0.2033641E+03  0.2847098E+03  0.3660554E+03  0.4067282E+03  0.2039385E+01
  0.8850000E+00  0.9396496E+01  0.6577547E+02  0.1785334E+03  0.3476703E+03  0.5731863E+03  0.3981566E+02  0.1194470E+03  0.1990783E+03  0.2787096E+03  0.3583410E+03  0.3981566E+03  0.2092475E+01
  0.8950000E+00  0.9307950E+01  0.6515565E+02  0.1768510E+03  0.3443941E+03  0.5677849E+03  0.3899979E+02  0.1169994E+03  0.1949989E+03  0.2729985E+03  0.3509981E+03  0.3899979E+03  0.2263601E+01
  0.9050000E+00  0.9218557E+01  0.6452990E+02  0.1751526E+03  0.3410866E+03  0.5623320E+03  0.3819844E+02  0.1145953E+03  0.1909922E+03  0.2673891E+03  0.3437860E+03  0.3819844E+03  0.2013097E+01
  0.9150000E+00  0.9134943E+01  0.6394460E+02  0.1735639E+03  0.3379929E+03  0.5572315E+03  0.3743829E+02  0.1123149E+03  0.1871915E+03  0.2620680E+03  0.3369446E+03  0.3743829E+03  0.1810094E+01
  0.9250000E+00  0.9039435E+01  0.6327605E+02  0.1717493E+03  0.3344591E+03  0.5514055E+03  0.3664636E+02  0.1099391E+03  0.1832318E+03  0.2565245E+03  0.3298172E+03  0.3664636E+03  0.2105476E+01
  0.9350000E+00  0.8955235E+01  0.6268664E+02  0.1701495E+03  0.3313437E+03  0.5462693E+03  0.3591672E+02  0.1077502E+03  0.1795836E+03  0.2514170E+03  0.3232505E+03  0.3591672E+03  0.1835475E+01
  0.9450000E+00  0.8879738E+01  0.6215817E+02  0.1687150E+03  0.3285503E+03  0.5416640E+03  0.3523706E+02  0.1057112E+03  0.1761853E+03  0.2466594E+03  0.3171335E+03  0.3523706E+03  0.1972240E+01
  0.9550000E+00  0.8796494E+01  0.6157546E+02  0.1671334E+03  0.3254703E+03  0.5365862E+03  0.3454121E+02  0.1036236E+03  0.1727060E+03  0.2417885E+03  0.3108709E+03  0.3454121E+03  0.1795189E+01
  0.9650000E+00  0.8707166E+01  0.6095016E+02  0.1654361E+03  0.3221651E+03  0.5311371E+03  0.3383614E+02  0.1015084E+03  0.1691807E+03  0.2368530E+03  0.3045252E+03  0.3383614E+03  0.1705302E+01
  0.9750000E+00  0.8643105E+01  0.6050173E+02  0.1642190E+03  0.3197949E+03  0.5272294E+03  0.3324271E+02  0.9972813E+02  0.1662135E+03  0.2326990E+03  0.2991844E+03  0.3324271E+03  0.1751010E+01
  0.9850000E+00  0.8558257E+01  0.5990780E+02  0.1626069E+03  0.3166555E+03  0.5220537E+03  0.3258220E+02  0.9774659E+02  0.1629110E+03  0.2280754E+03  0.2932398E+03  0.3258220E+03  0.1889820E+01
  0.9950000E+00  0.8472643E+01  0.5930850E+02  0.1609802E+03  0.3134878E+03  0.5168312E+03  0.3193207E+02  0.9579621E+02  0.1596604E+03  0.2235245E+03  0.2873886E+03  0.3193207E+03  0.1779170E+01
