  0.5000022E-02  0.1196527E+03  0.8375688E+03  0.2273401E+04  0.4427149E+04  0.7298813E+04  0.8973912E+05  0.2692174E+06  0.4486956E+06  0.6281738E+06  0.8076521E+06  0.8973912E+06  0.1442791E+06
  0.1500002E-01  0.2306836E+03  0.1614785E+04  0.4382989E+04  0.8535294E+04  0.1407170E+05  0.5767083E+05  0.1730125E+06  0.2883541E+06  0.4036958E+06  0.5190375E+06  0.5767083E+06  0.4437574E+05
  0.2500002E-01  0.2139888E+03  0.1497922E+04  0.4065787E+04  0.7917585E+04  0.1305332E+05  0.3209829E+05  0.9629487E+05  0.1604915E+06  0.2246880E+06  0.2888846E+06  0.3209829E+06  0.1130563E+05
  0.3500002E-01  0.1493828E+03  0.1045680E+04  0.2838274E+04  0.5527165E+04  0.9112353E+04  0.1600529E+05  0.4801588E+05  0.8002647E+05  0.1120371E+06  0.1440477E+06  0.1600529E+06  0.4481784E+04
  0.4500002E-01  0.1288397E+03  0.9018782E+03  0.2447955E+04  0.4767071E+04  0.7859225E+04  0.1073664E+05  0.3220992E+05  0.5368320E+05  0.7515648E+05  0.9662977E+05  0.1073664E+06  0.2363936E+04
  0.5500002E-01  0.1046796E+03  0.7327574E+03  0.1988913E+04  0.3873146E+04  0.6385457E+04  0.7137245E+04  0.2141174E+05  0.3568623E+05  0.4996072E+05  0.6423521E+05  0.7137245E+05  0.1276440E+04
  0.6500002E-01  0.9386935E+02  0.6570854E+03  0.1783518E+04  0.3473166E+04  0.5726030E+04  0.5415538E+04  0.1624661E+05  0.2707769E+05  0.3790876E+05  0.4873984E+05  0.5415538E+05  0.8382759E+03
  0.7500002E-01  0.7872788E+02  0.5510952E+03  0.1495830E+04  0.2912932E+04  0.4802401E+04  0.3936393E+04  0.1180918E+05  0.1968197E+05  0.2755475E+05  0.3542754E+05  0.3936393E+05  0.5242441E+03
  0.8500002E-01  0.6473116E+02  0.4531181E+03  0.1229892E+04  0.2395053E+04  0.3948601E+04  0.2855786E+04  0.8567357E+04  0.1427893E+05  0.1999050E+05  0.2570207E+05  0.2855786E+05  0.3457757E+03
  0.9500002E-01  0.5276501E+02  0.3693550E+03  0.1002535E+04  0.1952305E+04  0.3218665E+04  0.2082829E+04  0.6248486E+04  0.1041414E+05  0.1457980E+05  0.1874546E+05  0.2082829E+05  0.2542385E+03
  0.1050000E+00  0.4627022E+02  0.3238916E+03  0.8791343E+03  0.1711998E+04  0.2822484E+04  0.1652508E+04  0.4957524E+04  0.8262540E+04  0.1156756E+05  0.1487257E+05  0.1652508E+05  0.1883055E+03
  0.1150000E+00  0.4197270E+02  0.2938089E+03  0.7974813E+03  0.1552990E+04  0.2560335E+04  0.1368675E+04  0.4106025E+04  0.6843375E+04  0.9580724E+04  0.1231807E+05  0.1368675E+05  0.1282290E+03
  0.1250000E+00  0.3883710E+02  0.2718597E+03  0.7379050E+03  0.1436973E+04  0.2369063E+04  0.1165113E+04  0.3495339E+04  0.5825565E+04  0.8155792E+04  0.1048602E+05  0.1165113E+05  0.1102045E+03
  0.1350000E+00  0.3458957E+02  0.2421270E+03  0.6572019E+03  0.1279814E+04  0.2109964E+04  0.9608214E+03  0.2882464E+04  0.4804107E+04  0.6725750E+04  0.8647393E+04  0.9608214E+04  0.8984858E+02
  0.1450000E+00  0.3038624E+02  0.2127037E+03  0.5773387E+03  0.1124291E+04  0.1853561E+04  0.7858512E+03  0.2357554E+04  0.3929256E+04  0.5500958E+04  0.7072661E+04  0.7858512E+04  0.6178347E+02
  0.1550000E+00  0.2715793E+02  0.1901055E+03  0.5160008E+03  0.1004844E+04  0.1656634E+04  0.6570468E+03  0.1971140E+04  0.3285234E+04  0.4599328E+04  0.5913421E+04  0.6570468E+04  0.5049066E+02
  0.1650000E+00  0.2476533E+02  0.1733573E+03  0.4705413E+03  0.9163172E+03  0.1510685E+04  0.5628484E+03  0.1688545E+04  0.2814242E+04  0.3939939E+04  0.5065635E+04  0.5628484E+04  0.4053527E+02
  0.1750000E+00  0.2297404E+02  0.1608183E+03  0.4365067E+03  0.8500394E+03  0.1401416E+04  0.4923008E+03  0.1476902E+04  0.2461504E+04  0.3446106E+04  0.4430707E+04  0.4923008E+04  0.3450486E+02
  0.1850000E+00  0.2147181E+02  0.1503027E+03  0.4079645E+03  0.7944571E+03  0.1309781E+04  0.4352395E+03  0.1305718E+04  0.2176197E+04  0.3046676E+04  0.3917155E+04  0.4352395E+04  0.3246553E+02
  0.1950000E+00  0.1990140E+02  0.1393098E+03  0.3781266E+03  0.7363519E+03  0.1213985E+04  0.3827193E+03  0.1148158E+04  0.1913596E+04  0.2679035E+04  0.3444473E+04  0.3827193E+04  0.2758047E+02
  0.2050000E+00  0.1848921E+02  0.1294245E+03  0.3512950E+03  0.6841008E+03  0.1127842E+04  0.3382173E+03  0.1014652E+04  0.1691086E+04  0.2367521E+04  0.3043955E+04  0.3382173E+04  0.2295860E+02
  0.2150000E+00  0.1717808E+02  0.1202466E+03  0.3263835E+03  0.6355889E+03  0.1047863E+04  0.2996177E+03  0.8988530E+03  0.1498088E+04  0.2097324E+04  0.2696559E+04  0.2996177E+04  0.1847882E+02
  0.2250000E+00  0.1607153E+02  0.1125007E+03  0.3053591E+03  0.5946467E+03  0.9803635E+03  0.2678589E+03  0.8035766E+03  0.1339294E+04  0.1875012E+04  0.2410730E+04  0.2678589E+04  0.1605085E+02
  0.2350000E+00  0.1519197E+02  0.1063438E+03  0.2886474E+03  0.5621029E+03  0.9267101E+03  0.2424250E+03  0.7272751E+03  0.1212125E+04  0.1696975E+04  0.2181825E+04  0.2424250E+04  0.1483423E+02
  0.2450000E+00  0.1436256E+02  0.1005379E+03  0.2728887E+03  0.5314148E+03  0.8761164E+03  0.2198352E+03  0.6595055E+03  0.1099176E+04  0.1538846E+04  0.1978516E+04  0.2198352E+04  0.1255756E+02
  0.2550000E+00  0.1358966E+02  0.9512760E+02  0.2582035E+03  0.5028173E+03  0.8289691E+03  0.1998479E+03  0.5995437E+03  0.9992395E+03  0.1398935E+04  0.1798631E+04  0.1998479E+04  0.1147183E+02
  0.2650000E+00  0.1288785E+02  0.9021493E+02  0.2448691E+03  0.4768504E+03  0.7861587E+03  0.1823752E+03  0.5471256E+03  0.9118761E+03  0.1276626E+04  0.1641377E+04  0.1823752E+04  0.9884706E+01
  0.2750000E+00  0.1227064E+02  0.8589448E+02  0.2331422E+03  0.4540137E+03  0.7485090E+03  0.1673269E+03  0.5019807E+03  0.8366345E+03  0.1171288E+04  0.1505942E+04  0.1673269E+04  0.9050973E+01
  0.2850000E+00  0.1167754E+02  0.8174278E+02  0.2218733E+03  0.4320690E+03  0.7123300E+03  0.1536519E+03  0.4609556E+03  0.7682593E+03  0.1075563E+04  0.1382867E+04  0.1536519E+04  0.7456236E+01
  0.2950000E+00  0.1115553E+02  0.7808869E+02  0.2119550E+03  0.4127545E+03  0.6804872E+03  0.1418076E+03  0.4254227E+03  0.7090378E+03  0.9926529E+03  0.1276268E+04  0.1418076E+04  0.7879640E+01
  0.3050000E+00  0.1067062E+02  0.7469432E+02  0.2027417E+03  0.3948129E+03  0.6509077E+03  0.1311961E+03  0.3935884E+03  0.6559806E+03  0.9183728E+03  0.1180765E+04  0.1311961E+04  0.6950763E+01
  0.3150000E+00  0.1022263E+02  0.7155841E+02  0.1942300E+03  0.3782373E+03  0.6235804E+03  0.1216980E+03  0.3650939E+03  0.6084899E+03  0.8518858E+03  0.1095282E+04  0.1216980E+04  0.6222636E+01
  0.3250000E+00  0.9794591E+01  0.6856214E+02  0.1860972E+03  0.3623999E+03  0.5974701E+03  0.1130145E+03  0.3390435E+03  0.5650726E+03  0.7911016E+03  0.1017131E+04  0.1130145E+04  0.5814024E+01
  0.3350000E+00  0.9422027E+01  0.6595419E+02  0.1790185E+03  0.3486150E+03  0.5747437E+03  0.1054705E+03  0.3164114E+03  0.5273523E+03  0.7382932E+03  0.9492341E+03  0.1054705E+04  0.5303179E+01
  0.3450000E+00  0.9107490E+01  0.6375243E+02  0.1730423E+03  0.3369771E+03  0.5555569E+03  0.9899446E+02  0.2969834E+03  0.4949723E+03  0.6929612E+03  0.8909501E+03  0.9899446E+03  0.5188414E+01
  0.3550000E+00  0.8739434E+01  0.6117604E+02  0.1660493E+03  0.3233591E+03  0.5331055E+03  0.9231797E+02  0.2769539E+03  0.4615898E+03  0.6462258E+03  0.8308617E+03  0.9231797E+03  0.4249028E+01
  0.3650000E+00  0.8441102E+01  0.5908771E+02  0.1603809E+03  0.3123208E+03  0.5149072E+03  0.8672365E+02  0.2601709E+03  0.4336182E+03  0.6070655E+03  0.7805128E+03  0.8672365E+03  0.3768373E+01
  0.3750000E+00  0.8170387E+01  0.5719271E+02  0.1552374E+03  0.3023043E+03  0.4983936E+03  0.8170387E+02  0.2451116E+03  0.4085194E+03  0.5719271E+03  0.7353349E+03  0.8170387E+03  0.3751342E+01
  0.3850000E+00  0.7923645E+01  0.5546551E+02  0.1505492E+03  0.2931749E+03  0.4833423E+03  0.7717836E+02  0.2315351E+03  0.3858918E+03  0.5402485E+03  0.6946052E+03  0.7717836E+03  0.3340231E+01
  0.3950000E+00  0.7669258E+01  0.5368480E+02  0.1457159E+03  0.2837625E+03  0.4678247E+03  0.7280941E+02  0.2184282E+03  0.3640470E+03  0.5096658E+03  0.6552847E+03  0.7280941E+03  0.3320631E+01
  0.4050000E+00  0.7420922E+01  0.5194645E+02  0.1409975E+03  0.2745741E+03  0.4526762E+03  0.6871224E+02  0.2061367E+03  0.3435612E+03  0.4809857E+03  0.6184101E+03  0.6871224E+03  0.2862722E+01
  0.4150000E+00  0.7224859E+01  0.5057401E+02  0.1372723E+03  0.2673198E+03  0.4407164E+03  0.6528487E+02  0.1958546E+03  0.3264244E+03  0.4569941E+03  0.5875638E+03  0.6528487E+03  0.2789673E+01
  0.4250000E+00  0.7003732E+01  0.4902612E+02  0.1330709E+03  0.2591381E+03  0.4272276E+03  0.6179763E+02  0.1853929E+03  0.3089881E+03  0.4325834E+03  0.5561787E+03  0.6179763E+03  0.2642889E+01
  0.4350000E+00  0.6809596E+01  0.4766717E+02  0.1293823E+03  0.2519550E+03  0.4153853E+03  0.5870341E+02  0.1761102E+03  0.2935171E+03  0.4109239E+03  0.5283307E+03  0.5870341E+03  0.2658076E+01
  0.4450000E+00  0.6614530E+01  0.4630171E+02  0.1256761E+03  0.2447376E+03  0.4034863E+03  0.5574042E+02  0.1672213E+03  0.2787021E+03  0.3901830E+03  0.5016638E+03  0.5574042E+03  0.2389638E+01
  0.4550000E+00  0.6451957E+01  0.4516370E+02  0.1225872E+03  0.2387224E+03  0.3935694E+03  0.5317547E+02  0.1595264E+03  0.2658774E+03  0.3722283E+03  0.4785792E+03  0.5317547E+03  0.2291818E+01
  0.4650000E+00  0.6286523E+01  0.4400566E+02  0.1194439E+03  0.2326014E+03  0.3834779E+03  0.5069777E+02  0.1520933E+03  0.2534888E+03  0.3548844E+03  0.4562799E+03  0.5069777E+03  0.1973664E+01
  0.4750000E+00  0.6156729E+01  0.4309710E+02  0.1169778E+03  0.2277990E+03  0.3755605E+03  0.4860575E+02  0.1458173E+03  0.2430288E+03  0.3402403E+03  0.4374518E+03  0.4860575E+03  0.1755024E+01
  0.4850000E+00  0.5978657E+01  0.4185060E+02  0.1135945E+03  0.2212103E+03  0.3646981E+03  0.4622673E+02  0.1386802E+03  0.2311336E+03  0.3235871E+03  0.4160406E+03  0.4622673E+03  0.1795580E+01
  0.4950000E+00  0.5860435E+01  0.4102305E+02  0.1113483E+03  0.2168361E+03  0.3574865E+03  0.4439723E+02  0.1331917E+03  0.2219862E+03  0.3107806E+03  0.3995751E+03  0.4439723E+03  0.1817572E+01
  0.5050000E+00  0.5719329E+01  0.4003530E+02  0.1086673E+03  0.2116152E+03  0.3488791E+03  0.4247027E+02  0.1274108E+03  0.2123513E+03  0.2972919E+03  0.3822324E+03  0.4247027E+03  0.1554148E+01
  0.5150000E+00  0.5604888E+01  0.3923422E+02  0.1064929E+03  0.2073809E+03  0.3418982E+03  0.4081229E+02  0.1224369E+03  0.2040615E+03  0.2856861E+03  0.3673106E+03  0.4081229E+03  0.1709815E+01
  0.5250000E+00  0.5465323E+01  0.3825726E+02  0.1038411E+03  0.2022169E+03  0.3333847E+03  0.3903802E+02  0.1171141E+03  0.1951901E+03  0.2732662E+03  0.3513422E+03  0.3903802E+03  0.1503930E+01
  0.5350000E+00  0.5361223E+01  0.3752856E+02  0.1018632E+03  0.1983652E+03  0.3270346E+03  0.3757866E+02  0.1127360E+03  0.1878933E+03  0.2630506E+03  0.3382080E+03  0.3757866E+03  0.1450294E+01
  0.5450000E+00  0.5250547E+01  0.3675383E+02  0.9976040E+02  0.1942702E+03  0.3202834E+03  0.3612762E+02  0.1083829E+03  0.1806381E+03  0.2528933E+03  0.3251486E+03  0.3612762E+03  0.1469198E+01
  0.5550000E+00  0.5143835E+01  0.3600685E+02  0.9773287E+02  0.1903219E+03  0.3137739E+03  0.3475564E+02  0.1042669E+03  0.1737782E+03  0.2432895E+03  0.3128008E+03  0.3475564E+03  0.1490580E+01
  0.5650000E+00  0.5039108E+01  0.3527376E+02  0.9574306E+02  0.1864470E+03  0.3073856E+03  0.3344541E+02  0.1003362E+03  0.1672270E+03  0.2341179E+03  0.3010087E+03  0.3344541E+03  0.1205421E+01
  0.5750000E+00  0.4962893E+01  0.3474025E+02  0.9429496E+02  0.1836270E+03  0.3027365E+03  0.3236669E+02  0.9710008E+02  0.1618335E+03  0.2265669E+03  0.2913002E+03  0.3236669E+03  0.1069610E+01
  0.5850000E+00  0.4843176E+01  0.3390223E+02  0.9202035E+02  0.1791975E+03  0.2954338E+03  0.3104600E+02  0.9313801E+02  0.1552300E+03  0.2173220E+03  0.2794140E+03  0.3104600E+03  0.1103556E+01
  0.5950000E+00  0.4766355E+01  0.3336448E+02  0.9056074E+02  0.1763551E+03  0.2907476E+03  0.3004005E+02  0.9012015E+02  0.1502003E+03  0.2102804E+03  0.2703605E+03  0.3004005E+03  0.1071948E+01
  0.6050000E+00  0.4694820E+01  0.3286374E+02  0.8920159E+02  0.1737084E+03  0.2863840E+03  0.2910013E+02  0.8730038E+02  0.1455006E+03  0.2037009E+03  0.2619011E+03  0.2910013E+03  0.9740173E+00
  0.6150000E+00  0.4600015E+01  0.3220011E+02  0.8740029E+02  0.1702006E+03  0.2806009E+03  0.2804887E+02  0.8414662E+02  0.1402444E+03  0.1963421E+03  0.2524399E+03  0.2804887E+03  0.1053757E+01
  0.6250000E+00  0.4517864E+01  0.3162505E+02  0.8583941E+02  0.1671610E+03  0.2755897E+03  0.2710718E+02  0.8132154E+02  0.1355359E+03  0.1897503E+03  0.2439646E+03  0.2710718E+03  0.9870941E+00
  0.6350000E+00  0.4447441E+01  0.3113209E+02  0.8450139E+02  0.1645553E+03  0.2712939E+03  0.2626442E+02  0.7879325E+02  0.1313221E+03  0.1838509E+03  0.2363798E+03  0.2626442E+03  0.9007957E+00
  0.6450000E+00  0.4376312E+01  0.3063419E+02  0.8314993E+02  0.1619236E+03  0.2669550E+03  0.2544368E+02  0.7633103E+02  0.1272184E+03  0.1781057E+03  0.2289931E+03  0.2544368E+03  0.8679612E+00
  0.6550000E+00  0.4304026E+01  0.3012818E+02  0.8177650E+02  0.1592490E+03  0.2625456E+03  0.2464137E+02  0.7392412E+02  0.1232069E+03  0.1724896E+03  0.2217724E+03  0.2464137E+03  0.8353446E+00
  0.6650000E+00  0.4233786E+01  0.2963650E+02  0.8044194E+02  0.1566501E+03  0.2582610E+03  0.2387473E+02  0.7162420E+02  0.1193737E+03  0.1671231E+03  0.2148726E+03  0.2387473E+03  0.8476971E+00
  0.6750000E+00  0.4162294E+01  0.2913606E+02  0.7908359E+02  0.1540049E+03  0.2539000E+03  0.2312386E+02  0.6937157E+02  0.1156193E+03  0.1618670E+03  0.2081147E+03  0.2312386E+03  0.7988929E+00
  0.6850000E+00  0.4111455E+01  0.2878019E+02  0.7811765E+02  0.1521239E+03  0.2507988E+03  0.2250797E+02  0.6752390E+02  0.1125398E+03  0.1575558E+03  0.2025717E+03  0.2250797E+03  0.7495495E+00
  0.6950000E+00  0.4041488E+01  0.2829042E+02  0.7678828E+02  0.1495351E+03  0.2465308E+03  0.2180659E+02  0.6541978E+02  0.1090330E+03  0.1526461E+03  0.1962593E+03  0.2180659E+03  0.7485555E+00
  0.7050000E+00  0.3977709E+01  0.2784396E+02  0.7557646E+02  0.1471752E+03  0.2426402E+03  0.2115802E+02  0.6347407E+02  0.1057901E+03  0.1481062E+03  0.1904222E+03  0.2115802E+03  0.8307979E+00
  0.7150000E+00  0.3918497E+01  0.2742948E+02  0.7445145E+02  0.1449844E+03  0.2390283E+03  0.2055156E+02  0.6165468E+02  0.1027578E+03  0.1438609E+03  0.1849640E+03  0.2055156E+03  0.6954266E+00
  0.7250000E+00  0.3863885E+01  0.2704719E+02  0.7341381E+02  0.1429637E+03  0.2356970E+03  0.1998561E+02  0.5995683E+02  0.9992805E+02  0.1398993E+03  0.1798705E+03  0.1998561E+03  0.6859242E+00
  0.7350000E+00  0.3816683E+01  0.2671678E+02  0.7251697E+02  0.1412173E+03  0.2328176E+03  0.1947287E+02  0.5841861E+02  0.9736435E+02  0.1363101E+03  0.1752558E+03  0.1947287E+03  0.5656329E+00
  0.7450000E+00  0.3755687E+01  0.2628981E+02  0.7135805E+02  0.1389604E+03  0.2290969E+03  0.1890446E+02  0.5671339E+02  0.9452232E+02  0.1323312E+03  0.1701402E+03  0.1890446E+03  0.6329617E+00
  0.7550000E+00  0.3711529E+01  0.2598070E+02  0.7051904E+02  0.1373266E+03  0.2264032E+03  0.1843474E+02  0.5530423E+02  0.9217372E+02  0.1290432E+03  0.1659127E+03  0.1843474E+03  0.5826514E+00
  0.7650000E+00  0.3664837E+01  0.2565386E+02  0.6963191E+02  0.1355990E+03  0.2235551E+03  0.1796489E+02  0.5389467E+02  0.8982444E+02  0.1257542E+03  0.1616840E+03  0.1796489E+03  0.5365319E+00
  0.7750000E+00  0.3613334E+01  0.2529333E+02  0.6865334E+02  0.1336933E+03  0.2204133E+03  0.1748387E+02  0.5245162E+02  0.8741936E+02  0.1223871E+03  0.1573549E+03  0.1748387E+03  0.5401365E+00
  0.7850000E+00  0.3562364E+01  0.2493655E+02  0.6768491E+02  0.1318075E+03  0.2173042E+03  0.1701766E+02  0.5105298E+02  0.8508830E+02  0.1191236E+03  0.1531589E+03  0.1701766E+03  0.5762018E+00
  0.7950000E+00  0.3520438E+01  0.2464307E+02  0.6688832E+02  0.1302562E+03  0.2147467E+03  0.1660584E+02  0.4981752E+02  0.8302920E+02  0.1162409E+03  0.1494526E+03  0.1660584E+03  0.5569414E+00
  0.8050000E+00  0.3479112E+01  0.2435378E+02  0.6610313E+02  0.1287271E+03  0.2122258E+03  0.1620704E+02  0.4862113E+02  0.8103522E+02  0.1134493E+03  0.1458634E+03  0.1620704E+03  0.5113920E+00
  0.8150000E+00  0.3443020E+01  0.2410114E+02  0.6541738E+02  0.1273917E+03  0.2100242E+03  0.1584212E+02  0.4752635E+02  0.7921058E+02  0.1108948E+03  0.1425791E+03  0.1584212E+03  0.4706934E+00
  0.8250000E+00  0.3393883E+01  0.2375718E+02  0.6448377E+02  0.1255737E+03  0.2070268E+03  0.1542674E+02  0.4628022E+02  0.7713370E+02  0.1079872E+03  0.1388407E+03  0.1542674E+03  0.4945705E+00
  0.8350000E+00  0.3353042E+01  0.2347129E+02  0.6370780E+02  0.1240626E+03  0.2045356E+03  0.1505857E+02  0.4517572E+02  0.7529286E+02  0.1054100E+03  0.1355272E+03  0.1505857E+03  0.4624467E+00
  0.8450000E+00  0.3307140E+01  0.2314998E+02  0.6283565E+02  0.1223642E+03  0.2017355E+03  0.1467665E+02  0.4402996E+02  0.7338327E+02  0.1027366E+03  0.1320899E+03  0.1467665E+03  0.4886367E+00
  0.8550000E+00  0.3270488E+01  0.2289342E+02  0.6213927E+02  0.1210081E+03  0.1994998E+03  0.1434424E+02  0.4303273E+02  0.7172122E+02  0.1004097E+03  0.1290982E+03  0.1434424E+03  0.4493212E+00
  0.8650000E+00  0.3237347E+01  0.2266143E+02  0.6150960E+02  0.1197819E+03  0.1974782E+03  0.1403474E+02  0.4210423E+02  0.7017371E+02  0.9824320E+02  0.1263127E+03  0.1403474E+03  0.4510802E+00
  0.8750000E+00  0.3185474E+01  0.2229831E+02  0.6052400E+02  0.1178625E+03  0.1943139E+03  0.1365203E+02  0.4095609E+02  0.6826015E+02  0.9556421E+02  0.1228683E+03  0.1365203E+03  0.4172339E+00
  0.8850000E+00  0.3157039E+01  0.2209927E+02  0.5998375E+02  0.1168105E+03  0.1925794E+03  0.1337729E+02  0.4013186E+02  0.6688643E+02  0.9364100E+02  0.1203956E+03  0.1337729E+03  0.4182353E+00
  0.8950000E+00  0.3125170E+01  0.2187619E+02  0.5937822E+02  0.1156313E+03  0.1906353E+03  0.1309429E+02  0.3928286E+02  0.6547143E+02  0.9166001E+02  0.1178486E+03  0.1309429E+03  0.4303518E+00
  0.9050000E+00  0.3082981E+01  0.2158087E+02  0.5857665E+02  0.1140703E+03  0.1880619E+03  0.1277479E+02  0.3832436E+02  0.6387393E+02  0.8942350E+02  0.1149731E+03  0.1277479E+03  0.4280546E+00
  0.9150000E+00  0.3062128E+01  0.2143489E+02  0.5818043E+02  0.1132987E+03  0.1867898E+03  0.1254970E+02  0.3764911E+02  0.6274852E+02  0.8784792E+02  0.1129473E+03  0.1254970E+03  0.3498162E+00
  0.9250000E+00  0.3024519E+01  0.2117163E+02  0.5746586E+02  0.1119072E+03  0.1844957E+03  0.1226156E+02  0.3678469E+02  0.6130782E+02  0.8583095E+02  0.1103541E+03  0.1226156E+03  0.3928286E+00
  0.9350000E+00  0.2991252E+01  0.2093876E+02  0.5683378E+02  0.1106763E+03  0.1824664E+03  0.1199700E+02  0.3599100E+02  0.5998499E+02  0.8397899E+02  0.1079730E+03  0.1199700E+03  0.3742904E+00
  0.9450000E+00  0.2961691E+01  0.2073183E+02  0.5627212E+02  0.1095826E+03  0.1806631E+03  0.1175274E+02  0.3525822E+02  0.5876370E+02  0.8226918E+02  0.1057747E+03  0.1175274E+03  0.3737348E+00
  0.9550000E+00  0.2926233E+01  0.2048363E+02  0.5559844E+02  0.1082706E+03  0.1785002E+03  0.1149045E+02  0.3447134E+02  0.5745223E+02  0.8043312E+02  0.1034140E+03  0.1149045E+03  0.3309416E+00
  0.9650000E+00  0.2896025E+01  0.2027218E+02  0.5502448E+02  0.1071529E+03  0.1766575E+03  0.1125398E+02  0.3376195E+02  0.5626992E+02  0.7877789E+02  0.1012859E+03  0.1125398E+03  0.3200473E+00
  0.9750000E+00  0.2867476E+01  0.2007233E+02  0.5448205E+02  0.1060966E+03  0.1749160E+03  0.1102875E+02  0.3308626E+02  0.5514377E+02  0.7720128E+02  0.9925878E+02  0.1102875E+03  0.3354169E+00
  0.9850000E+00  0.2837470E+01  0.1986229E+02  0.5391193E+02  0.1049864E+03  0.1730857E+03  0.1080255E+02  0.3240765E+02  0.5401276E+02  0.7561786E+02  0.9722296E+02  0.1080255E+03  0.3441491E+00
  0.9950000E+00  0.2812463E+01  0.1968724E+02  0.5343680E+02  0.1040611E+03  0.1715603E+03  0.1059974E+02  0.3179921E+02  0.5299868E+02  0.7419815E+02  0.9539763E+02  0.1059974E+03  0.2819235E+00
