  0.5000022E-02 -0.1669464E+01  0.1300498E+02  0.1658100E+03  0.7036578E+03  0.1996917E+04 -0.6380070E+07  0.3907851E+07  0.2448369E+08  0.5534745E+08  0.9649914E+08 -0.8094723E+07  0.1285990E+09  0.1034303E+08  0.4144622E+08
  0.1500002E-01  0.1972814E+01  0.7754529E+02  0.5473682E+03  0.2048797E+04  0.5537867E+04  0.2641744E+06  0.3214888E+07  0.9116316E+07  0.1796846E+08  0.2977131E+08 -0.2276112E+06  0.3688392E+08  0.5172627E+06  0.4046997E+07
  0.2500002E-01  0.3481814E+01  0.8163914E+02  0.5242860E+03  0.1904087E+04  0.5080038E+04  0.2905585E+06  0.1244998E+07  0.3153876E+07  0.6017193E+07  0.9834949E+07  0.1314853E+06  0.1193049E+08  0.4468823E+05  0.5635735E+06
  0.3500002E-01  0.2121096E+01  0.5886473E+02  0.3924373E+03  0.1443009E+04  0.3870837E+04  0.7995697E+05  0.4542513E+06  0.1202840E+07  0.2325723E+07  0.3822900E+07  0.1757459E+05  0.4678679E+07  0.3723041E+04  0.1466189E+06
  0.4500002E-01  0.2423040E+01  0.5259548E+02  0.3311113E+03  0.1194312E+04  0.3176712E+04  0.6530171E+05  0.2486050E+06  0.6152116E+06  0.1165121E+07  0.1898335E+07  0.3475116E+05  0.2291291E+07  0.2247577E+04  0.6064241E+05
  0.5500002E-01  0.2344079E+01  0.4608331E+02  0.2819356E+03  0.1006648E+04  0.2665343E+04  0.4449286E+05  0.1466786E+06  0.3510501E+06  0.6576073E+06  0.1066350E+07  0.2746190E+05  0.1277322E+07  0.2235002E+04  0.2877790E+05
  0.6500002E-01  0.2620217E+01  0.4484355E+02  0.2618003E+03  0.9185109E+03  0.2412506E+04  0.3780066E+05  0.1031409E+06  0.2338215E+06  0.4298422E+06  0.6912033E+06  0.2691062E+05  0.8167533E+06  0.1627506E+04  0.1640711E+05
  0.7500002E-01  0.2743898E+01  0.4205952E+02  0.2349519E+03  0.8099433E+03  0.2109817E+04  0.3094277E+05  0.7326169E+05  0.1578995E+06  0.2848563E+06  0.4541320E+06  0.2388962E+05  0.5289865E+06  0.1251500E+04  0.1025214E+05
  0.8500002E-01  0.3005084E+01  0.3982479E+02  0.2074102E+03  0.6936535E+03  0.1780393E+04  0.2758271E+05  0.5467209E+05  0.1088509E+06  0.1901190E+06  0.2984765E+06  0.2306781E+05  0.3386173E+06  0.9243484E+03  0.6176892E+04
  0.9500002E-01  0.3087522E+01  0.3771877E+02  0.1875119E+03  0.6135280E+03  0.1557359E+04  0.2317944E+05  0.4176913E+05  0.7894853E+05  0.1347176E+06  0.2090764E+06  0.2008115E+05  0.2323712E+06  0.7699204E+03  0.4173814E+04
  0.1050000E+00  0.3348287E+01  0.3792236E+02  0.1794923E+03  0.5729015E+03  0.1435415E+04  0.2095278E+05  0.3463792E+05  0.6200820E+05  0.1030636E+06  0.1578042E+06  0.1867193E+05  0.1710642E+06  0.5849653E+03  0.3088541E+04
  0.1150000E+00  0.3604121E+01  0.3855418E+02  0.1750810E+03  0.5464378E+03  0.1352505E+04  0.1903982E+05  0.2953552E+05  0.5052690E+05  0.8201398E+05  0.1239967E+06  0.1729054E+05  0.1311962E+06  0.4287001E+03  0.2144496E+04
  0.1250000E+00  0.3972621E+01  0.4008910E+02  0.1737258E+03  0.5276904E+03  0.1286194E+04  0.1797696E+05  0.2616413E+05  0.4253847E+05  0.6709997E+05  0.9984865E+05  0.1661243E+05  0.1023396E+06  0.4028536E+03  0.1834914E+04
  0.1350000E+00  0.4213531E+01  0.4076798E+02  0.1702432E+03  0.5053718E+03  0.1215253E+04  0.1648052E+05  0.2292386E+05  0.3581053E+05  0.5514055E+05  0.8091390E+05  0.1540663E+05  0.8054172E+05  0.3797417E+03  0.1482601E+04
  0.1450000E+00  0.4392494E+01  0.4113903E+02  0.1665900E+03  0.4846611E+03  0.1151226E+04  0.1498237E+05  0.2013079E+05  0.3042764E+05  0.4587290E+05  0.6646659E+05  0.1412430E+05  0.6435527E+05  0.2987321E+03  0.1071051E+04
  0.1550000E+00  0.4597766E+01  0.4188122E+02  0.1649324E+03  0.4707199E+03  0.1104697E+04  0.1379249E+05  0.1799682E+05  0.2640547E+05  0.3901844E+05  0.5583575E+05  0.1309177E+05  0.5255407E+05  0.2841534E+03  0.9752565E+03
  0.1650000E+00  0.4849476E+01  0.4297155E+02  0.1643418E+03  0.4592124E+03  0.1062962E+04  0.1289901E+05  0.1635219E+05  0.2325854E+05  0.3361806E+05  0.4743076E+05  0.1232348E+05  0.4316468E+05  0.2434420E+03  0.8972684E+03
  0.1750000E+00  0.5106823E+01  0.4426284E+02  0.1651503E+03  0.4529200E+03  0.1035298E+04  0.1212033E+05  0.1501662E+05  0.2080919E+05  0.2949805E+05  0.4108320E+05  0.1163762E+05  0.3620358E+05  0.2168225E+03  0.7072322E+03
  0.1850000E+00  0.5375933E+01  0.4571352E+02  0.1667987E+03  0.4494514E+03  0.1014902E+04  0.1145274E+05  0.1391256E+05  0.1883221E+05  0.2621168E+05  0.3605097E+05  0.1104277E+05  0.3074779E+05  0.1983319E+03  0.6349468E+03
  0.1950000E+00  0.5633702E+01  0.4711509E+02  0.1684737E+03  0.4465013E+03  0.9963854E+03  0.1083135E+05  0.1293501E+05  0.1714231E+05  0.2345327E+05  0.3186788E+05  0.1048074E+05  0.2629565E+05  0.1868529E+03  0.5823512E+03
  0.2050000E+00  0.5835996E+01  0.4823161E+02  0.1699210E+03  0.4447007E+03  0.9832653E+03  0.1017133E+05  0.1200051E+05  0.1565887E+05  0.2114641E+05  0.2846313E+05  0.9866467E+04  0.2286474E+05  0.1656089E+03  0.4567816E+03
  0.2150000E+00  0.6077667E+01  0.4954632E+02  0.1714969E+03  0.4419559E+03  0.9659632E+03  0.9650603E+04  0.1122863E+05  0.1438468E+05  0.1911877E+05  0.2543087E+05  0.9387598E+04  0.1972534E+05  0.1557179E+03  0.4508043E+03
  0.2250000E+00  0.6300481E+01  0.5082048E+02  0.1734461E+03  0.4413484E+03  0.9552842E+03  0.9149763E+04  0.1053189E+05  0.1329613E+05  0.1744250E+05  0.2297099E+05  0.8919409E+04  0.1727653E+05  0.1361849E+03  0.3720865E+03
  0.2350000E+00  0.6549653E+01  0.5228134E+02  0.1759136E+03  0.4417840E+03  0.9463992E+03  0.8733150E+04  0.9946702E+04  0.1237381E+05  0.1601446E+05  0.2086867E+05  0.8530891E+04  0.1516940E+05  0.1396770E+03  0.3616326E+03
  0.2450000E+00  0.6769054E+01  0.5364078E+02  0.1786712E+03  0.4444343E+03  0.9447911E+03  0.8313007E+04  0.9398908E+04  0.1157071E+05  0.1482841E+05  0.1917202E+05  0.8132023E+04  0.1357376E+05  0.1271949E+03  0.2977791E+03
  0.2550000E+00  0.7030315E+01  0.5522178E+02  0.1816526E+03  0.4464184E+03  0.9396630E+03  0.7980423E+04  0.8943126E+04  0.1086853E+05  0.1375664E+05  0.1760745E+05  0.7819973E+04  0.1203378E+05  0.1132129E+03  0.3202565E+03
  0.2650000E+00  0.7250782E+01  0.5654259E+02  0.1840618E+03  0.4476795E+03  0.9342023E+03  0.7629349E+04  0.8487768E+04  0.1020460E+05  0.1277986E+05  0.1621353E+05  0.7486280E+04  0.1073023E+05  0.1133538E+03  0.2776018E+03
  0.2750000E+00  0.7489191E+01  0.5804253E+02  0.1872402E+03  0.4512641E+03  0.9343872E+03  0.7324116E+04  0.8097972E+04  0.9645684E+04  0.1196725E+05  0.1506268E+05  0.7195140E+04  0.9673199E+04  0.1075804E+03  0.2711867E+03
  0.2850000E+00  0.7714551E+01  0.5943857E+02  0.1900702E+03  0.4539765E+03  0.9327082E+03  0.7030352E+04  0.7727581E+04  0.9122039E+04  0.1121373E+05  0.1400264E+05  0.6914147E+04  0.8715362E+04  0.1006061E+03  0.2424350E+03
  0.2950000E+00  0.7947162E+01  0.6091340E+02  0.1932622E+03  0.4578263E+03  0.9338546E+03  0.6764715E+04  0.7397108E+04  0.8661895E+04  0.1055908E+05  0.1308865E+05  0.6659316E+04  0.7904918E+04  0.9592894E+02  0.2295672E+03
  0.3050000E+00  0.8174147E+01  0.6236518E+02  0.1964780E+03  0.4619740E+03  0.9360454E+03  0.6513449E+04  0.7089699E+04  0.8242200E+04  0.9970951E+04  0.1227595E+05  0.6417407E+04  0.7203130E+04  0.8845634E+02  0.2149944E+03
  0.3150000E+00  0.8420461E+01  0.6393909E+02  0.1999557E+03  0.4664289E+03  0.9382967E+03  0.6294743E+04  0.6819211E+04  0.7868145E+04  0.9441547E+04  0.1153942E+05  0.6207332E+04  0.6555840E+04  0.8796393E+02  0.2139414E+03
  0.3250000E+00  0.8635874E+01  0.6532114E+02  0.2030418E+03  0.4704981E+03  0.9407403E+03  0.6067945E+04  0.6548224E+04  0.7508781E+04  0.8949616E+04  0.1087073E+05  0.5987899E+04  0.6003481E+04  0.8048121E+02  0.2008670E+03
  0.3350000E+00  0.8877126E+01  0.6686451E+02  0.2064624E+03  0.4749169E+03  0.9430975E+03  0.5874114E+04  0.6312651E+04  0.7189725E+04  0.8505336E+04  0.1025948E+05  0.5801025E+04  0.5481711E+04  0.7808490E+02  0.1908545E+03
  0.3450000E+00  0.9116934E+01  0.6842064E+02  0.2100386E+03  0.4799917E+03  0.9473117E+03  0.5691059E+04  0.6093819E+04  0.6899340E+04  0.8107621E+04  0.9718663E+04  0.5623932E+04  0.5034506E+04  0.7474476E+02  0.1879587E+03
  0.3550000E+00  0.9335169E+01  0.6985322E+02  0.2134245E+03  0.4851193E+03  0.9525432E+03  0.5505876E+04  0.5878407E+04  0.6623470E+04  0.7741064E+04  0.9231190E+04  0.5443787E+04  0.4656643E+04  0.7107715E+02  0.1769570E+03
  0.3650000E+00  0.9562265E+01  0.7134088E+02  0.2169232E+03  0.4903595E+03  0.9577251E+03  0.5337225E+04  0.5681647E+04  0.6370491E+04  0.7403758E+04  0.8781447E+04  0.5279821E+04  0.4305278E+04  0.6809233E+02  0.1651727E+03
  0.3750000E+00  0.9802320E+01  0.7291495E+02  0.2206338E+03  0.4959460E+03  0.9633322E+03  0.5185447E+04  0.5503871E+04  0.6140717E+04  0.7095987E+04  0.8369680E+04  0.5132377E+04  0.3980290E+04  0.6508165E+02  0.1545469E+03
  0.3850000E+00  0.1003627E+02  0.7445093E+02  0.2242653E+03  0.5014493E+03  0.9689582E+03  0.5038903E+04  0.5333852E+04  0.5923750E+04  0.6808597E+04  0.7988392E+04  0.4989745E+04  0.3686861E+04  0.6647070E+02  0.1569059E+03
  0.3950000E+00  0.1028503E+02  0.7606156E+02  0.2279465E+03  0.5066038E+03  0.9730289E+03  0.4907734E+04  0.5179217E+04  0.5722183E+04  0.6536631E+04  0.7622563E+04  0.4862487E+04  0.3393537E+04  0.6070542E+02  0.1523976E+03
  0.4050000E+00  0.1050961E+02  0.7756668E+02  0.2316780E+03  0.5128378E+03  0.9810378E+03  0.4771625E+04  0.5025615E+04  0.5533596E+04  0.6295566E+04  0.7311528E+04  0.4729293E+04  0.3174879E+04  0.6004234E+02  0.1454523E+03
  0.4150000E+00  0.1074054E+02  0.7909685E+02  0.2353749E+03  0.5187055E+03  0.9877850E+03  0.4645699E+04  0.4882374E+04  0.5355723E+04  0.6065747E+04  0.7012446E+04  0.4606253E+04  0.2958434E+04  0.5806015E+02  0.1396386E+03
  0.4250000E+00  0.1096455E+02  0.8060610E+02  0.2391606E+03  0.5251708E+03  0.9964509E+03  0.4523116E+04  0.4745392E+04  0.5189946E+04  0.5856776E+04  0.6745882E+04  0.4486070E+04  0.2778458E+04  0.5412856E+02  0.1283954E+03
  0.4350000E+00  0.1122473E+02  0.8232065E+02  0.2432503E+03  0.5314893E+03  0.1003251E+04  0.4421454E+04  0.4627754E+04  0.5040353E+04  0.5659253E+04  0.6484452E+04  0.4387071E+04  0.2578747E+04  0.5262989E+02  0.1264490E+03
  0.4450000E+00  0.1145630E+02  0.8388441E+02  0.2471921E+03  0.5382823E+03  0.1012510E+04  0.4313078E+04  0.4507198E+04  0.4895438E+04  0.5477797E+04  0.6254277E+04  0.4280725E+04  0.2426498E+04  0.5129463E+02  0.1184901E+03
  0.4550000E+00  0.1171130E+02  0.8556088E+02  0.2511690E+03  0.5443538E+03  0.1018842E+04  0.4218682E+04  0.4398903E+04  0.4759347E+04  0.5300012E+04  0.6020899E+04  0.4188645E+04  0.2252771E+04  0.5202379E+02  0.1227777E+03
  0.4650000E+00  0.1195307E+02  0.8717186E+02  0.2551112E+03  0.5507747E+03  0.1026668E+04  0.4123569E+04  0.4292200E+04  0.4629460E+04  0.5135350E+04  0.5809871E+04  0.4095464E+04  0.2107876E+04  0.4897891E+02  0.1165533E+03
  0.4750000E+00  0.1218772E+02  0.8874371E+02  0.2590039E+03  0.5572645E+03  0.1034970E+04  0.4030209E+04  0.4188549E+04  0.4505228E+04  0.4980247E+04  0.5613606E+04  0.4003819E+04  0.1979245E+04  0.4707756E+02  0.1113009E+03
  0.4850000E+00  0.1244550E+02  0.9046081E+02  0.2632028E+03  0.5640942E+03  0.1043269E+04  0.3948436E+04  0.4096444E+04  0.4392462E+04  0.4836488E+04  0.5428523E+04  0.3923768E+04  0.1850110E+04  0.4553000E+02  0.1110287E+03
  0.4950000E+00  0.1266894E+02  0.9197307E+02  0.2670338E+03  0.5707558E+03  0.1052497E+04  0.3859200E+04  0.3999087E+04  0.4278862E+04  0.4698524E+04  0.5258073E+04  0.3835885E+04  0.1748591E+04  0.4566894E+02  0.1098178E+03
  0.5050000E+00  0.1290549E+02  0.9356564E+02  0.2710221E+03  0.5775472E+03  0.1061549E+04  0.3777784E+04  0.3909602E+04  0.4173239E+04  0.4568694E+04  0.5095967E+04  0.3755814E+04  0.1647729E+04  0.4445753E+02  0.1059489E+03
  0.5150000E+00  0.1315415E+02  0.9523427E+02  0.2751707E+03  0.5845157E+03  0.1070598E+04  0.3703191E+04  0.3827112E+04  0.4074955E+04  0.4446718E+04  0.4942403E+04  0.3682537E+04  0.1549016E+04  0.4219324E+02  0.1005834E+03
  0.5250000E+00  0.1340953E+02  0.9695794E+02  0.2795110E+03  0.5919812E+03  0.1080737E+04  0.3633274E+04  0.3750102E+04  0.3983756E+04  0.4334238E+04  0.4801547E+04  0.3613803E+04  0.1460341E+04  0.4229151E+02  0.9962743E+02
  0.5350000E+00  0.1365011E+02  0.9859187E+02  0.2836810E+03  0.5993288E+03  0.1091152E+04  0.3562003E+04  0.3672679E+04  0.3894032E+04  0.4226062E+04  0.4668768E+04  0.3543556E+04  0.1383456E+04  0.4098327E+02  0.9770753E+02
  0.5450000E+00  0.1389773E+02  0.1002729E+03  0.2879672E+03  0.6068685E+03  0.1101809E+04  0.3495257E+04  0.3600074E+04  0.3809707E+04  0.4124158E+04  0.4543425E+04  0.3477788E+04  0.1310209E+04  0.3986225E+02  0.9561950E+02
  0.5550000E+00  0.1417164E+02  0.1021108E+03  0.2925361E+03  0.6145411E+03  0.1111766E+04  0.3437487E+04  0.3535875E+04  0.3732651E+04  0.4027815E+04  0.4421367E+04  0.3421089E+04  0.1229849E+04  0.3915913E+02  0.9263711E+02
  0.5650000E+00  0.1440917E+02  0.1037047E+03  0.2964988E+03  0.6211970E+03  0.1120408E+04  0.3372989E+04  0.3465680E+04  0.3651062E+04  0.3929136E+04  0.4299900E+04  0.3357540E+04  0.1158640E+04  0.3817874E+02  0.9178021E+02
  0.5750000E+00  0.1466009E+02  0.1054240E+03  0.3009686E+03  0.6293274E+03  0.1132551E+04  0.3313764E+04  0.3402087E+04  0.3578732E+04  0.3843699E+04  0.4196989E+04  0.3299044E+04  0.1104031E+04  0.3700158E+02  0.8791111E+02
  0.5850000E+00  0.1490598E+02  0.1070839E+03  0.3051501E+03  0.6365251E+03  0.1142340E+04  0.3255578E+04  0.3339041E+04  0.3505967E+04  0.3756356E+04  0.4090208E+04  0.3241668E+04  0.1043287E+04  0.3798168E+02  0.9035019E+02
  0.5950000E+00  0.1514999E+02  0.1087507E+03  0.3094560E+03  0.6442734E+03  0.1153715E+04  0.3198921E+04  0.3278388E+04  0.3437320E+04  0.3675718E+04  0.3993582E+04  0.3185677E+04  0.9933261E+03  0.3615401E+02  0.8452218E+02
  0.6050000E+00  0.1542629E+02  0.1106076E+03  0.3140885E+03  0.6521052E+03  0.1164012E+04  0.3150952E+04  0.3225618E+04  0.3374949E+04  0.3598946E+04  0.3897609E+04  0.3138508E+04  0.9333208E+03  0.3444348E+02  0.7890014E+02
  0.6150000E+00  0.1566307E+02  0.1122297E+03  0.3183039E+03  0.6597676E+03  0.1175444E+04  0.3096398E+04  0.3167680E+04  0.3310243E+04  0.3524087E+04  0.3809212E+04  0.3084518E+04  0.8910173E+03  0.3542937E+02  0.8154710E+02
  0.6250000E+00  0.1593454E+02  0.1140677E+03  0.3229640E+03  0.6678831E+03  0.1186714E+04  0.3050450E+04  0.3117809E+04  0.3252528E+04  0.3454606E+04  0.3724043E+04  0.3039224E+04  0.8419907E+03  0.3481165E+02  0.8045059E+02
  0.6350000E+00  0.1619697E+02  0.1158348E+03  0.3273905E+03  0.6754241E+03  0.1196776E+04  0.3004183E+04  0.3067630E+04  0.3194524E+04  0.3384865E+04  0.3638652E+04  0.2993609E+04  0.7930862E+03  0.3450816E+02  0.8062349E+02
  0.6450000E+00  0.1643470E+02  0.1174716E+03  0.3316888E+03  0.6833733E+03  0.1208955E+04  0.2954701E+04  0.3015512E+04  0.3137133E+04  0.3319566E+04  0.3562810E+04  0.2944565E+04  0.7601365E+03  0.3276208E+02  0.7804684E+02
  0.6550000E+00  0.1669553E+02  0.1192250E+03  0.3360655E+03  0.6907800E+03  0.1218713E+04  0.2911001E+04  0.2968212E+04  0.3082633E+04  0.3254265E+04  0.3483108E+04  0.2901466E+04  0.7151340E+03  0.3263620E+02  0.7700133E+02
  0.6650000E+00  0.1695898E+02  0.1210501E+03  0.3409185E+03  0.6999365E+03  0.1233162E+04  0.2868851E+04  0.2923904E+04  0.3034012E+04  0.3199173E+04  0.3419388E+04  0.2859675E+04  0.6881713E+03  0.3268758E+02  0.7580687E+02
  0.6750000E+00  0.1718371E+02  0.1226008E+03  0.3450097E+03  0.7075592E+03  0.1244973E+04  0.2821537E+04  0.2874461E+04  0.2980310E+04  0.3139082E+04  0.3350779E+04  0.2812716E+04  0.6615534E+03  0.3132772E+02  0.6981417E+02
  0.6850000E+00  0.1748280E+02  0.1246051E+03  0.3499768E+03  0.7158524E+03  0.1255614E+04  0.2787830E+04  0.2837234E+04  0.2936042E+04  0.3084255E+04  0.3281872E+04  0.2779596E+04  0.6175529E+03  0.3084302E+02  0.7130798E+02
  0.6950000E+00  0.1772153E+02  0.1262440E+03  0.3542557E+03  0.7236897E+03  0.1267446E+04  0.2745341E+04  0.2792641E+04  0.2887242E+04  0.3029142E+04  0.3218343E+04  0.2737458E+04  0.5912518E+03  0.3078032E+02  0.7096745E+02
  0.7050000E+00  0.1798161E+02  0.1280249E+03  0.3588794E+03  0.7320813E+03  0.1279935E+04  0.2707368E+04  0.2752503E+04  0.2842774E+04  0.2978180E+04  0.3158721E+04  0.2699846E+04  0.5641913E+03  0.3098547E+02  0.6987124E+02
  0.7150000E+00  0.1824685E+02  0.1298356E+03  0.3635513E+03  0.7404706E+03  0.1292208E+04  0.2671204E+04  0.2714149E+04  0.2800040E+04  0.2928876E+04  0.3100658E+04  0.2664046E+04  0.5368173E+03  0.2954713E+02  0.6848351E+02
  0.7250000E+00  0.1850778E+02  0.1316248E+03  0.3682104E+03  0.7489675E+03  0.1304951E+04  0.2635355E+04  0.2676383E+04  0.2758441E+04  0.2881527E+04  0.3045641E+04  0.2628517E+04  0.5128582E+03  0.2953251E+02  0.6757575E+02
  0.7350000E+00  0.1878699E+02  0.1334960E+03  0.3728492E+03  0.7567172E+03  0.1314906E+04  0.2603108E+04  0.2641423E+04  0.2718052E+04  0.2832995E+04  0.2986254E+04  0.2596722E+04  0.4789321E+03  0.2845792E+02  0.6659254E+02
  0.7450000E+00  0.1903924E+02  0.1352386E+03  0.3774566E+03  0.7653320E+03  0.1328323E+04  0.2567840E+04  0.2604698E+04  0.2678414E+04  0.2788987E+04  0.2936418E+04  0.2561697E+04  0.4607227E+03  0.2738332E+02  0.6288797E+02
  0.7550000E+00  0.1930228E+02  0.1370319E+03  0.3820710E+03  0.7735792E+03  0.1340296E+04  0.2534994E+04  0.2570006E+04  0.2640031E+04  0.2745068E+04  0.2885118E+04  0.2529159E+04  0.4376550E+03  0.2783566E+02  0.6414589E+02
  0.7650000E+00  0.1955842E+02  0.1387798E+03  0.3865771E+03  0.7816594E+03  0.1352090E+04  0.2502086E+04  0.2535386E+04  0.2601988E+04  0.2701891E+04  0.2835095E+04  0.2496535E+04  0.4162614E+03  0.2738630E+02  0.6387884E+02
  0.7750000E+00  0.1983485E+02  0.1406765E+03  0.3915227E+03  0.7906989E+03  0.1365694E+04  0.2472539E+04  0.2504321E+04  0.2567886E+04  0.2663232E+04  0.2790361E+04  0.2467242E+04  0.3972768E+03  0.2671057E+02  0.6207878E+02
  0.7850000E+00  0.2008826E+02  0.1423958E+03  0.3959005E+03  0.7983820E+03  0.1376509E+04  0.2440911E+04  0.2470965E+04  0.2531074E+04  0.2621237E+04  0.2741454E+04  0.2435901E+04  0.3756797E+03  0.2633909E+02  0.6106322E+02
  0.7950000E+00  0.2034938E+02  0.1441920E+03  0.4006092E+03  0.8070647E+03  0.1389754E+04  0.2410945E+04  0.2439728E+04  0.2497294E+04  0.2583642E+04  0.2698774E+04  0.2406148E+04  0.3597856E+03  0.2642611E+02  0.5991215E+02
  0.8050000E+00  0.2063515E+02  0.1461244E+03  0.4054948E+03  0.8155301E+03  0.1401406E+04  0.2384638E+04  0.2411617E+04  0.2465575E+04  0.2546512E+04  0.2654428E+04  0.2380142E+04  0.3372365E+03  0.2596545E+02  0.6039199E+02
  0.8150000E+00  0.2087689E+02  0.1478138E+03  0.4100652E+03  0.8243866E+03  0.1415911E+04  0.2353780E+04  0.2380057E+04  0.2432610E+04  0.2511439E+04  0.2616545E+04  0.2349401E+04  0.3284558E+03  0.2545288E+02  0.5707238E+02
  0.8250000E+00  0.2112667E+02  0.1495273E+03  0.4145318E+03  0.8325463E+03  0.1428180E+04  0.2324660E+04  0.2349769E+04  0.2399988E+04  0.2475315E+04  0.2575751E+04  0.2320476E+04  0.3138631E+03  0.2531035E+02  0.5849307E+02
  0.8350000E+00  0.2141342E+02  0.1514778E+03  0.4195260E+03  0.8413965E+03  0.1440847E+04  0.2300272E+04  0.2323935E+04  0.2371262E+04  0.2442251E+04  0.2536904E+04  0.2296328E+04  0.2957902E+03  0.2473844E+02  0.5621587E+02
  0.8450000E+00  0.2166411E+02  0.1532021E+03  0.4240448E+03  0.8497255E+03  0.1453544E+04  0.2272540E+04  0.2295202E+04  0.2340524E+04  0.2408507E+04  0.2499152E+04  0.2268764E+04  0.2832642E+03  0.2509936E+02  0.5691754E+02
  0.8550000E+00  0.2192986E+02  0.1550267E+03  0.4288088E+03  0.8584530E+03  0.1466725E+04  0.2247025E+04  0.2268651E+04  0.2311903E+04  0.2376782E+04  0.2463286E+04  0.2243421E+04  0.2703266E+03  0.2399940E+02  0.5516812E+02
  0.8650000E+00  0.2219121E+02  0.1568118E+03  0.4334201E+03  0.8667501E+03  0.1478903E+04  0.2221650E+04  0.2242162E+04  0.2283187E+04  0.2344725E+04  0.2426775E+04  0.2218231E+04  0.2564059E+03  0.2412693E+02  0.5592558E+02
  0.8750000E+00  0.2245908E+02  0.1586471E+03  0.4381905E+03  0.8754240E+03  0.1491850E+04  0.2197473E+04  0.2216976E+04  0.2255983E+04  0.2314492E+04  0.2392505E+04  0.2194223E+04  0.2437894E+03  0.2434634E+02  0.5405419E+02
  0.8850000E+00  0.2273623E+02  0.1605394E+03  0.4430748E+03  0.8842003E+03  0.1504703E+04  0.2174717E+04  0.2193148E+04  0.2230009E+04  0.2285301E+04  0.2359024E+04  0.2171645E+04  0.2303836E+03  0.2358655E+02  0.5354010E+02
  0.8950000E+00  0.2300247E+02  0.1623850E+03  0.4479882E+03  0.8934889E+03  0.1519402E+04  0.2151351E+04  0.2169136E+04  0.2204707E+04  0.2258063E+04  0.2329204E+04  0.2148387E+04  0.2223163E+03  0.2279179E+02  0.5111952E+02
  0.9050000E+00  0.2328360E+02  0.1642986E+03  0.4528950E+03  0.9022063E+03  0.1531932E+04  0.2129906E+04  0.2146610E+04  0.2180016E+04  0.2230126E+04  0.2296939E+04  0.2127122E+04  0.2087911E+03  0.2237315E+02  0.5079474E+02
  0.9150000E+00  0.2355031E+02  0.1661240E+03  0.4576306E+03  0.9107883E+03  0.1544675E+04  0.2107566E+04  0.2123390E+04  0.2155038E+04  0.2202510E+04  0.2265806E+04  0.2104928E+04  0.1978002E+03  0.2282258E+02  0.5160273E+02
  0.9250000E+00  0.2381948E+02  0.1679735E+03  0.4624673E+03  0.9196722E+03  0.1558145E+04  0.2085894E+04  0.2100955E+04  0.2131078E+04  0.2176262E+04  0.2236507E+04  0.2083384E+04  0.1882670E+03  0.2193970E+02  0.5096185E+02
  0.9350000E+00  0.2409368E+02  0.1698534E+03  0.4673612E+03  0.9285936E+03  0.1571515E+04  0.2065101E+04  0.2079371E+04  0.2107912E+04  0.2150723E+04  0.2207805E+04  0.2062722E+04  0.1783803E+03  0.2168294E+02  0.4972850E+02
  0.9450000E+00  0.2431987E+02  0.1714327E+03  0.4716269E+03  0.9368391E+03  0.1584975E+04  0.2040628E+04  0.2054552E+04  0.2082399E+04  0.2124170E+04  0.2179865E+04  0.2038308E+04  0.1740459E+03  0.2200189E+02  0.4943767E+02
  0.9550000E+00  0.2460560E+02  0.1733822E+03  0.4766508E+03  0.9458418E+03  0.1598101E+04  0.2021691E+04  0.2034746E+04  0.2060857E+04  0.2100023E+04  0.2152244E+04  0.2019515E+04  0.1631921E+03  0.2138935E+02  0.4806563E+02
  0.9650000E+00  0.2487909E+02  0.1752639E+03  0.4815849E+03  0.9549449E+03  0.1611998E+04  0.2002083E+04  0.2014503E+04  0.2039342E+04  0.2076600E+04  0.2126278E+04  0.2000013E+04  0.1552440E+03  0.2122162E+02  0.4788742E+02
  0.9750000E+00  0.2514051E+02  0.1770560E+03  0.4862491E+03  0.9634441E+03  0.1624727E+04  0.1981905E+04  0.1993656E+04  0.2017159E+04  0.2052413E+04  0.2099419E+04  0.1979946E+04  0.1468919E+03  0.2098893E+02  0.4732157E+02
  0.9850000E+00  0.2541344E+02  0.1789338E+03  0.4911733E+03  0.9725293E+03  0.1638598E+04  0.1963012E+04  0.1974175E+04  0.1996501E+04  0.2029991E+04  0.2074643E+04  0.1961152E+04  0.1395385E+03  0.2073705E+02  0.4649834E+02
  0.9950000E+00  0.2566911E+02  0.1806945E+03  0.4957987E+03  0.9810888E+03  0.1651725E+04  0.1943162E+04  0.1953797E+04  0.1975065E+04  0.2006968E+04  0.2049505E+04  0.1941390E+04  0.1329280E+03  0.2052853E+02  0.4649371E+02
