5.000021999999999800e-03 2.070297999999999956e+04 2.882951000000000022e+03
1.500001999999999933e-02 2.746365999999999985e+04 1.938162000000000035e+03
2.500002000000000127e-02 2.385918999999999869e+04 8.238165999999999940e+02
3.500001999999999974e-02 1.819229000000000087e+04 4.736707000000000107e+02
4.500002000000000169e-02 1.406900000000000000e+04 2.840871000000000208e+02
5.500001999999999669e-02 1.185027000000000044e+04 2.004686000000000092e+02
6.500002000000000557e-02 1.056000000000000000e+04 1.461381000000000085e+02
7.500002000000000058e-02 8.933043999999999869e+03 1.068948000000000036e+02
8.500001999999999558e-02 7.284430000000000291e+03 7.920547999999999433e+01
9.500002000000000446e-02 5.989229999999999563e+03 6.477110000000000412e+01
1.049999999999999961e-01 5.267948999999999614e+03 5.009179999999999922e+01
1.150000000000000050e-01 4.777576000000000022e+03 3.920788999999999902e+01
1.250000000000000000e-01 4.398204999999999927e+03 3.401557999999999993e+01
1.350000000000000089e-01 3.939280999999999949e+03 2.941291000000000011e+01
1.449999999999999900e-01 3.478436999999999898e+03 2.211194000000000059e+01
1.549999999999999989e-01 3.122467000000000098e+03 1.787561000000000178e+01
1.650000000000000078e-01 2.858039999999999964e+03 1.614460000000000051e+01
1.749999999999999889e-01 2.653246000000000095e+03 1.427277999999999913e+01
1.849999999999999978e-01 2.483530999999999949e+03 1.395674999999999955e+01
1.950000000000000067e-01 2.310021000000000186e+03 1.159462000000000081e+01
2.049999999999999878e-01 2.153583000000000084e+03 9.886777000000000371e+00
2.149999999999999967e-01 2.005808999999999969e+03 8.587415000000000020e+00
2.250000000000000056e-01 1.882766000000000076e+03 7.696606000000000058e+00
2.349999999999999867e-01 1.783049999999999955e+03 7.303905999999999565e+00
2.449999999999999956e-01 1.692750000000000000e+03 6.499369999999999870e+00
2.550000000000000044e-01 1.607474999999999909e+03 6.612478000000000300e+00
2.650000000000000133e-01 1.528151000000000067e+03 5.189752999999999616e+00
2.750000000000000222e-01 1.456420000000000073e+03 4.987206999999999724e+00
2.849999999999999756e-01 1.390996000000000095e+03 4.658863000000000198e+00
2.949999999999999845e-01 1.333480000000000018e+03 4.636377999999999666e+00
3.049999999999999933e-01 1.280872000000000071e+03 3.962007999999999974e+00
3.150000000000000022e-01 1.230880000000000109e+03 3.773430999999999980e+00
3.250000000000000111e-01 1.181931000000000040e+03 3.840694000000000052e+00
3.350000000000000200e-01 1.139932000000000016e+03 3.288453000000000070e+00
3.449999999999999734e-01 1.104501999999999953e+03 3.258312999999999793e+00
3.549999999999999822e-01 1.063929000000000087e+03 2.959919999999999884e+00
3.649999999999999911e-01 1.029948000000000093e+03 2.683708999999999900e+00
3.750000000000000000e-01 9.981290999999999940e+02 2.497374000000000205e+00
3.850000000000000089e-01 9.693637999999999693e+02 2.860161999999999871e+00
3.950000000000000178e-01 9.404638999999999669e+02 2.335107999999999961e+00
4.050000000000000266e-01 9.140262999999999920e+02 2.497170000000000112e+00
4.149999999999999800e-01 8.894813000000000329e+02 2.170097000000000165e+00
4.249999999999999889e-01 8.665352000000000317e+02 2.083479000000000081e+00
4.349999999999999978e-01 8.453253999999999451e+02 2.063625000000000043e+00
4.450000000000000067e-01 8.240117999999999938e+02 1.933108999999999966e+00
4.550000000000000155e-01 8.033246000000000322e+02 1.647002000000000077e+00
4.650000000000000244e-01 7.847921999999999798e+02 1.633245999999999976e+00
4.749999999999999778e-01 7.686616999999999962e+02 1.540315000000000101e+00
4.849999999999999867e-01 7.511381999999999834e+02 1.576370000000000049e+00
4.949999999999999956e-01 7.345566000000000031e+02 1.627923000000000009e+00
5.050000000000000044e-01 7.190303999999999860e+02 1.517881999999999953e+00
5.150000000000000133e-01 7.037876999999999725e+02 1.472315999999999958e+00
5.250000000000000222e-01 6.906531999999999698e+02 1.417799000000000031e+00
5.350000000000000311e-01 6.776647000000000389e+02 1.344055000000000000e+00
5.450000000000000400e-01 6.649162999999999784e+02 1.290632000000000001e+00
5.550000000000000488e-01 6.529921000000000504e+02 1.174898999999999916e+00
5.649999999999999467e-01 6.414389999999999645e+02 1.252925000000000066e+00
5.749999999999999556e-01 6.299759999999999991e+02 1.198128000000000082e+00
5.849999999999999645e-01 6.186235000000000355e+02 1.256121000000000043e+00
5.949999999999999734e-01 6.090769999999999982e+02 1.036875999999999909e+00
6.049999999999999822e-01 5.982672999999999774e+02 1.003400999999999987e+00
6.149999999999999911e-01 5.881833000000000311e+02 1.035636000000000001e+00
6.250000000000000000e-01 5.793800999999999704e+02 1.080073000000000061e+00
6.350000000000000089e-01 5.706038999999999533e+02 1.074395999999999907e+00
6.450000000000000178e-01 5.616849999999999454e+02 9.079812999999999912e-01
6.550000000000000266e-01 5.528754999999999882e+02 9.715046000000000515e-01
6.650000000000000355e-01 5.449809000000000196e+02 9.913245000000000529e-01
6.750000000000000444e-01 5.361525000000000318e+02 8.529752000000000445e-01
6.850000000000000533e-01 5.301581999999999653e+02 8.046742999999999535e-01
6.949999999999999512e-01 5.218857000000000426e+02 8.986509999999999776e-01
7.049999999999999600e-01 5.153667000000000371e+02 8.965448999999999780e-01
7.149999999999999689e-01 5.077644999999999982e+02 7.515199999999999658e-01
7.249999999999999778e-01 5.010319000000000074e+02 7.951574999999999616e-01
7.349999999999999867e-01 4.940267000000000053e+02 7.681461000000000539e-01
7.449999999999999956e-01 4.874828999999999724e+02 7.796750999999999543e-01
7.550000000000000044e-01 4.814454999999999814e+02 7.162606999999999724e-01
7.650000000000000133e-01 4.754979000000000156e+02 7.537648000000000126e-01
7.750000000000000222e-01 4.697065000000000055e+02 7.638416000000000095e-01
7.850000000000000311e-01 4.631245000000000118e+02 7.105626000000000442e-01
7.950000000000000400e-01 4.577056999999999789e+02 6.170105999999999646e-01
8.050000000000000488e-01 4.522943999999999960e+02 7.120495999999999492e-01
8.149999999999999467e-01 4.468082999999999743e+02 6.424163999999999985e-01
8.249999999999999556e-01 4.416424999999999841e+02 6.396741999999999706e-01
8.349999999999999645e-01 4.362182000000000244e+02 6.247363999999999695e-01
8.449999999999999734e-01 4.315348999999999933e+02 6.000387000000000359e-01
8.549999999999999822e-01 4.272457999999999743e+02 5.573725999999999958e-01
8.649999999999999911e-01 4.216583999999999719e+02 6.266460000000000363e-01
8.750000000000000000e-01 4.165151000000000181e+02 5.656622999999999513e-01
8.850000000000000089e-01 4.117819000000000074e+02 5.498545999999999712e-01
8.950000000000000178e-01 4.076888999999999896e+02 6.024460000000000370e-01
9.050000000000000266e-01 4.031605999999999881e+02 5.670081000000000149e-01
9.150000000000000355e-01 3.987509999999999764e+02 5.159854000000000385e-01
9.250000000000000444e-01 3.941363000000000056e+02 5.422953000000000356e-01
9.350000000000000533e-01 3.908224000000000160e+02 5.155798999999999799e-01
9.449999999999999512e-01 3.861200999999999794e+02 5.325819000000000525e-01
9.549999999999999600e-01 3.821200000000000045e+02 4.855828999999999840e-01
9.649999999999999689e-01 3.782305999999999813e+02 4.945381999999999834e-01
9.749999999999999778e-01 3.744556999999999789e+02 4.949854000000000198e-01
9.849999999999999867e-01 3.706929000000000087e+02 4.471709999999999852e-01
9.949999999999999956e-01 3.665461000000000240e+02 4.408994999999999997e-01
