1.000000000000000048e-04 -1.759147601745266627e+02
1.018618757990636889e-04 -1.790556158906470046e+02
1.037584174130386683e-04 -1.822521928290271092e+02
1.056902702763435280e-04 -1.855055190008521038e+02
1.076580918405837677e-04 -1.888168413207897061e+02
1.096625517982972484e-04 -1.921875357482572042e+02
1.117043323108654298e-04 -1.956190376063526628e+02
1.137841282406671159e-04 -1.991128230624465516e+02
1.159026473875555805e-04 -2.026698631809204301e+02
1.180606107297385961e-04 -2.062905169408695940e+02
1.202587526691423979e-04 -2.099750463734906418e+02
1.224978212813448823e-04 -2.137236375825432617e+02
1.247785785701625405e-04 -2.175368803340066108e+02
1.271018007269759508e-04 -2.214166850031886895e+02
1.294682783948856639e-04 -2.253653090969509947e+02
1.318788169377844424e-04 -2.293851578480985438e+02
1.343342367144404262e-04 -2.334786333075001892e+02
1.368353733576835286e-04 -2.376469714206239701e+02
1.393830780587886845e-04 -2.418907755714091650e+02
1.419782178571551826e-04 -2.462105845068769554e+02
1.446216759353794693e-04 -2.506068811427408605e+02
1.473143519198206292e-04 -2.550804611163318327e+02
1.500571621867631414e-04 -2.596325600795775017e+02
1.528510401742802342e-04 -2.642644562729918221e+02
1.556969366999022759e-04 -2.689774446766945175e+02
1.585958202842011142e-04 -2.737730649702641017e+02
1.615486774803991923e-04 -2.786536400495389785e+02
1.645565132101141912e-04 -2.836217711586025416e+02
1.676203511053561853e-04 -2.886802135702071723e+02
1.707412338568923985e-04 -2.938316816756311596e+02
1.739202235690966278e-04 -2.990770475178409811e+02
1.771584021214069331e-04 -3.044159926241419498e+02
1.804568715365133496e-04 -3.098479896034238550e+02
1.838167543553991402e-04 -3.153723394739858463e+02
1.872391940193664781e-04 -3.209901248875585225e+02
1.907253552591749841e-04 -3.267052543404342373e+02
1.942764244914237906e-04 -3.325221474351545794e+02
1.978936102223156684e-04 -3.384455679003588102e+02
2.015781434589383866e-04 -3.444796675456811954e+02
2.053312781282022484e-04 -3.506251460537640696e+02
2.091542915035791929e-04 -3.568816971650781511e+02
2.130484846397874728e-04 -3.632487861112950327e+02
2.170151828155673804e-04 -3.697258318393389231e+02
2.210557359847042556e-04 -3.763143544196993275e+02
2.251715192354455768e-04 -3.830173945268319926e+02
2.293639332584741688e-04 -3.898381847207566011e+02
2.336344048235943036e-04 -3.967801281513595200e+02
2.379843872652912906e-04 -4.038460967632834695e+02
2.424153609773335033e-04 -4.110379053183766587e+02
2.469288339165833478e-04 -4.183572589699546143e+02
2.515263421161864177e-04 -4.258058465848947094e+02
2.562094502083175928e-04 -4.333854526538885352e+02
2.609797519566604005e-04 -4.410983652410216109e+02
2.658388707987978817e-04 -4.489470601950802688e+02
2.707884603987046170e-04 -4.569340755995903010e+02
2.758302052095252827e-04 -4.650619950090634802e+02
2.809658210468288773e-04 -4.733331935289357943e+02
2.861970556725403872e-04 -4.817498794190910871e+02
2.915256893897402246e-04 -4.903142711618285148e+02
2.969535356485410670e-04 -4.990286051080385619e+02
3.024824416632452238e-04 -5.078956056702185720e+02
3.081142890409901557e-04 -5.169189575905448919e+02
3.138509944221012080e-04 -5.261026126910888934e+02
3.196945101323670456e-04 -5.354507134034794262e+02
3.256468248474567954e-04 -5.449671468182895069e+02
3.317099642697105932e-04 -5.546535743192893051e+02
3.378859918175311614e-04 -5.645107841710206458e+02
3.441770093276080573e-04 -5.745393698018908708e+02
3.505851577702196234e-04 -5.847398385940977050e+02
3.571126179778526255e-04 -5.951146714399807252e+02
3.637616113873850436e-04 -6.056682295813259316e+02
3.705344007960904894e-04 -6.164051523185164569e+02
3.774332911317185486e-04 -6.273303149710164917e+02
3.844606302369096319e-04 -6.384479700223458849e+02
3.916188096682179866e-04 -6.497606398380465862e+02
3.989102655100118587e-04 -6.612705689619891700e+02
4.063374792035234838e-04 -6.729799383592105642e+02
4.139029783913389295e-04 -6.848911152800493483e+02
4.216093377776110925e-04 -6.970079933930045399e+02
4.294591800042851142e-04 -7.093351836117551557e+02
4.374551765436418527e-04 -7.218774918210614260e+02
4.456000486074592469e-04 -7.346398748752095571e+02
4.538965680730975877e-04 -7.476263004071342948e+02
4.623475584268307609e-04 -7.608396480069623067e+02
4.709558957247417807e-04 -7.742827095977841054e+02
4.797245095715044075e-04 -7.879582257294010788e+02
4.886563841173926972e-04 -8.018689636336542890e+02
4.977545590738541520e-04 -8.160178485644895545e+02
5.070221307479864242e-04 -8.304077975517453751e+02
5.164622530962796956e-04 -8.450416832022003746e+02
5.260781387979784549e-04 -8.599226023366330764e+02
5.358730603484221930e-04 -8.750556015760782884e+02
5.458503511727514279e-04 -8.904467844608047926e+02
5.560134067603410713e-04 -9.061025581434695368e+02
5.663656858203607774e-04 -9.220295791681020319e+02
5.769107114588511737e-04 -9.382328511771187323e+02
5.876520723777091089e-04 -9.547152815902005614e+02
5.985934240960059461e-04 -9.714795482199182288e+02
6.097384901940361554e-04 -9.885281894801090630e+02
6.210910635805346565e-04 -1.005864175499045359e+03
6.326550077834879179e-04 -1.023492080150724064e+03
6.444342582649731452e-04 -1.041416862278989584e+03
6.564328237604836330e-04 -1.059643594039222307e+03
6.686547876431904415e-04 -1.078177426568075816e+03
6.811043093135997744e-04 -1.097023295024217759e+03
6.937856256150888535e-04 -1.116186051330522332e+03
7.067030522757988559e-04 -1.135670616676864256e+03
7.198609853773664091e-04 -1.155481979464103915e+03
7.332639028510082053e-04 -1.175625030395631256e+03
7.469163660014610474e-04 -1.196104495979753210e+03
7.608230210592882006e-04 -1.216925119075150178e+03
7.749886007620955617e-04 -1.238091669784151918e+03
7.894179259651873870e-04 -1.259609063316181846e+03
8.041159072822036792e-04 -1.281482659244541765e+03
8.190875467563116935e-04 -1.303717985184196777e+03
8.343379395625119847e-04 -1.326320662323198349e+03
8.498722757416329746e-04 -1.349296314257008135e+03
8.656958419666173962e-04 -1.372649698070054683e+03
8.818140233416945414e-04 -1.396384995976887467e+03
8.982323052350434057e-04 -1.420506299098771706e+03
9.149562751455856497e-04 -1.445017624671451586e+03
9.319916246045359138e-04 -1.469924002564436478e+03
9.493441511123482980e-04 -1.495232120392242905e+03
9.670197601117347906e-04 -1.520948989276899056e+03
9.850244669974189595e-04 -1.547081839150482892e+03
1.003364399163299931e-03 -1.573637493328439177e+03
1.022045798087741148e-03 -1.600620413666218610e+03
1.041075021457684184e-03 -1.628034330208848360e+03
1.060458545332302119e-03 -1.655882786867624191e+03
1.080202966346945981e-03 -1.684169343841761929e+03
1.100315003958127810e-03 -1.712900052198347339e+03
1.120801502730290819e-03 -1.742082857516347076e+03
1.141669434665167245e-03 -1.771726031298452199e+03
1.162925901574505139e-03 -1.801838136645923441e+03
1.184578137496964268e-03 -1.832426176106832145e+03
1.206633511160018317e-03 -1.863494077146861400e+03
1.229099528487698038e-03 -1.895045245552836150e+03
1.251983835155017540e-03 -1.927082819889450548e+03
1.275294219189957150e-03 -1.959609871198769952e+03
1.299038613623911854e-03 -1.992630216364538910e+03
1.323225099191469196e-03 -2.026147772215740360e+03
1.347861907080450360e-03 -2.060166271028936535e+03
1.372957421733178281e-03 -2.094689508844272495e+03
1.398520183699878544e-03 -2.129725013645243052e+03
1.424558892545206177e-03 -2.165283575970027869e+03
1.451082409808913606e-03 -2.201376660162876760e+03
1.478099762021616026e-03 -2.238016346960034753e+03
1.505620143776714541e-03 -2.275211183600040840e+03
1.533652920859519646e-03 -2.312961708103823639e+03
1.562207633434636476e-03 -2.351266859860434124e+03
1.591293999292681506e-03 -2.390124773427860873e+03
1.620921917157463034e-03 -2.429533984893705110e+03
1.651101470054736975e-03 -2.469499135908069093e+03
1.681842928743670961e-03 -2.510027124276517043e+03
1.713156755212211745e-03 -2.551125031693562960e+03
1.745053606237532712e-03 -2.592800043911254761e+03
1.777544337012757587e-03 -2.635057822731876058e+03
1.810640004841223422e-03 -2.677902527451636161e+03
1.844351872899527766e-03 -2.721338124434214933e+03
1.878691414070622016e-03 -2.765368427010631422e+03
1.913670314848288411e-03 -2.809997780530588443e+03
1.949300479314314532e-03 -2.855232011798153962e+03
1.985594033189700368e-03 -2.901077240963280929e+03
2.022563327961310244e-03 -2.947539699800932340e+03
2.060220945085358690e-03 -2.994624956468469918e+03
2.098579700269144477e-03 -3.042333586971964451e+03
2.137652647832516666e-03 -3.090663664741099637e+03
2.177453085150554777e-03 -3.139612486283515864e+03
2.217994557178938446e-03 -3.189176669271349965e+03
2.259290861063600799e-03 -3.239355402550314921e+03
2.301356050836201629e-03 -3.290150819170420164e+03
2.344204442197008950e-03 -3.341565023378582737e+03
2.387850617386848631e-03 -3.393599953239244314e+03
2.432309430149767054e-03 -3.446257984691343609e+03
2.477596010788069535e-03 -3.499542981030421288e+03
2.523725771311497411e-03 -3.553459142175838224e+03
2.570714410682279835e-03 -3.608010796119143833e+03
2.618577920157816232e-03 -3.663201344664821590e+03
2.667332588732856859e-03 -3.719026122124973426e+03
2.716995008683013337e-03 -3.775475900419553454e+03
2.767582081211450527e-03 -3.832540116087041497e+03
2.819111022200746896e-03 -3.890207172303348216e+03
2.871599368071836751e-03 -3.948475231072706265e+03
2.925064981752035359e-03 -4.007355239105225792e+03
2.979526058754160094e-03 -4.066860059272541548e+03
3.035001133368896934e-03 -4.127003937341297387e+03
3.091509084972404210e-03 -4.187793924402681114e+03
3.149069144451357560e-03 -4.249211274676923495e+03
3.207700900747676494e-03 -4.311229997363484472e+03
3.267424307525048505e-03 -4.373821138096396680e+03
3.328259689959578698e-03 -4.436955639346412681e+03
3.390227751656924634e-03 -4.500628818106265498e+03
3.453349581698166287e-03 -4.564850332853090549e+03
3.517646661816871412e-03 -4.629631471111779319e+03
3.583140873709807911e-03 -4.694984864317292704e+03
3.649854506483770408e-03 -4.760911732477796249e+03
3.717810264241027274e-03 -4.827396131691610208e+03
3.787031273806032699e-03 -4.894419469759301137e+03
3.857541092596000667e-03 -4.961961504550032259e+03
3.929363716637983284e-03 -5.030001866335604973e+03
4.002523588735250673e-03 -5.098524249167949165e+03
4.077045606785728062e-03 -5.167512517385282081e+03
4.152955132255261271e-03 -5.236949541377268361e+03
4.230277998808691306e-03 -5.306817989886072610e+03
4.309040521101625484e-03 -5.377108338724740861e+03
4.389269503735864983e-03 -5.447816406536091563e+03
4.470992250381601758e-03 -5.518938748546619536e+03
4.554236573069470051e-03 -5.590472457346317242e+03
4.639030801655557625e-03 -5.662401900081422355e+03
4.725403793462688330e-03 -5.734690064387147686e+03
4.813384943101207784e-03 -5.807295311919728192e+03
4.903004192472584614e-03 -5.880172763365550054e+03
4.994292040959304527e-03 -5.953281339529167781e+03
5.087279555804490212e-03 -6.026607076120793863e+03
5.181998382684728684e-03 -6.100144172557557795e+03
5.278480756479801868e-03 -6.173888236375197266e+03
5.376759512242933886e-03 -6.247834461784184896e+03
5.476868096375239574e-03 -6.321953726635862040e+03
5.578840578008285173e-03 -6.396197651230440897e+03
5.682711660598566313e-03 -6.470514300304381322e+03
5.788516693737821156e-03 -6.544848542543710209e+03
5.896291685183281325e-03 -6.619158881137553180e+03
6.006073313111913795e-03 -6.693432309077724312e+03
6.117898938602767643e-03 -6.767660461096504150e+03
6.231806618351780694e-03 -6.841837126953708321e+03
6.347835117623322129e-03 -6.915950544844174146e+03
6.466023923442816568e-03 -6.989952081220823857e+03
6.586413258035060496e-03 -7.063779091705847350e+03
6.709044092512730928e-03 -7.137365237695318683e+03
6.833958160819744894e-03 -7.210641943135976362e+03
6.961197973934178662e-03 -7.283562405412000771e+03
7.090806834335763517e-03 -7.356099250002383997e+03
7.222828850742622764e-03 -7.428226873287353555e+03
7.357308953122382138e-03 -7.499921073167837676e+03
7.494292907982906364e-03 -7.571145629515848668e+03
7.633827333947594551e-03 -7.641836827630749212e+03
7.775959717620665838e-03 -7.711925063159291312e+03
7.920738429747978607e-03 -7.781337781089490818e+03
8.068212741678602168e-03 -7.850003560765650036e+03
8.218432842132880264e-03 -7.917871955309021359e+03
8.371449854282847144e-03 -7.984900839362404440e+03
8.527315853150491815e-03 -8.051049102378614407e+03
8.686083883330022667e-03 -8.116276248015159581e+03
8.847807977040106006e-03 -8.180527904281896554e+03
9.012543172512243669e-03 -8.243735626133191545e+03
9.180345532721415069e-03 -8.305829127465256533e+03
9.351272164465570386e-03 -8.366736797183852104e+03
9.525381237800334411e-03 -8.426385603361752146e+03
9.702732005835492182e-03 -8.484700917847532764e+03
9.883384824900139781e-03 -8.541606939799938118e+03
1.006740117508329001e-02 -8.597026879038214247e+03
1.025484368115681978e-02 -8.650884890403118334e+03
1.044577613388807981e-02 -8.703116737709768131e+03
1.064026351174931183e-02 -8.753664180519845104e+03
1.083837200303117664e-02 -8.802470885998814992e+03
1.104016902836809852e-02 -8.849481878393458828e+03
1.124572326368300859e-02 -8.894621840829937355e+03
1.145510466355919785e-02 -8.937791634001476268e+03
1.166838448504741235e-02 -8.978888947328143331e+03
1.188563531191621191e-02 -9.017809411116397314e+03
1.210693107935374886e-02 -9.054457512382372443e+03
1.233234709912954356e-02 -9.088766616489891021e+03
1.256196008522477044e-02 -9.120677930946380002e+03
1.279584817993961038e-02 -9.150136573730229429e+03
1.303409098048682532e-02 -9.177088379270993755e+03
1.327676956608045238e-02 -9.201454093911992459e+03
1.352396652552875778e-02 -9.223142263784231545e+03
1.377576598534103851e-02 -9.242062150316920452e+03
1.403225363835775182e-02 -9.258124238593962218e+03
1.429351677291355351e-02 -9.271243379452000227e+03
1.455964430254354063e-02 -9.281340084561383264e+03
1.483072679624235397e-02 -9.288338147328988271e+03
1.510685650928682983e-02 -9.292165043427556157e+03
1.538812741463251900e-02 -9.292752095455392919e+03
1.567463523489464813e-02 -9.290034099707392670e+03
1.596647747492464450e-02 -9.283950967633440087e+03
1.626375345499322250e-02 -9.274448719530595554e+03
1.656656434459112537e-02 -9.261478412129314165e+03
1.687501319685936682e-02 -9.244981900128270354e+03
1.718920498366049293e-02 -9.224898398146542604e+03
1.750924663130271758e-02 -9.201173332150683564e+03
1.783524705692930007e-02 -9.173759234430764991e+03
1.816731720558548493e-02 -9.142617300201318358e+03
1.850557008797541758e-02 -9.107718564492961377e+03
1.885012081892218153e-02 -9.069044290502895819e+03
1.920108665654396071e-02 -9.026586828779527423e+03
1.955858704215939978e-02 -8.980344882524899731e+03
1.992274364093615108e-02 -8.930307093724157312e+03
2.029368038329624341e-02 -8.876468801274890211e+03
2.067152350709217101e-02 -8.818837536800421731e+03
2.105640160056846191e-02 -8.757433839533805440e+03
2.144844564612310642e-02 -8.692287047294581498e+03
2.184778906488358055e-02 -8.623438312303722341e+03
2.225456776211312895e-02 -8.550945245332757622e+03
2.266892017346214608e-02 -8.474883503397615641e+03
2.309098731208087882e-02 -8.395334544890079997e+03
2.352091281660938227e-02 -8.312377873894311051e+03
2.395884300006070194e-02 -8.226110285611823201e+03
2.440492689961447359e-02 -8.136649329197826773e+03
2.485931632733758001e-02 -8.044126843718760028e+03
2.532216592184896586e-02 -7.948662128273614144e+03
2.579363320094659948e-02 -7.850386169964436704e+03
2.627387861521428281e-02 -7.749452436989429771e+03
2.676306560262632639e-02 -7.646036677686347502e+03
2.726136064416913654e-02 -7.540319705592180071e+03
2.776893332049839777e-02 -7.432492467599463453e+03
2.828595636965089075e-02 -7.322771723155687141e+03
2.881260574583110329e-02 -7.211401657339838493e+03
2.934906067929236861e-02 -7.098611942299676230e+03
2.989550373733263280e-02 -6.984577687467316537e+03
3.045212088642617818e-02 -6.869485981901993000e+03
3.101910155551216783e-02 -6.753544913022018591e+03
3.159663870046123396e-02 -6.636967970428690933e+03
3.218492886974268219e-02 -6.519903786383089027e+03
3.278417227131428385e-02 -6.402488212626863060e+03
3.339457284075720428e-02 -6.284869106941107020e+03
3.401633831067995412e-02 -6.167215576916908503e+03
3.464968028141413720e-02 -6.049840572129747670e+03
3.529481429302669393e-02 -5.933195290390975970e+03
3.595195989867303044e-02 -5.817777691425082594e+03
3.662134073931550687e-02 -5.704132606442322867e+03
3.730318461983343770e-02 -5.592704549959651558e+03
3.799772358655016669e-02 -5.483657790314478007e+03
3.870519400620325845e-02 -5.377122118766740641e+03
3.942583664638536767e-02 -5.273227800130272954e+03
4.015989675748280613e-02 -5.172105337258865802e+03
4.090762415613934111e-02 -5.073880496242934896e+03
4.166927331027438924e-02 -4.978677075288282140e+03
4.244510342568409006e-02 -4.886617123793823339e+03
4.323537853425445804e-02 -4.797818109813999399e+03
4.404036758381727618e-02 -4.712329059421904276e+03
4.486034452967906094e-02 -4.630126629813757063e+03
4.569558842785374775e-02 -4.551166356006908245e+03
4.654638353003166112e-02 -4.475383371375613024e+03
4.741301938031668856e-02 -4.402694453444238206e+03
4.829579091376418054e-02 -4.332999606312526339e+03
4.919499855675390360e-02 -4.266175390973749018e+03
5.011094832923183862e-02 -4.202070372595042500e+03
5.104395194885506803e-02 -4.140510330335760955e+03
5.199432693707650016e-02 -4.081332106147653576e+03
5.296239672720397945e-02 -4.024360903840412902e+03
5.394849077447183561e-02 -3.969392639976866121e+03
5.495294466816183498e-02 -3.916189731452730939e+03
5.597610024581120558e-02 -3.864438247780814436e+03
5.701830570954753707e-02 -3.813737261346064770e+03
5.807991574458975376e-02 -3.763633761932288962e+03
5.916129163995485080e-02 -3.713621255743748407e+03
6.026280141141259622e-02 -3.663180239539787635e+03
6.138481992672950582e-02 -3.611859776996203436e+03
6.252772903324410603e-02 -3.559182774750790941e+03
6.369191768781813645e-02 -3.504623192262517023e+03
6.487778208920719214e-02 -3.447644508809350555e+03
6.608572581289541559e-02 -3.388010673090252112e+03
6.731615994844122874e-02 -3.325641592652721101e+03
6.856950323938026948e-02 -3.260457652938520823e+03
6.984618222573248103e-02 -3.192380858548503966e+03
7.114663138916324514e-02 -3.121411285846488227e+03
7.247129330084713106e-02 -3.047658631136243912e+03
7.382061877208406786e-02 -2.971261812467941127e+03
7.519506700772049523e-02 -2.892394877627185906e+03
7.659510576242696545e-02 -2.811307047894413699e+03
7.802121149988475168e-02 -2.728393292876942269e+03
7.947386955493740412e-02 -2.644124066048728309e+03
8.095357429876023914e-02 -2.559025897331513079e+03
8.246082930710581238e-02 -2.473687330229879080e+03
8.399614753168203884e-02 -2.388842818707394599e+03
8.556005147472026118e-02 -2.305267593320267679e+03
8.715307336679442574e-02 -2.223710044825321347e+03
8.877575534795098533e-02 -2.144959910817943182e+03
9.042864965221047990e-02 -2.069491368158773184e+03
9.211231879550497992e-02 -1.997388601567191017e+03
9.382733576711488332e-02 -1.928896117532256312e+03
9.557428422466902884e-02 -1.864761298234904643e+03
9.735375869277639038e-02 -1.805989542119382349e+03
9.916636476535606315e-02 -1.752874845917601078e+03
1.010127193117334454e-01 -1.705308093009891309e+03
1.028934506865746418e-01 -1.662627588033034954e+03
1.048091989437295174e-01 -1.623452916693961470e+03
1.067606160540553323e-01 -1.585982248547082463e+03
1.087483661272969776e-01 -1.549834117364273425e+03
1.107731256380982965e-01 -1.515640396600420672e+03
1.128355836562204700e-01 -1.484441511245548327e+03
1.149364420810477933e-01 -1.457517882151732692e+03
1.170764158804596805e-01 -1.435696931130813255e+03
1.192562333341489894e-01 -1.417137445749891867e+03
1.214766362814724415e-01 -1.398868448064710037e+03
1.237383803739137977e-01 -1.377502876491355437e+03
1.260422353322489530e-01 -1.349353579064239284e+03
1.283889852084990069e-01 -1.313112686662228725e+03
1.307794286527595162e-01 -1.270636865325960343e+03
1.332143791849988712e-01 -1.224233552144978376e+03
1.356946654719173029e-01 -1.176494057321270020e+03
1.382211316089593522e-01 -1.129407833123921137e+03
1.407946374075784157e-01 -1.083509013109243369e+03
1.434160586878495958e-01 -1.039204329925162938e+03
1.460862875765296387e-01 -9.969396339186222349e+02
1.488062328106674881e-01 -9.572422264841051174e+02
1.515768200468676774e-01 -9.207414428050637980e+02
1.543989921763106177e-01 -8.881295674803371867e+02
1.572737096456394423e-01 -8.599836848038264634e+02
1.602019507838212953e-01 -8.355187111920167808e+02
1.631847121350931962e-01 -8.131724363837497549e+02
1.662230087981080573e-01 -7.912165837597505060e+02
1.693178747713955379e-01 -7.689068369497567801e+02
1.724703633052531437e-01 -7.469984256799373270e+02
1.756815472601906958e-01 -7.264378072783651987e+02
1.789525194720488210e-01 -7.076005470522602536e+02
1.822843931239136461e-01 -6.893948376941912102e+02
1.856783021249577281e-01 -6.703992974121040334e+02
1.891354014963346764e-01 -6.498117056116866479e+02
1.926568677642566674e-01 -6.285459491802128014e+02
1.962438993603934922e-01 -6.078596840529532983e+02
1.998977170297235872e-01 -5.881673365143336696e+02
2.036195642459806276e-01 -5.684007684725258969e+02
2.074107076348354617e-01 -5.473599164313262690e+02
2.112724374049552156e-01 -5.253701520871707089e+02
2.152060677870898386e-01 -5.040007581970611454e+02
2.192129374813342746e-01 -4.846462332634175141e+02
2.232944101127158631e-01 -4.675142923715978895e+02
2.274518746952663151e-01 -4.525173128544713563e+02
2.316867461047341648e-01 -4.393020504747705104e+02
2.360004655600963508e-01 -4.272645456013974581e+02
2.403945011140371790e-01 -4.156651485877429195e+02
2.448703481525593140e-01 -4.035613592517243546e+02
2.494295299038948310e-01 -3.901784587348872719e+02
2.540735979568935488e-01 -3.759597373256740411e+02
2.588041327890632792e-01 -3.617243995986214600e+02
2.636227443044395491e-01 -3.480556354363787932e+02
2.685310723814711698e-01 -3.353803881543512375e+02
2.735307874311079801e-01 -3.234696395900540438e+02
2.786235909652761689e-01 -3.117414165249015241e+02
2.838112161759405172e-01 -3.003884134476244867e+02
2.890954285249487388e-01 -2.899936647828367313e+02
2.944780263448539270e-01 -2.801191706449191656e+02
2.999608414509291610e-01 -2.699993241051211044e+02
3.055457397645717776e-01 -2.602454825927740103e+02
3.112346219483181908e-01 -2.515141415858298615e+02
3.170294240526813079e-01 -2.429214232918222933e+02
3.229321181750291481e-01 -2.338387080548194774e+02
3.289447131307334793e-01 -2.246053978755217599e+02
3.350692551368140704e-01 -2.158302239362747628e+02
3.413078285083093744e-01 -2.079927313977363212e+02
3.476625563676150610e-01 -2.004634607646769666e+02
3.541356013670298175e-01 -1.928304989830972147e+02
3.607291664247512242e-01 -1.854053224362382366e+02
3.674454954745774993e-01 -1.787055465877952827e+02
3.742868742295683004e-01 -1.724570881335252182e+02
3.812556309599205995e-01 -1.655044128968958432e+02
3.883541372853305251e-01 -1.590962118395810023e+02
3.955848089821086822e-01 -1.533512499135404994e+02
4.029501068053188972e-01 -1.468910527229033960e+02
4.104525373262280508e-01 -1.409342217512907496e+02
4.180946537853479361e-01 -1.351861860093861196e+02
4.258790569613564725e-01 -1.293282097947285934e+02
4.338083960562001962e-01 -1.242119446493738906e+02
4.418853695966769579e-01 -1.193611037025277568e+02
4.501127263528001410e-01 -1.142292652091826426e+02
4.584932662732687514e-01 -1.088814583507500942e+02
4.670298414383473595e-01 -1.043610444653593419e+02
4.757253570304930124e-01 -1.005048838279001302e+02
4.845827723230530792e-01 -9.522169164211048553e+01
4.936051016873679309e-01 -9.147272957402100246e+01
5.027954156186282830e-01 -8.730419150066775558e+01
5.121568417808332052e-01 -8.342154033908086319e+01
5.216925660711994039e-01 -7.932383329770614466e+01
5.314058337043928715e-01 -7.576619043809397169e+01
5.412999503169476645e-01 -7.205661797738289920e+01
5.513782830922426825e-01 -6.846010429296013911e+01
5.616442619064294650e-01 -6.522381158682225077e+01
5.721013804956951443e-01 -6.164807422590270392e+01
5.827531976452537954e-01 -5.849376700600480206e+01
5.936033384004799629e-01 -5.551801818474807959e+01
6.046554953005927047e-01 -5.247527601285913335e+01
6.159134296353031557e-01 -4.933366417154648076e+01
6.273809727248653711e-01 -4.674159075626306503e+01
6.390620272239599942e-01 -4.404496913887997778e+01
6.509605684498487310e-01 -4.121652041123525834e+01
6.630806457352632632e-01 -3.874109418548688666e+01
6.754263838064833436e-01 -3.611984632343749979e+01
6.880019841870665953e-01 -3.356549014164820477e+01
7.008117266277236190e-01 -3.114005092187284163e+01
7.138599705628055903e-01 -2.907560641116316447e+01
7.271511565939169364e-01 -2.676839483287188770e+01
7.406898080011508068e-01 -2.449722346576048082e+01
7.544805322824555960e-01 -2.221139963057429156e+01
7.685280227216687576e-01 -2.060908465887327523e+01
7.828370599857461531e-01 -1.834786817142601834e+01
7.974125137517225070e-01 -1.648041611281996310e+01
8.122593443639704036e-01 -1.469654071794553118e+01
8.273826045223166004e-01 -1.291398474617492731e+01
8.427874410015804285e-01 -1.137311011052545950e+01
8.584790964031362437e-01 -9.444918478703867137e+00
8.744629109390869015e-01 -7.756696602905108762e+00
8.907443242496495550e-01 -6.533162795271969969e+00
9.073288772543862679e-01 -4.748792065754665614e+00
9.242222140379020567e-01 -3.384317616909017445e+00
9.414300837706444103e-01 -1.854280082811524455e+00
9.589583426654740839e-01 -5.155744251647909060e-01
9.768129559706647536e-01 8.718356441580463745e-01
9.949999999999999956e-01 2.039370904999999734e+00
