  0.5000022E-02  0.1596501E+03  0.1117551E+04  0.3033352E+04  0.5907053E+04  0.9738655E+04  0.1197370E+06  0.3592111E+06  0.5986852E+06  0.8381593E+06  0.1077633E+07  0.1197370E+07  0.1922812E+06
  0.1500002E-01  0.3074621E+03  0.2152235E+04  0.5841780E+04  0.1137610E+05  0.1875519E+05  0.7686542E+05  0.2305963E+06  0.3843271E+06  0.5380580E+06  0.6917888E+06  0.7686542E+06  0.5926637E+05
  0.2500002E-01  0.2843031E+03  0.1990122E+04  0.5401759E+04  0.1051921E+05  0.1734249E+05  0.4264543E+05  0.1279363E+06  0.2132271E+06  0.2985180E+06  0.3838089E+06  0.4264543E+06  0.1499648E+05
  0.3500002E-01  0.2002529E+03  0.1401770E+04  0.3804805E+04  0.7409357E+04  0.1221543E+05  0.2145566E+05  0.6436697E+05  0.1072783E+06  0.1501896E+06  0.1931009E+06  0.2145566E+06  0.6046249E+04
  0.4500002E-01  0.1704828E+03  0.1193380E+04  0.3239174E+04  0.6307865E+04  0.1039945E+05  0.1420690E+05  0.4262069E+05  0.7103448E+05  0.9944827E+05  0.1278621E+06  0.1420690E+06  0.3155889E+04
  0.5500002E-01  0.1388162E+03  0.9717132E+03  0.2637507E+04  0.5136199E+04  0.8467787E+04  0.9464736E+04  0.2839421E+05  0.4732368E+05  0.6625315E+05  0.8518263E+05  0.9464736E+05  0.1733772E+04
  0.6500002E-01  0.1241187E+03  0.8688310E+03  0.2358255E+04  0.4592392E+04  0.7571241E+04  0.7160692E+04  0.2148208E+05  0.3580346E+05  0.5012485E+05  0.6444623E+05  0.7160692E+05  0.1139560E+04
  0.7500002E-01  0.1043643E+03  0.7305502E+03  0.1982922E+04  0.3861480E+04  0.6366223E+04  0.5218214E+04  0.1565464E+05  0.2609107E+05  0.3652750E+05  0.4696393E+05  0.5218214E+05  0.7196669E+03
  0.8500002E-01  0.8604838E+02  0.6023387E+03  0.1634919E+04  0.3183790E+04  0.5248951E+04  0.3796251E+04  0.1138875E+05  0.1898126E+05  0.2657376E+05  0.3416626E+05  0.3796251E+05  0.4747622E+03
  0.9500002E-01  0.7078975E+02  0.4955282E+03  0.1345005E+04  0.2619221E+04  0.4318174E+04  0.2794331E+04  0.8382994E+04  0.1397166E+05  0.1956032E+05  0.2514898E+05  0.2794331E+05  0.3433748E+03
  0.1050000E+00  0.6244920E+02  0.4371444E+03  0.1186535E+04  0.2310620E+04  0.3809401E+04  0.2230329E+04  0.6690986E+04  0.1115164E+05  0.1561230E+05  0.2007296E+05  0.2230329E+05  0.2596926E+03
  0.1150000E+00  0.5659756E+02  0.3961829E+03  0.1075354E+04  0.2094110E+04  0.3452451E+04  0.1845573E+04  0.5536718E+04  0.9227863E+04  0.1291901E+05  0.1661015E+05  0.1845573E+05  0.1807043E+03
  0.1250000E+00  0.5224486E+02  0.3657140E+03  0.9926524E+03  0.1933060E+04  0.3186937E+04  0.1567346E+04  0.4702038E+04  0.7836729E+04  0.1097142E+05  0.1410611E+05  0.1567346E+05  0.1545448E+03
  0.1350000E+00  0.4681189E+02  0.3276832E+03  0.8894259E+03  0.1732040E+04  0.2855525E+04  0.1300330E+04  0.3900991E+04  0.6501651E+04  0.9102312E+04  0.1170297E+05  0.1300330E+05  0.1258763E+03
  0.1450000E+00  0.4166340E+02  0.2916438E+03  0.7916046E+03  0.1541546E+04  0.2541467E+04  0.1077502E+04  0.3232505E+04  0.5387509E+04  0.7542512E+04  0.9697515E+04  0.1077502E+05  0.8762821E+02
  0.1550000E+00  0.3775984E+02  0.2643189E+03  0.7174370E+03  0.1397114E+04  0.2303350E+04  0.9135446E+03  0.2740634E+04  0.4567723E+04  0.6394812E+04  0.8221901E+04  0.9135446E+04  0.7448081E+02
  0.1650000E+00  0.3460187E+02  0.2422131E+03  0.6574355E+03  0.1280269E+04  0.2110714E+04  0.7864060E+03  0.2359218E+04  0.3932030E+04  0.5504842E+04  0.7077654E+04  0.7864060E+04  0.6204853E+02
  0.1750000E+00  0.3216807E+02  0.2251765E+03  0.6111933E+03  0.1190219E+04  0.1962252E+04  0.6893158E+03  0.2067947E+04  0.3446579E+04  0.4825211E+04  0.6203842E+04  0.6893158E+04  0.5021151E+02
  0.1850000E+00  0.3011132E+02  0.2107793E+03  0.5721152E+03  0.1114119E+04  0.1836791E+04  0.6103647E+03  0.1831094E+04  0.3051823E+04  0.4272553E+04  0.5493282E+04  0.6103647E+04  0.4806717E+02
  0.1950000E+00  0.2812180E+02  0.1968526E+03  0.5343143E+03  0.1040507E+04  0.1715430E+04  0.5408039E+03  0.1622412E+04  0.2704020E+04  0.3785627E+04  0.4867235E+04  0.5408039E+04  0.4216564E+02
  0.2050000E+00  0.2635356E+02  0.1844749E+03  0.5007177E+03  0.9750818E+03  0.1607567E+04  0.4820774E+03  0.1446232E+04  0.2410387E+04  0.3374541E+04  0.4338696E+04  0.4820774E+04  0.3332572E+02
  0.2150000E+00  0.2472155E+02  0.1730509E+03  0.4697095E+03  0.9146975E+03  0.1508015E+04  0.4311899E+03  0.1293570E+04  0.2155949E+04  0.3018329E+04  0.3880709E+04  0.4311899E+04  0.2759975E+02
  0.2250000E+00  0.2333221E+02  0.1633255E+03  0.4433121E+03  0.8632919E+03  0.1423265E+04  0.3888702E+03  0.1166611E+04  0.1944351E+04  0.2722092E+04  0.3499832E+04  0.3888702E+04  0.2595515E+02
  0.2350000E+00  0.2212664E+02  0.1548865E+03  0.4204062E+03  0.8186857E+03  0.1349725E+04  0.3530847E+03  0.1059254E+04  0.1765424E+04  0.2471593E+04  0.3177762E+04  0.3530847E+04  0.2424221E+02
  0.2450000E+00  0.2101586E+02  0.1471110E+03  0.3993013E+03  0.7775868E+03  0.1281967E+04  0.3216713E+03  0.9650139E+03  0.1608356E+04  0.2251699E+04  0.2895042E+04  0.3216713E+04  0.1986152E+02
  0.2550000E+00  0.2003477E+02  0.1402434E+03  0.3806606E+03  0.7412864E+03  0.1222121E+04  0.2946289E+03  0.8838868E+03  0.1473145E+04  0.2062403E+04  0.2651660E+04  0.2946289E+04  0.1931989E+02
  0.2650000E+00  0.1912955E+02  0.1339068E+03  0.3634614E+03  0.7077932E+03  0.1166902E+04  0.2707011E+03  0.8121034E+03  0.1353506E+04  0.1894908E+04  0.2436310E+04  0.2707011E+04  0.1652914E+02
  0.2750000E+00  0.1834235E+02  0.1283964E+03  0.3485046E+03  0.6786669E+03  0.1118883E+04  0.2501229E+03  0.7503688E+03  0.1250615E+04  0.1750860E+04  0.2251106E+04  0.2501229E+04  0.1522662E+02
  0.2850000E+00  0.1759145E+02  0.1231401E+03  0.3342375E+03  0.6508835E+03  0.1073078E+04  0.2314664E+03  0.6943992E+03  0.1157332E+04  0.1620265E+04  0.2083198E+04  0.2314664E+04  0.1268160E+02
  0.2950000E+00  0.1691030E+02  0.1183721E+03  0.3212956E+03  0.6256810E+03  0.1031528E+04  0.2149614E+03  0.6448842E+03  0.1074807E+04  0.1504730E+04  0.1934653E+04  0.2149614E+04  0.1322797E+02
  0.3050000E+00  0.1626922E+02  0.1138845E+03  0.3091151E+03  0.6019610E+03  0.9924222E+03  0.2000314E+03  0.6000941E+03  0.1000157E+04  0.1400219E+04  0.1800282E+04  0.2000314E+04  0.1134671E+02
  0.3150000E+00  0.1568827E+02  0.1098179E+03  0.2980772E+03  0.5804661E+03  0.9569846E+03  0.1867651E+03  0.5602954E+03  0.9338257E+03  0.1307356E+04  0.1680886E+04  0.1867651E+04  0.1025668E+02
  0.3250000E+00  0.1510738E+02  0.1057517E+03  0.2870403E+03  0.5589732E+03  0.9215504E+03  0.1743160E+03  0.5229479E+03  0.8715799E+03  0.1220212E+04  0.1568844E+04  0.1743160E+04  0.9925605E+01
  0.3350000E+00  0.1463288E+02  0.1024301E+03  0.2780246E+03  0.5414164E+03  0.8926054E+03  0.1638008E+03  0.4914025E+03  0.8190042E+03  0.1146606E+04  0.1474208E+04  0.1638008E+04  0.9276586E+01
  0.3450000E+00  0.1421905E+02  0.9953335E+02  0.2701620E+03  0.5261049E+03  0.8673621E+03  0.1545549E+03  0.4636647E+03  0.7727745E+03  0.1081884E+04  0.1390994E+04  0.1545549E+04  0.8994220E+01
  0.3550000E+00  0.1371462E+02  0.9600235E+02  0.2605778E+03  0.5074410E+03  0.8365919E+03  0.1448728E+03  0.4346183E+03  0.7243638E+03  0.1014109E+04  0.1303855E+04  0.1448728E+04  0.7707238E+01
  0.3650000E+00  0.1333002E+02  0.9331013E+02  0.2532704E+03  0.4932107E+03  0.8131312E+03  0.1369522E+03  0.4108567E+03  0.6847612E+03  0.9586657E+03  0.1232570E+04  0.1369522E+04  0.6876748E+01
  0.3750000E+00  0.1294482E+02  0.9061371E+02  0.2459515E+03  0.4789582E+03  0.7896337E+03  0.1294482E+03  0.3883445E+03  0.6472408E+03  0.9061371E+03  0.1165033E+04  0.1294482E+04  0.6551533E+01
  0.3850000E+00  0.1260472E+02  0.8823301E+02  0.2394896E+03  0.4663745E+03  0.7688877E+03  0.1227732E+03  0.3683196E+03  0.6138661E+03  0.8594125E+03  0.1104959E+04  0.1227732E+04  0.6898292E+01
  0.3950000E+00  0.1227135E+02  0.8589943E+02  0.2331556E+03  0.4540399E+03  0.7485522E+03  0.1165001E+03  0.3495004E+03  0.5825007E+03  0.8155009E+03  0.1048501E+04  0.1165001E+04  0.5613228E+01
  0.4050000E+00  0.1194085E+02  0.8358598E+02  0.2268762E+03  0.4418116E+03  0.7283921E+03  0.1105635E+03  0.3316904E+03  0.5528173E+03  0.7739443E+03  0.9950712E+03  0.1105635E+04  0.5319969E+01
  0.4150000E+00  0.1166172E+02  0.8163203E+02  0.2215726E+03  0.4314836E+03  0.7113648E+03  0.1053770E+03  0.3161309E+03  0.5268849E+03  0.7376388E+03  0.9483928E+03  0.1053770E+04  0.5262688E+01
  0.4250000E+00  0.1138357E+02  0.7968501E+02  0.2162879E+03  0.4211922E+03  0.6943979E+03  0.1004433E+03  0.3013299E+03  0.5022164E+03  0.7031030E+03  0.9039896E+03  0.1004433E+04  0.4848177E+01
  0.4350000E+00  0.1113678E+02  0.7795744E+02  0.2115988E+03  0.4120607E+03  0.6793434E+03  0.9600669E+02  0.2880201E+03  0.4800335E+03  0.6720469E+03  0.8640602E+03  0.9600669E+03  0.4813288E+01
  0.4450000E+00  0.1086812E+02  0.7607687E+02  0.2064943E+03  0.4021206E+03  0.6629555E+03  0.9158531E+02  0.2747559E+03  0.4579266E+03  0.6410972E+03  0.8242678E+03  0.9158531E+03  0.4053758E+01
  0.4550000E+00  0.1061643E+02  0.7431501E+02  0.2017122E+03  0.3928079E+03  0.6476022E+03  0.8749804E+02  0.2624941E+03  0.4374902E+03  0.6124863E+03  0.7874824E+03  0.8749804E+03  0.3695821E+01
  0.4650000E+00  0.1039716E+02  0.7278013E+02  0.1975461E+03  0.3846950E+03  0.6342269E+03  0.8384808E+02  0.2515442E+03  0.4192404E+03  0.5869366E+03  0.7546327E+03  0.8384808E+03  0.3756007E+01
  0.4750000E+00  0.1020928E+02  0.7146498E+02  0.1939764E+03  0.3777435E+03  0.6227663E+03  0.8059961E+02  0.2417988E+03  0.4029980E+03  0.5641972E+03  0.7253965E+03  0.8059961E+03  0.3578237E+01
  0.4850000E+00  0.9976738E+01  0.6983716E+02  0.1895580E+03  0.3691393E+03  0.6085810E+03  0.7713972E+02  0.2314192E+03  0.3856986E+03  0.5399781E+03  0.6942575E+03  0.7713972E+03  0.3711571E+01
  0.4950000E+00  0.9791907E+01  0.6854335E+02  0.1860462E+03  0.3623006E+03  0.5973063E+03  0.7418111E+02  0.2225433E+03  0.3709056E+03  0.5192678E+03  0.6676300E+03  0.7418111E+03  0.3715400E+01
  0.5050000E+00  0.9591809E+01  0.6714266E+02  0.1822444E+03  0.3548969E+03  0.5851004E+03  0.7122631E+02  0.2136789E+03  0.3561315E+03  0.4985841E+03  0.6410368E+03  0.7122631E+03  0.3116675E+01
  0.5150000E+00  0.9419066E+01  0.6593346E+02  0.1789623E+03  0.3485054E+03  0.5745630E+03  0.6858543E+02  0.2057563E+03  0.3429272E+03  0.4800980E+03  0.6172689E+03  0.6858543E+03  0.3424824E+01
  0.5250000E+00  0.9255753E+01  0.6479027E+02  0.1758593E+03  0.3424629E+03  0.5646009E+03  0.6611252E+02  0.1983376E+03  0.3305626E+03  0.4627877E+03  0.5950127E+03  0.6611252E+03  0.2914736E+01
  0.5350000E+00  0.9085172E+01  0.6359620E+02  0.1726183E+03  0.3361514E+03  0.5541955E+03  0.6368111E+02  0.1910433E+03  0.3184055E+03  0.4457678E+03  0.5731300E+03  0.6368111E+03  0.2994870E+01
  0.5450000E+00  0.8929219E+01  0.6250453E+02  0.1696552E+03  0.3303811E+03  0.5446824E+03  0.6143958E+02  0.1843187E+03  0.3071979E+03  0.4300771E+03  0.5529562E+03  0.6143958E+03  0.2704716E+01
  0.5550000E+00  0.8795854E+01  0.6157098E+02  0.1671212E+03  0.3254466E+03  0.5365471E+03  0.5943145E+02  0.1782943E+03  0.2971572E+03  0.4160201E+03  0.5348830E+03  0.5943145E+03  0.2827642E+01
  0.5650000E+00  0.8642215E+01  0.6049550E+02  0.1642021E+03  0.3197619E+03  0.5271751E+03  0.5735983E+02  0.1720795E+03  0.2867992E+03  0.4015188E+03  0.5162385E+03  0.5735983E+03  0.2601695E+01
  0.5750000E+00  0.8503338E+01  0.5952336E+02  0.1615634E+03  0.3146235E+03  0.5187036E+03  0.5545655E+02  0.1663697E+03  0.2772828E+03  0.3881959E+03  0.4991090E+03  0.5545655E+03  0.2520484E+01
  0.5850000E+00  0.8358478E+01  0.5850934E+02  0.1588111E+03  0.3092637E+03  0.5098671E+03  0.5357999E+02  0.1607400E+03  0.2678999E+03  0.3750599E+03  0.4822199E+03  0.5357999E+03  0.2443874E+01
  0.5950000E+00  0.8258545E+01  0.5780982E+02  0.1569124E+03  0.3055662E+03  0.5037713E+03  0.5204965E+02  0.1561490E+03  0.2602483E+03  0.3643476E+03  0.4684469E+03  0.5204965E+03  0.2234389E+01
  0.6050000E+00  0.8108353E+01  0.5675847E+02  0.1540587E+03  0.3000090E+03  0.4946095E+03  0.5025838E+02  0.1507751E+03  0.2512919E+03  0.3518087E+03  0.4523254E+03  0.5025838E+03  0.2118597E+01
  0.6150000E+00  0.7980473E+01  0.5586331E+02  0.1516290E+03  0.2952775E+03  0.4868088E+03  0.4866142E+02  0.1459843E+03  0.2433071E+03  0.3406299E+03  0.4379528E+03  0.4866142E+03  0.2172888E+01
  0.6250000E+00  0.7885363E+01  0.5519754E+02  0.1498219E+03  0.2917584E+03  0.4810071E+03  0.4731218E+02  0.1419365E+03  0.2365609E+03  0.3311852E+03  0.4258096E+03  0.4731218E+03  0.2041795E+01
  0.6350000E+00  0.7758430E+01  0.5430901E+02  0.1474102E+03  0.2870619E+03  0.4732642E+03  0.4581750E+02  0.1374525E+03  0.2290875E+03  0.3207225E+03  0.4123575E+03  0.4581750E+03  0.2110919E+01
  0.6450000E+00  0.7664209E+01  0.5364946E+02  0.1456200E+03  0.2835757E+03  0.4675167E+03  0.4455935E+02  0.1336781E+03  0.2227968E+03  0.3119155E+03  0.4010342E+03  0.4455935E+03  0.1915808E+01
  0.6550000E+00  0.7543740E+01  0.5280618E+02  0.1433311E+03  0.2791184E+03  0.4601681E+03  0.4318935E+02  0.1295681E+03  0.2159468E+03  0.3023255E+03  0.3887042E+03  0.4318935E+03  0.1808820E+01
  0.6650000E+00  0.7454680E+01  0.5218276E+02  0.1416389E+03  0.2758232E+03  0.4547355E+03  0.4203767E+02  0.1261130E+03  0.2101883E+03  0.2942637E+03  0.3783390E+03  0.4203767E+03  0.1809132E+01
  0.6750000E+00  0.7329195E+01  0.5130436E+02  0.1392547E+03  0.2711802E+03  0.4470809E+03  0.4071775E+02  0.1221532E+03  0.2035887E+03  0.2850242E+03  0.3664597E+03  0.4071775E+03  0.1575872E+01
  0.6850000E+00  0.7262234E+01  0.5083564E+02  0.1379824E+03  0.2687027E+03  0.4429963E+03  0.3975676E+02  0.1192703E+03  0.1987838E+03  0.2782973E+03  0.3578108E+03  0.3975676E+03  0.1814997E+01
  0.6950000E+00  0.7155648E+01  0.5008954E+02  0.1359573E+03  0.2647590E+03  0.4364945E+03  0.3860961E+02  0.1158288E+03  0.1930481E+03  0.2702673E+03  0.3474865E+03  0.3860961E+03  0.1725930E+01
  0.7050000E+00  0.7064718E+01  0.4945303E+02  0.1342296E+03  0.2613946E+03  0.4309478E+03  0.3757829E+02  0.1127349E+03  0.1878914E+03  0.2630480E+03  0.3382046E+03  0.3757829E+03  0.1596847E+01
  0.7150000E+00  0.6978453E+01  0.4884917E+02  0.1325906E+03  0.2582028E+03  0.4256856E+03  0.3660028E+02  0.1098008E+03  0.1830014E+03  0.2562020E+03  0.3294025E+03  0.3660028E+03  0.1632564E+01
  0.7250000E+00  0.6892083E+01  0.4824458E+02  0.1309496E+03  0.2550071E+03  0.4204171E+03  0.3564870E+02  0.1069461E+03  0.1782435E+03  0.2495409E+03  0.3208383E+03  0.3564870E+03  0.1654068E+01
  0.7350000E+00  0.6796039E+01  0.4757227E+02  0.1291247E+03  0.2514534E+03  0.4145584E+03  0.3467367E+02  0.1040210E+03  0.1733683E+03  0.2427157E+03  0.3120630E+03  0.3467367E+03  0.1424333E+01
  0.7450000E+00  0.6717708E+01  0.4702396E+02  0.1276365E+03  0.2485552E+03  0.4097802E+03  0.3381397E+02  0.1014419E+03  0.1690698E+03  0.2366978E+03  0.3043257E+03  0.3381397E+03  0.1365181E+01
  0.7550000E+00  0.6642670E+01  0.4649869E+02  0.1262107E+03  0.2457788E+03  0.4052029E+03  0.3299339E+02  0.9898018E+02  0.1649670E+03  0.2309538E+03  0.2969405E+03  0.3299339E+03  0.1368632E+01
  0.7650000E+00  0.6556448E+01  0.4589514E+02  0.1245725E+03  0.2425886E+03  0.3999433E+03  0.3213945E+02  0.9641835E+02  0.1606973E+03  0.2249762E+03  0.2892551E+03  0.3213945E+03  0.1358719E+01
  0.7750000E+00  0.6492337E+01  0.4544636E+02  0.1233544E+03  0.2402165E+03  0.3960326E+03  0.3141454E+02  0.9424361E+02  0.1570727E+03  0.2199017E+03  0.2827308E+03  0.3141454E+03  0.1453967E+01
  0.7850000E+00  0.6405506E+01  0.4483854E+02  0.1217046E+03  0.2370037E+03  0.3907359E+03  0.3059955E+02  0.9179865E+02  0.1529977E+03  0.2141968E+03  0.2753959E+03  0.3059955E+03  0.1205046E+01
  0.7950000E+00  0.6331357E+01  0.4431950E+02  0.1202958E+03  0.2342602E+03  0.3862128E+03  0.2986489E+02  0.8959468E+02  0.1493245E+03  0.2090543E+03  0.2687840E+03  0.2986489E+03  0.1142794E+01
  0.8050000E+00  0.6262707E+01  0.4383895E+02  0.1189914E+03  0.2317201E+03  0.3820251E+03  0.2917410E+02  0.8752230E+02  0.1458705E+03  0.2042187E+03  0.2625669E+03  0.2917410E+03  0.1160254E+01
  0.8150000E+00  0.6201364E+01  0.4340955E+02  0.1178259E+03  0.2294505E+03  0.3782832E+03  0.2853388E+02  0.8560165E+02  0.1426694E+03  0.1997372E+03  0.2568049E+03  0.2853388E+03  0.1171274E+01
  0.8250000E+00  0.6130472E+01  0.4291330E+02  0.1164790E+03  0.2268274E+03  0.3739588E+03  0.2786578E+02  0.8359734E+02  0.1393289E+03  0.1950605E+03  0.2507920E+03  0.2786578E+03  0.1116575E+01
  0.8350000E+00  0.6055994E+01  0.4239196E+02  0.1150639E+03  0.2240718E+03  0.3694156E+03  0.2719758E+02  0.8159274E+02  0.1359879E+03  0.1903831E+03  0.2447782E+03  0.2719758E+03  0.1115755E+01
  0.8450000E+00  0.5994134E+01  0.4195894E+02  0.1138886E+03  0.2217830E+03  0.3656422E+03  0.2660119E+02  0.7980356E+02  0.1330059E+03  0.1862083E+03  0.2394107E+03  0.2660119E+03  0.1099515E+01
  0.8550000E+00  0.5934622E+01  0.4154236E+02  0.1127578E+03  0.2195810E+03  0.3620120E+03  0.2602904E+02  0.7808713E+02  0.1301452E+03  0.1822033E+03  0.2342614E+03  0.2602904E+03  0.1092426E+01
  0.8650000E+00  0.5867038E+01  0.4106927E+02  0.1114737E+03  0.2170804E+03  0.3578893E+03  0.2543514E+02  0.7630541E+02  0.1271757E+03  0.1780459E+03  0.2289162E+03  0.2543514E+03  0.9772355E+00
  0.8750000E+00  0.5802058E+01  0.4061441E+02  0.1102391E+03  0.2146762E+03  0.3539256E+03  0.2486596E+02  0.7459789E+02  0.1243298E+03  0.1740617E+03  0.2237937E+03  0.2486596E+03  0.9602991E+00
  0.8850000E+00  0.5739854E+01  0.4017898E+02  0.1090572E+03  0.2123746E+03  0.3501311E+03  0.2432142E+02  0.7296425E+02  0.1216071E+03  0.1702499E+03  0.2188928E+03  0.2432142E+03  0.9667760E+00
  0.8950000E+00  0.5682520E+01  0.3977764E+02  0.1079679E+03  0.2102532E+03  0.3466337E+03  0.2380944E+02  0.7142833E+02  0.1190472E+03  0.1666661E+03  0.2142850E+03  0.2380944E+03  0.9980991E+00
  0.9050000E+00  0.5624200E+01  0.3936940E+02  0.1068598E+03  0.2080954E+03  0.3430762E+03  0.2330470E+02  0.6991409E+02  0.1165235E+03  0.1631329E+03  0.2097423E+03  0.2330470E+03  0.9762406E+00
  0.9150000E+00  0.5567461E+01  0.3897222E+02  0.1057818E+03  0.2059960E+03  0.3396151E+03  0.2281746E+02  0.6845238E+02  0.1140873E+03  0.1597222E+03  0.2053571E+03  0.2281746E+03  0.9514626E+00
  0.9250000E+00  0.5515874E+01  0.3861112E+02  0.1048016E+03  0.2040873E+03  0.3364683E+03  0.2236165E+02  0.6708496E+02  0.1118083E+03  0.1565316E+03  0.2012549E+03  0.2236165E+03  0.9349152E+00
  0.9350000E+00  0.5459995E+01  0.3821997E+02  0.1037399E+03  0.2020198E+03  0.3330597E+03  0.2189838E+02  0.6569513E+02  0.1094919E+03  0.1532886E+03  0.1970854E+03  0.2189838E+03  0.8793676E+00
  0.9450000E+00  0.5396246E+01  0.3777372E+02  0.1025287E+03  0.1996611E+03  0.3291710E+03  0.2141367E+02  0.6424102E+02  0.1070684E+03  0.1498957E+03  0.1927231E+03  0.2141367E+03  0.8846940E+00
  0.9550000E+00  0.5350360E+01  0.3745252E+02  0.1016568E+03  0.1979633E+03  0.3263720E+03  0.2100927E+02  0.6302780E+02  0.1050463E+03  0.1470649E+03  0.1890834E+03  0.2100927E+03  0.9371635E+00
  0.9650000E+00  0.5300125E+01  0.3710087E+02  0.1007024E+03  0.1961046E+03  0.3233076E+03  0.2059634E+02  0.6178902E+02  0.1029817E+03  0.1441744E+03  0.1853671E+03  0.2059634E+03  0.8603144E+00
  0.9750000E+00  0.5244269E+01  0.3670989E+02  0.9964112E+02  0.1940380E+03  0.3199004E+03  0.2017027E+02  0.6051080E+02  0.1008513E+03  0.1411919E+03  0.1815324E+03  0.2017027E+03  0.8086774E+00
  0.9850000E+00  0.5199230E+01  0.3639461E+02  0.9878538E+02  0.1923715E+03  0.3171531E+03  0.1979402E+02  0.5938207E+02  0.9897012E+02  0.1385582E+03  0.1781462E+03  0.1979402E+03  0.8167615E+00
  0.9950000E+00  0.5144335E+01  0.3601035E+02  0.9774237E+02  0.1903404E+03  0.3138044E+03  0.1938820E+02  0.5816459E+02  0.9694099E+02  0.1357174E+03  0.1744938E+03  0.1938820E+03  0.7643008E+00
