1.000000000000000048e-04 1.285575030529284959e+02
1.018618757990636889e-04 1.308528198610964353e+02
1.037584174130386683e-04 1.331888572209702772e+02
1.056902702763435280e-04 1.355663663851699710e+02
1.076580918405837677e-04 1.379862585790271226e+02
1.096625517982972484e-04 1.404495393322904704e+02
1.117043323108654298e-04 1.429572575565433681e+02
1.137841282406671159e-04 1.455104920112813431e+02
1.159026473875555805e-04 1.481099523287810769e+02
1.180606107297385961e-04 1.507559008320509690e+02
1.202587526691423979e-04 1.534485289942529675e+02
1.224978212813448823e-04 1.561879728002766683e+02
1.247785785701625405e-04 1.589746632280069605e+02
1.271018007269759508e-04 1.618099963477363303e+02
1.294682783948856639e-04 1.646956219101722922e+02
1.318788169377844424e-04 1.676332976219104296e+02
1.343342367144404262e-04 1.706247788627554769e+02
1.368353733576835286e-04 1.736709688281798663e+02
1.393830780587886845e-04 1.767723084400342657e+02
1.419782178571551826e-04 1.799291913824101528e+02
1.446216759353794693e-04 1.831419705366621145e+02
1.473143519198206292e-04 1.864112273175424832e+02
1.500571621867631414e-04 1.897378646979811947e+02
1.528510401742802342e-04 1.931228167724767388e+02
1.556969366999022759e-04 1.965670298667155578e+02
1.585958202842011142e-04 2.000716291290466700e+02
1.615486774803991923e-04 2.036383120750685407e+02
1.645565132101141912e-04 2.072689796329321439e+02
1.676203511053561853e-04 2.109656452912516329e+02
1.707412338568923985e-04 2.147302926598383976e+02
1.739202235690966278e-04 2.185635589692394660e+02
1.771584021214069331e-04 2.224652114260913152e+02
1.804568715365133496e-04 2.264348645579732136e+02
1.838167543553991402e-04 2.304720074923252469e+02
1.872391940193664781e-04 2.345774313593595082e+02
1.907253552591749841e-04 2.387539923939029052e+02
1.942764244914237906e-04 2.430049203394549977e+02
1.978936102223156684e-04 2.473336964196759311e+02
2.015781434589383866e-04 2.517433546670950193e+02
2.053312781282022484e-04 2.562344063187074426e+02
2.091542915035791929e-04 2.608066274712869586e+02
2.130484846397874728e-04 2.654596272245124169e+02
2.170151828155673804e-04 2.701929808486649449e+02
2.210557359847042556e-04 2.750077990948946081e+02
2.251715192354455768e-04 2.799063039548149163e+02
2.293639332584741688e-04 2.848908576418668304e+02
2.336344048235943036e-04 2.899639470283029823e+02
2.379843872652912906e-04 2.951276707781083246e+02
2.424153609773335033e-04 3.003833549662830364e+02
2.469288339165833478e-04 3.057322455590713162e+02
2.515263421161864177e-04 3.111755766125622813e+02
2.562094502083175928e-04 3.167146520552140601e+02
2.609797519566604005e-04 3.223511438140607197e+02
2.658388707987978817e-04 3.280868610375924845e+02
2.707884603987046170e-04 3.339236583447505495e+02
2.758302052095252827e-04 3.398634235732787943e+02
2.809658210468288773e-04 3.459078922163951120e+02
2.861970556725403872e-04 3.520586778261386485e+02
2.915256893897402246e-04 3.583174014120830293e+02
2.969535356485410670e-04 3.646856970288662296e+02
3.024824416632452238e-04 3.711655553878470641e+02
3.081142890409901557e-04 3.777596689856024454e+02
3.138509944221012080e-04 3.844709254821970035e+02
3.196945101323670456e-04 3.913023518146898709e+02
3.256468248474567954e-04 3.982567883020669797e+02
3.317099642697105932e-04 4.053354487181854324e+02
3.378859918175311614e-04 4.125389087508498847e+02
3.441770093276080573e-04 4.198676016842849776e+02
3.505851577702196234e-04 4.273218979007700682e+02
3.571126179778526255e-04 4.349036099818917478e+02
3.637616113873850436e-04 4.426159246247260057e+02
3.705344007960904894e-04 4.504622317020090918e+02
3.774332911317185486e-04 4.584460935382143134e+02
3.844606302369096319e-04 4.665706172665541658e+02
3.916188096682179866e-04 4.748376456380213426e+02
3.989102655100118587e-04 4.832488183442640661e+02
4.063374792035234838e-04 4.918057285802883030e+02
4.139029783913389295e-04 5.005101056427251933e+02
4.216093377776110925e-04 5.093647942792411527e+02
4.294591800042851142e-04 5.183731633513823454e+02
4.374551765436418527e-04 5.275387241589804717e+02
4.456000486074592469e-04 5.368650982848810145e+02
4.538965680730975877e-04 5.463551843534605723e+02
4.623475584268307609e-04 5.560110858122216086e+02
4.709558957247417807e-04 5.658348419931444369e+02
4.797245095715044075e-04 5.758284546321173138e+02
4.886563841173926972e-04 5.859939449071609943e+02
4.977545590738541520e-04 5.963334494181760874e+02
5.070221307479864242e-04 6.068490986937435991e+02
5.164622530962796956e-04 6.175429907292360667e+02
5.260781387979784549e-04 6.284173873061185986e+02
5.358730603484221930e-04 6.394759750174874853e+02
5.458503511727514279e-04 6.507232127488807691e+02
5.560134067603410713e-04 6.621637811766178174e+02
5.663656858203607774e-04 6.738025431386906803e+02
5.769107114588511737e-04 6.856431534653548852e+02
5.876520723777091089e-04 6.976877350007007408e+02
5.985934240960059461e-04 7.099382427092881471e+02
6.097384901940361554e-04 7.223965295754849194e+02
6.210910635805346565e-04 7.350647639558300170e+02
6.326550077834879179e-04 7.479462860911768303e+02
6.444342582649731452e-04 7.610447174044336407e+02
6.564328237604836330e-04 7.743637620012212892e+02
6.686547876431904415e-04 7.879071815616467802e+02
6.811043093135997744e-04 8.016785797857309035e+02
6.937856256150888535e-04 8.156814993928846889e+02
7.067030522757988559e-04 8.299195335511938083e+02
7.198609853773664091e-04 8.443963243803688101e+02
7.332639028510082053e-04 8.591154424202283053e+02
7.469163660014610474e-04 8.740803380264661655e+02
7.608230210592882006e-04 8.892944733065611445e+02
7.749886007620955617e-04 9.047613300696873466e+02
7.894179259651873870e-04 9.204844959392880810e+02
8.041159072822036792e-04 9.364678830338817761e+02
8.190875467563116935e-04 9.527155260014618534e+02
8.343379395625119847e-04 9.692315276599188110e+02
8.498722757416329746e-04 9.860199922673449464e+02
8.656958419666173962e-04 1.003084390580022159e+03
8.818140233416945414e-04 1.020427772985235038e+03
8.982323052350434057e-04 1.038053122950195757e+03
9.149562751455856497e-04 1.055963369662353216e+03
9.319916246045359138e-04 1.074162181934714226e+03
9.493441511123482980e-04 1.092654439602108141e+03
9.670197601117347906e-04 1.111445258521903270e+03
9.850244669974189595e-04 1.130539914064624554e+03
1.003364399163299931e-03 1.149943383958841650e+03
1.022045798087741148e-03 1.169658919873269042e+03
1.041075021457684184e-03 1.189689238208059578e+03
1.060458545332302119e-03 1.210036918851981682e+03
1.080202966346945981e-03 1.230704553067837196e+03
1.100315003958127810e-03 1.251696551791398406e+03
1.120801502730290819e-03 1.273018709756656335e+03
1.141669434665167245e-03 1.294677059205756450e+03
1.162925901574505139e-03 1.316677844802024765e+03
1.184578137496964268e-03 1.339026170162536573e+03
1.206633511160018317e-03 1.361724891050472024e+03
1.229099528487698038e-03 1.384776481286507305e+03
1.251983835155017540e-03 1.408183218666791845e+03
1.275294219189957150e-03 1.431947330757855752e+03
1.299038613623911854e-03 1.456071589330913639e+03
1.323225099191469196e-03 1.480558838253704380e+03
1.347861907080450360e-03 1.505411785581369031e+03
1.372957421733178281e-03 1.530633184978619056e+03
1.398520183699878544e-03 1.556228515929250534e+03
1.424558892545206177e-03 1.582205641054780926e+03
1.451082409808913606e-03 1.608572913706818781e+03
1.478099762021616026e-03 1.635339136657761628e+03
1.505620143776714541e-03 1.662510529202086900e+03
1.533652920859519646e-03 1.690087456923281934e+03
1.562207633434636476e-03 1.718069115839825145e+03
1.591293999292681506e-03 1.746454112565580999e+03
1.620921917157463034e-03 1.775241345595472922e+03
1.651101470054736975e-03 1.804434173327816552e+03
1.681842928743670961e-03 1.834037600701754400e+03
1.713156755212211745e-03 1.864056765550017872e+03
1.745053606237532712e-03 1.894496879438695714e+03
1.777544337012757587e-03 1.925362038980564421e+03
1.810640004841223422e-03 1.956655240155387901e+03
1.844351872899527766e-03 1.988379336539689120e+03
1.878691414070622016e-03 2.020537067224875273e+03
1.913670314848288411e-03 2.053131557464344041e+03
1.949300479314314532e-03 2.086167013116457838e+03
1.985594033189700368e-03 2.119647850706703139e+03
2.022563327961310244e-03 2.153578566430066985e+03
2.060220945085358690e-03 2.187963167856454675e+03
2.098579700269144477e-03 2.222802012660721630e+03
2.137652647832516666e-03 2.258093626237110129e+03
2.177453085150554777e-03 2.293835963963788799e+03
2.217994557178938446e-03 2.330026481130460070e+03
2.259290861063600799e-03 2.366664508395428129e+03
2.301356050836201629e-03 2.403751523442821508e+03
2.344204442197008950e-03 2.441288979120591648e+03
2.387850617386848631e-03 2.479278202617420447e+03
2.432309430149767054e-03 2.517720837540494358e+03
2.477596010788069535e-03 2.556619608136695206e+03
2.523725771311497411e-03 2.595977481491931485e+03
2.570714410682279835e-03 2.635797512356341940e+03
2.618577920157816232e-03 2.676082074436408675e+03
2.667332588732856859e-03 2.716827642081185786e+03
2.716995008683013337e-03 2.758027352765865089e+03
2.767582081211450527e-03 2.799673361429104716e+03
2.819111022200746896e-03 2.841757064521021221e+03
2.871599368071836751e-03 2.884276980179150996e+03
2.925064981752035359e-03 2.927240958450709968e+03
2.979526058754160094e-03 2.970658242958132632e+03
3.035001133368896934e-03 3.014539078136006083e+03
3.091509084972404210e-03 3.058888444823563077e+03
3.149069144451357560e-03 3.103692474333118753e+03
3.207700900747676494e-03 3.148931997319682978e+03
3.267424307525048505e-03 3.194585673162759576e+03
3.328259689959578698e-03 3.240632080613143899e+03
3.390227751656924634e-03 3.287067589870016945e+03
3.453349581698166287e-03 3.333899039526962497e+03
3.517646661816871412e-03 3.381134445187404253e+03
3.583140873709807911e-03 3.428782794674446450e+03
3.649854506483770408e-03 3.476844731092342045e+03
3.717810264241027274e-03 3.525308352137973543e+03
3.787031273806032699e-03 3.574159811507028735e+03
3.857541092596000667e-03 3.623384047030620877e+03
3.929363716637983284e-03 3.672965894400813340e+03
4.002523588735250673e-03 3.722893141831710182e+03
4.077045606785728062e-03 3.773153690764587282e+03
4.152955132255261271e-03 3.823734705711783135e+03
4.230277998808691306e-03 3.874623187846763813e+03
4.309040521101625484e-03 3.925811828523482291e+03
4.389269503735864983e-03 3.977297202622374243e+03
4.470992250381601758e-03 4.029076409656984652e+03
4.554236573069470051e-03 4.081146921760513578e+03
4.639030801655557625e-03 4.133496911394680865e+03
4.725403793462688330e-03 4.186098927505447136e+03
4.813384943101207784e-03 4.238922128066794357e+03
4.903004192472584614e-03 4.291933296645263908e+03
4.994292040959304527e-03 4.345101970197804803e+03
5.087279555804490212e-03 4.398417463976177714e+03
5.181998382684728684e-03 4.451875029875031032e+03
5.278480756479801868e-03 4.505470927168511480e+03
5.376759512242933886e-03 4.559201093217863672e+03
5.476868096375239574e-03 4.613043702723957722e+03
5.578840578008285173e-03 4.666962864511248881e+03
5.682711660598566313e-03 4.720920078337950144e+03
5.788516693737821156e-03 4.774874497342490940e+03
5.896291685183281325e-03 4.828795208445437311e+03
6.006073313111913795e-03 4.882672060430430065e+03
6.117898938602767643e-03 4.936498265491060010e+03
6.231806618351780694e-03 4.990268580447089334e+03
6.347835117623322129e-03 5.043973693008652845e+03
6.466023923442816568e-03 5.097577379411037327e+03
6.586413258035060496e-03 5.151033182956772180e+03
6.709044092512730928e-03 5.204291947339921535e+03
6.833958160819744894e-03 5.257302868994825985e+03
6.961197973934178662e-03 5.310031011136901725e+03
7.090806834335763517e-03 5.362455580024309711e+03
7.222828850742622764e-03 5.414557041506789574e+03
7.357308953122382138e-03 5.466316876317795504e+03
7.494292907982906364e-03 5.517707784486166929e+03
7.633827333947594551e-03 5.568682417545230237e+03
7.775959717620665838e-03 5.619189124242798243e+03
7.920738429747978607e-03 5.669174109589975160e+03
8.068212741678602168e-03 5.718584402952114942e+03
8.218432842132880264e-03 5.767382301765667762e+03
8.371449854282847144e-03 5.815536129713848823e+03
8.527315853150491815e-03 5.863015016785192529e+03
8.686083883330022667e-03 5.909788460076874799e+03
8.847807977040106006e-03 5.955815877191423169e+03
9.012543172512243669e-03 6.001046451049222924e+03
9.180345532721415069e-03 6.045428025861613605e+03
9.351272164465570386e-03 6.088907550160207393e+03
9.525381237800334411e-03 6.131430835147682046e+03
9.702732005835492182e-03 6.172942663872056073e+03
9.883384824900139781e-03 6.213386967914747402e+03
1.006740117508329001e-02 6.252706981734033434e+03
1.025484368115681978e-02 6.290846675421025793e+03
1.044577613388807981e-02 6.327758496668628140e+03
1.064026351174931183e-02 6.363399269609678413e+03
1.083837200303117664e-02 6.397727271268831828e+03
1.104016902836809852e-02 6.430701789600115262e+03
1.124572326368300859e-02 6.462267398844122908e+03
1.145510466355919785e-02 6.492351506508593047e+03
1.166838448504741235e-02 6.520879247426168149e+03
1.188563531191621191e-02 6.547774407777003944e+03
1.210693107935374886e-02 6.572967350215640181e+03
1.233234709912954356e-02 6.596409403802233101e+03
1.256196008522477044e-02 6.618057812466612631e+03
1.279584817993961038e-02 6.637872644097235934e+03
1.303409098048682532e-02 6.655814657281001018e+03
1.327676956608045238e-02 6.671826619733122243e+03
1.352396652552875778e-02 6.685842582538734860e+03
1.377576598534103851e-02 6.697797348262158266e+03
1.403225363835775182e-02 6.707626741639523971e+03
1.429351677291355351e-02 6.715270054251968759e+03
1.455964430254354063e-02 6.720670890212901213e+03
1.483072679624235397e-02 6.723775279987663453e+03
1.510685650928682983e-02 6.724532477627667504e+03
1.538812741463251900e-02 6.722894519163766745e+03
1.567463523489464813e-02 6.718816548633458297e+03
1.596647747492464450e-02 6.712257183216547674e+03
1.626375345499322250e-02 6.703180181810514114e+03
1.656656434459112537e-02 6.691553238645088641e+03
1.687501319685936682e-02 6.677337559861385671e+03
1.718920498366049293e-02 6.660492824080719402e+03
1.750924663130271758e-02 6.640983676906355868e+03
1.783524705692930007e-02 6.618780388933164431e+03
1.816731720558548493e-02 6.593859457147423200e+03
1.850557008797541758e-02 6.566205240075847541e+03
1.885012081892218153e-02 6.535810037181545340e+03
1.920108665654396071e-02 6.502673907288201917e+03
1.955858704215939978e-02 6.466802326136029478e+03
1.992274364093615108e-02 6.428193811797230410e+03
2.029368038329624341e-02 6.386852140404766942e+03
2.067152350709217101e-02 6.342790346103510274e+03
2.105640160056846191e-02 6.296031625923192223e+03
2.144844564612310642e-02 6.246604912479636369e+03
2.184778906488358055e-02 6.194548909940674093e+03
2.225456776211312895e-02 6.139913666373277920e+03
2.266892017346214608e-02 6.082763973294264360e+03
2.309098731208087882e-02 6.023166647097952591e+03
2.352091281660938227e-02 5.961189265577295373e+03
2.395884300006070194e-02 5.896911518336531117e+03
2.440492689961447359e-02 5.830428132626775550e+03
2.485931632733758001e-02 5.761843558586545441e+03
2.532216592184896586e-02 5.691253921933817765e+03
2.579363320094659948e-02 5.618764030075482879e+03
2.627387861521428281e-02 5.544494210648150329e+03
2.676306560262632639e-02 5.468579881764881975e+03
2.726136064416913654e-02 5.391160638071146423e+03
2.776893332049839777e-02 5.312382292387798771e+03
2.828595636965089075e-02 5.232409713544050646e+03
2.881260574583110329e-02 5.151424323192538395e+03
2.934906067929236861e-02 5.069597323489390874e+03
2.989550373733263280e-02 4.987062877966655833e+03
3.045212088642617818e-02 4.903961128744298549e+03
3.101910155551216783e-02 4.820447065477490469e+03
3.159663870046123396e-02 4.736677385292287909e+03
3.218492886974268219e-02 4.652765419005168951e+03
3.278417227131428385e-02 4.568813357594352965e+03
3.339457284075720428e-02 4.484932871702273587e+03
3.401633831067995412e-02 4.401247401834119046e+03
3.464968028141413720e-02 4.317979985727647545e+03
3.529481429302669393e-02 4.235440585024515713e+03
3.595195989867303044e-02 4.153970199850097742e+03
3.662134073931550687e-02 4.073937182917979499e+03
3.730318461983343770e-02 3.995634662359942013e+03
3.799772358655016669e-02 3.919167257080867330e+03
3.870519400620325845e-02 3.844615085353136692e+03
3.942583664638536767e-02 3.772053047811096349e+03
4.015989675748280613e-02 3.701557708100976470e+03
4.090762415613934111e-02 3.633199545538916482e+03
4.166927331027438924e-02 3.567043494769825429e+03
4.244510342568409006e-02 3.503152693896309302e+03
4.323537853425445804e-02 3.441585457773900544e+03
4.404036758381727618e-02 3.382350750128444361e+03
4.486034452967906094e-02 3.325411637679669184e+03
4.569558842785374775e-02 3.270716575961125272e+03
4.654638353003166112e-02 3.218200892587362887e+03
4.741301938031668856e-02 3.167785650318256558e+03
4.829579091376418054e-02 3.119381360562345435e+03
4.919499855675390360e-02 3.072887920647502142e+03
5.011094832923183862e-02 3.028193062590939917e+03
5.104395194885506803e-02 2.985153243673225916e+03
5.199432693707650016e-02 2.943653020156177263e+03
5.296239672720397945e-02 2.903571024050686447e+03
5.394849077447183561e-02 2.864756682826824090e+03
5.495294466816183498e-02 2.827053429912728006e+03
5.597610024581120558e-02 2.790266819307757487e+03
5.701830570954753707e-02 2.754147119819685031e+03
5.807991574458975376e-02 2.718437339452478227e+03
5.916129163995485080e-02 2.682864998069098874e+03
6.026280141141259622e-02 2.647144375260084416e+03
6.138481992672950582e-02 2.611061953362780514e+03
6.252772903324410603e-02 2.574399871888758298e+03
6.369191768781813645e-02 2.536934822412367794e+03
6.487778208920719214e-02 2.498447620926641775e+03
6.608572581289541559e-02 2.458910441909883957e+03
6.731615994844122874e-02 2.418368114556797991e+03
6.856950323938026948e-02 2.376885552774657299e+03
6.984618222573248103e-02 2.334534346877841017e+03
7.114663138916324514e-02 2.291420748031132007e+03
7.247129330084713106e-02 2.247709345846942597e+03
7.382061877208406786e-02 2.203567850193330287e+03
7.519506700772049523e-02 2.159168126004320584e+03
7.659510576242696545e-02 2.114691126730094766e+03
7.802121149988475168e-02 2.070374801009702423e+03
7.947386955493740412e-02 2.026441879761834571e+03
8.095357429876023914e-02 1.983115418416636658e+03
8.246082930710581238e-02 1.940606347194436239e+03
8.399614753168203884e-02 1.899140969028340578e+03
8.556005147472026118e-02 1.858977039341468299e+03
8.715307336679442574e-02 1.820332906959539969e+03
8.877575534795098533e-02 1.783351089186390482e+03
9.042864965221047990e-02 1.748021790952337597e+03
9.211231879550497992e-02 1.714157829008894851e+03
9.382733576711488332e-02 1.681554891306187756e+03
9.557428422466902884e-02 1.649994528629543765e+03
9.735375869277639038e-02 1.619275242851682606e+03
9.916636476535606315e-02 1.589287120447024790e+03
1.010127193117334454e-01 1.560051150705704231e+03
1.028934506865746418e-01 1.531667640255761626e+03
1.048091989437295174e-01 1.504217098976341276e+03
1.067606160540553323e-01 1.477677630226755809e+03
1.087483661272969776e-01 1.452028996236409967e+03
1.107731256380982965e-01 1.427205498762159323e+03
1.128355836562204700e-01 1.403063122063903393e+03
1.149364420810477933e-01 1.379408817501612248e+03
1.170764158804596805e-01 1.356057651636677292e+03
1.192562333341489894e-01 1.332955032019691316e+03
1.214766362814724415e-01 1.310109469528531918e+03
1.237383803739137977e-01 1.287558873122110299e+03
1.260422353322489530e-01 1.265366895058451064e+03
1.283889852084990069e-01 1.243633817376198294e+03
1.307794286527595162e-01 1.222497137895115429e+03
1.332143791849988712e-01 1.202116218796106978e+03
1.356946654719173029e-01 1.182668623277354527e+03
1.382211316089593522e-01 1.164237020763040846e+03
1.407946374075784157e-01 1.146699847361579486e+03
1.434160586878495958e-01 1.129894904863962438e+03
1.460862875765296387e-01 1.113635352833374100e+03
1.488062328106674881e-01 1.097621924822353549e+03
1.515768200468676774e-01 1.081402846694342088e+03
1.543989921763106177e-01 1.064465823731526143e+03
1.572737096456394423e-01 1.046368224104788851e+03
1.602019507838212953e-01 1.027621429045010927e+03
1.631847121350931962e-01 1.009274066870214028e+03
1.662230087981080573e-01 9.924752773215980142e+02
1.693178747713955379e-01 9.776021516040960933e+02
1.724703633052531437e-01 9.638670826196049575e+02
1.756815472601906958e-01 9.503050416460910128e+02
1.789525194720488210e-01 9.362585959089287826e+02
1.822843931239136461e-01 9.219336445632302457e+02
1.856783021249577281e-01 9.076870056300359693e+02
1.891354014963346764e-01 8.939410063196041847e+02
1.926568677642566674e-01 8.812216028803026120e+02
1.962438993603934922e-01 8.701024045681314192e+02
1.998977170297235872e-01 8.602353460890041106e+02
2.036195642459806276e-01 8.497081065088656260e+02
2.074107076348354617e-01 8.364780430321831091e+02
2.112724374049552156e-01 8.212451970629786047e+02
2.152060677870898386e-01 8.069500331064374450e+02
2.192129374813342746e-01 7.957276255775745994e+02
2.232944101127158631e-01 7.857556831564888853e+02
2.274518746952663151e-01 7.742755418649445573e+02
2.316867461047341648e-01 7.615191272665042561e+02
2.360004655600963508e-01 7.504430664638201733e+02
2.403945011140371790e-01 7.425562507345096037e+02
2.448703481525593140e-01 7.356023734906192431e+02
2.494295299038948310e-01 7.271521680786057686e+02
2.540735979568935488e-01 7.171440930883062492e+02
2.588041327890632792e-01 7.062200951074014483e+02
2.636227443044395491e-01 6.948267808557652643e+02
2.685310723814711698e-01 6.833477531845882140e+02
2.735307874311079801e-01 6.722953946914881271e+02
2.786235909652761689e-01 6.622307662388469680e+02
2.838112161759405172e-01 6.531806880660986963e+02
2.890954285249487388e-01 6.448455559866949898e+02
2.944780263448539270e-01 6.371077569988191271e+02
2.999608414509291610e-01 6.296926434263785950e+02
3.055457397645717776e-01 6.209093443647407184e+02
3.112346219483181908e-01 6.101305527054289541e+02
3.170294240526813079e-01 6.018993843100881804e+02
3.229321181750291481e-01 5.969901918727757675e+02
3.289447131307334793e-01 5.887791775914699883e+02
3.350692551368140704e-01 5.775094473627817706e+02
3.413078285083093744e-01 5.678239668876880160e+02
3.476625563676150610e-01 5.596808981754134038e+02
3.541356013670298175e-01 5.520318322826744861e+02
3.607291664247512242e-01 5.442865472170325347e+02
3.674454954745774993e-01 5.367809577477751191e+02
3.742868742295683004e-01 5.295784025965953106e+02
3.812556309599205995e-01 5.217106364242691825e+02
3.883541372853305251e-01 5.119634770920967526e+02
3.955848089821086822e-01 5.018755568961480549e+02
4.029501068053188972e-01 4.945628210327304259e+02
4.104525373262280508e-01 4.879031922122749165e+02
4.180946537853479361e-01 4.813180273340457234e+02
4.258790569613564725e-01 4.735337217782636117e+02
4.338083960562001962e-01 4.632177025859582500e+02
4.418853695966769579e-01 4.559345550200655452e+02
4.501127263528001410e-01 4.462328077218319322e+02
4.584932662732687514e-01 4.369009586688537183e+02
4.670298414383473595e-01 4.311037297802020589e+02
4.757253570304930124e-01 4.235895053284064602e+02
4.845827723230530792e-01 4.163507083669967983e+02
4.936051016873679309e-01 4.076058973949732831e+02
5.027954156186282830e-01 4.011842780518450695e+02
5.121568417808332052e-01 3.892382066531605460e+02
5.216925660711994039e-01 3.784743057356905069e+02
5.314058337043928715e-01 3.730690761242199187e+02
5.412999503169476645e-01 3.677872093683168941e+02
5.513782830922426825e-01 3.585211916245415296e+02
5.616442619064294650e-01 3.499625701145315588e+02
5.721013804956951443e-01 3.418007287843627751e+02
5.827531976452537954e-01 3.347435838990011803e+02
5.936033384004799629e-01 3.236918380016666106e+02
6.046554953005927047e-01 3.124186891132167716e+02
6.159134296353031557e-01 3.065040059932794065e+02
6.273809727248653711e-01 2.986426025871971319e+02
6.390620272239599942e-01 2.873994710782793618e+02
6.509605684498487310e-01 2.779296998300874861e+02
6.630806457352632632e-01 2.715815646227415527e+02
6.754263838064833436e-01 2.652432778128423934e+02
6.880019841870665953e-01 2.520899990844439742e+02
7.008117266277236190e-01 2.470117356068137440e+02
7.138599705628055903e-01 2.415063184862113985e+02
7.271511565939169364e-01 2.261457743528921753e+02
7.406898080011508068e-01 2.196896289870967394e+02
7.544805322824555960e-01 2.150391286339552721e+02
7.685280227216687576e-01 2.034280246335135587e+02
7.828370599857461531e-01 1.957434598397015293e+02
7.974125137517225070e-01 1.889347026439425008e+02
8.122593443639704036e-01 1.797670799017450065e+02
8.273826045223166004e-01 1.745185952972727250e+02
8.427874410015804285e-01 1.609959263081656502e+02
8.584790964031362437e-01 1.543490034205437951e+02
8.744629109390869015e-01 1.449666067139970380e+02
8.907443242496495550e-01 1.382147742258258916e+02
9.073288772543862679e-01 1.287808279489663335e+02
9.242222140379020567e-01 1.175668151521099389e+02
9.414300837706444103e-01 1.090344306868144884e+02
9.589583426654740839e-01 1.003083868882509933e+02
9.768129559706647536e-01 9.244244128603558863e+01
9.949999999999999956e-01 8.214759168175000070e+01
