  0.5000022E-02 -0.1463281E+01  0.1133566E+02  0.1448267E+03  0.6147960E+03  0.1744923E+04 -0.5588606E+07  0.3402410E+07  0.2138444E+08  0.4835749E+08  0.8432155E+08 -0.7087108E+07  0.1123877E+09  0.9051272E+07  0.3624522E+08
  0.1500002E-01  0.1705645E+01  0.6769849E+02  0.4784791E+03  0.1791637E+04  0.4843557E+04  0.2243565E+06  0.2805784E+07  0.7968638E+07  0.1571292E+08  0.2603863E+08 -0.2058813E+06  0.3226784E+08  0.4482919E+06  0.3531467E+07
  0.2500002E-01  0.2990748E+01  0.7125461E+02  0.4593792E+03  0.1670558E+04  0.4459583E+04  0.2470685E+06  0.1085723E+07  0.2763033E+07  0.5278998E+07  0.8633617E+07  0.1072927E+06  0.1048319E+08  0.3815238E+05  0.4944818E+06
  0.3500002E-01  0.1727999E+01  0.5038381E+02  0.3391346E+03  0.1250858E+04  0.3359873E+04  0.6238554E+05  0.3879619E+06  0.1039115E+07  0.2015844E+07  0.3318149E+07  0.8122814E+04  0.4069705E+07  0.2556110E+04  0.1246403E+06
  0.4500002E-01  0.1892460E+01  0.4469156E+02  0.2875114E+03  0.1044795E+04  0.2788209E+04  0.4852430E+05  0.2102749E+06  0.5337759E+06  0.1019028E+07  0.1666030E+07  0.2156588E+05  0.2021882E+07  0.1519532E+04  0.5210684E+05
  0.5500002E-01  0.1716176E+01  0.3802327E+02  0.2406877E+03  0.8698098E+03  0.2315540E+04  0.3060763E+05  0.1201738E+06  0.2993062E+06  0.5680048E+06  0.9262696E+06  0.1567993E+05  0.1119577E+07  0.1386757E+04  0.2362346E+05
  0.6500002E-01  0.1826967E+01  0.3613955E+02  0.2215186E+03  0.7914719E+03  0.2096261E+04  0.2475522E+05  0.8232614E+05  0.1974680E+06  0.3701807E+06  0.6004644E+06  0.1516007E+05  0.7196365E+06  0.1022602E+04  0.1358082E+05
  0.7500002E-01  0.1824398E+01  0.3274469E+02  0.1944548E+03  0.6866936E+03  0.1809070E+04  0.1939347E+05  0.5638216E+05  0.1303595E+06  0.2413256E+06  0.3892803E+06  0.1322869E+05  0.4623586E+06  0.7727168E+03  0.7989214E+04
  0.8500002E-01  0.1942099E+01  0.2982332E+02  0.1667289E+03  0.5749453E+03  0.1497902E+04  0.1704049E+05  0.4043816E+05  0.8723351E+05  0.1574265E+06  0.2510172E+06  0.1314088E+05  0.2924709E+06  0.5743950E+03  0.4703078E+04
  0.9500002E-01  0.1911796E+01  0.2708260E+02  0.1459244E+03  0.4954374E+03  0.1281122E+04  0.1377915E+05  0.2959174E+05  0.6121691E+05  0.1086547E+06  0.1719050E+06  0.1114372E+05  0.1976573E+06  0.4548142E+03  0.3162825E+04
  0.1050000E+00  0.2028885E+01  0.2638682E+02  0.1360258E+03  0.4527921E+03  0.1159455E+04  0.1226697E+05  0.2377927E+05  0.4680388E+05  0.8134080E+05  0.1273900E+06  0.1034825E+05  0.1439038E+06  0.3577722E+03  0.2253729E+04
  0.1150000E+00  0.2139909E+01  0.2617400E+02  0.1302154E+03  0.4262104E+03  0.1082079E+04  0.1095993E+05  0.1977738E+05  0.3741228E+05  0.6386464E+05  0.9913445E+05  0.9490352E+04  0.1102182E+06  0.2570025E+03  0.1518615E+04
  0.1250000E+00  0.2340419E+01  0.2667642E+02  0.1268159E+03  0.4056937E+03  0.1017712E+04  0.1031904E+05  0.1718136E+05  0.3090601E+05  0.5149299E+05  0.7894229E+05  0.9175314E+04  0.8577907E+05  0.2300239E+03  0.1274322E+04
  0.1350000E+00  0.2444878E+01  0.2646987E+02  0.1212985E+03  0.3804880E+03  0.9443743E+03  0.9348247E+04  0.1469560E+05  0.2539030E+05  0.4143235E+05  0.6282176E+05  0.8457022E+04  0.6684189E+05  0.2151895E+03  0.1024140E+04
  0.1450000E+00  0.2510680E+01  0.2603785E+02  0.1154076E+03  0.3552510E+03  0.8725142E+03  0.8396990E+04  0.1258996E+05  0.2097590E+05  0.3355481E+05  0.5032670E+05  0.7698162E+04  0.5241213E+05  0.1674402E+03  0.7066484E+03
  0.1550000E+00  0.2591358E+01  0.2592059E+02  0.1114844E+03  0.3370937E+03  0.8194645E+03  0.7639743E+04  0.1101343E+05  0.1776081E+05  0.2788188E+05  0.4137664E+05  0.7077461E+04  0.4217112E+05  0.1605311E+03  0.6349916E+03
  0.1650000E+00  0.2707529E+01  0.2612476E+02  0.1088195E+03  0.3225123E+03  0.7747841E+03  0.7092872E+04  0.9837002E+04  0.1532526E+05  0.2355765E+05  0.3453417E+05  0.6635518E+04  0.3430162E+05  0.1349251E+03  0.5453877E+03
  0.1750000E+00  0.2828296E+01  0.2652975E+02  0.1075911E+03  0.3133290E+03  0.7447187E+03  0.6621149E+04  0.8910836E+04  0.1349021E+05  0.2035927E+05  0.2951801E+05  0.6239535E+04  0.2862108E+05  0.1195580E+03  0.4228319E+03
  0.1850000E+00  0.2957478E+01  0.2706455E+02  0.1070897E+03  0.3066550E+03  0.7211934E+03  0.6222773E+04  0.8159163E+04  0.1203194E+05  0.1784111E+05  0.2558667E+05  0.5900042E+04  0.2420487E+05  0.1108848E+03  0.3966507E+03
  0.1950000E+00  0.3074828E+01  0.2751863E+02  0.1063804E+03  0.2996084E+03  0.6971250E+03  0.5845786E+04  0.7488025E+04  0.1077250E+05  0.1569922E+05  0.2226818E+05  0.5572079E+04  0.2052799E+05  0.1048446E+03  0.3616309E+03
  0.2050000E+00  0.3159032E+01  0.2781000E+02  0.1055958E+03  0.2934841E+03  0.6769265E+03  0.5449500E+04  0.6861549E+04  0.9685647E+04  0.1392179E+05  0.1956999E+05  0.5214158E+04  0.1765061E+05  0.9137908E+02  0.2739234E+03
  0.2150000E+00  0.3260676E+01  0.2819707E+02  0.1049315E+03  0.2871874E+03  0.6555496E+03  0.5129024E+04  0.6339663E+04  0.8760942E+04  0.1239286E+05  0.1723542E+05  0.4927251E+04  0.1513299E+05  0.8389519E+02  0.2559831E+03
  0.2250000E+00  0.3358023E+01  0.2861483E+02  0.1046718E+03  0.2826155E+03  0.6390759E+03  0.4834694E+04  0.5885860E+04  0.7988191E+04  0.1114169E+05  0.1534635E+05  0.4659500E+04  0.1313957E+05  0.7230156E+02  0.2214752E+03
  0.2350000E+00  0.3462278E+01  0.2911778E+02  0.1048380E+03  0.2794412E+03  0.6261550E+03  0.4579277E+04  0.5500100E+04  0.7341746E+04  0.1010422E+05  0.1378751E+05  0.4425806E+04  0.1151029E+05  0.7328963E+02  0.1975445E+03
  0.2450000E+00  0.3559900E+01  0.2963225E+02  0.1053417E+03  0.2778177E+03  0.6177546E+03  0.4338971E+04  0.5156851E+04  0.6792610E+04  0.9246249E+04  0.1251777E+05  0.4202658E+04  0.1022349E+05  0.6551150E+02  0.1613717E+03
  0.2550000E+00  0.3673942E+01  0.3019908E+02  0.1056567E+03  0.2748617E+03  0.6050363E+03  0.4141814E+04  0.4859723E+04  0.6295543E+04  0.8449273E+04  0.1132091E+05  0.4022162E+04  0.8973873E+04  0.5861416E+02  0.1738500E+03
  0.2650000E+00  0.3765346E+01  0.3066119E+02  0.1059717E+03  0.2727347E+03  0.5955067E+03  0.3936255E+04  0.4574645E+04  0.5851426E+04  0.7766597E+04  0.1032016E+05  0.3829857E+04  0.7979878E+04  0.5800071E+02  0.1449989E+03
  0.2750000E+00  0.3859441E+01  0.3118678E+02  0.1066949E+03  0.2720908E+03  0.5899349E+03  0.3750948E+04  0.4325424E+04  0.5474375E+04  0.7197803E+04  0.9495705E+04  0.3655202E+04  0.7180947E+04  0.5550782E+02  0.1458230E+03
  0.2850000E+00  0.3949409E+01  0.3166239E+02  0.1071710E+03  0.2706407E+03  0.5823193E+03  0.3578050E+04  0.4093149E+04  0.5123346E+04  0.6668642E+04  0.8729037E+04  0.3492200E+04  0.6438734E+04  0.5057543E+02  0.1260952E+03
  0.2950000E+00  0.4048809E+01  0.3222168E+02  0.1079675E+03  0.2700865E+03  0.5767788E+03  0.3427426E+04  0.3891854E+04  0.4820710E+04  0.6213994E+04  0.8071706E+04  0.3350022E+04  0.5805350E+04  0.4820774E+02  0.1261314E+03
  0.3050000E+00  0.4138549E+01  0.3272702E+02  0.1086899E+03  0.2695988E+03  0.5718116E+03  0.3280547E+04  0.3701264E+04  0.4542700E+04  0.5804853E+04  0.7487724E+04  0.3210427E+04  0.5258972E+04  0.4512791E+02  0.1107871E+03
  0.3150000E+00  0.4238744E+01  0.3331493E+02  0.1096859E+03  0.2697887E+03  0.5682792E+03  0.3152886E+04  0.3535404E+04  0.4300441E+04  0.5447995E+04  0.6978068E+04  0.3089133E+04  0.4781477E+04  0.4341328E+02  0.1082766E+03
  0.3250000E+00  0.4327132E+01  0.3381484E+02  0.1104149E+03  0.2693764E+03  0.5635733E+03  0.3026170E+04  0.3373795E+04  0.4069046E+04  0.5111922E+04  0.6502423E+04  0.2968232E+04  0.4345316E+04  0.3985322E+02  0.1065019E+03
  0.3350000E+00  0.4419882E+01  0.3434942E+02  0.1112597E+03  0.2692532E+03  0.5594836E+03  0.2911603E+04  0.3228141E+04  0.3861215E+04  0.4810827E+04  0.6076975E+04  0.2858847E+04  0.3956715E+04  0.3812243E+02  0.9634425E+02
  0.3450000E+00  0.4514215E+01  0.3492293E+02  0.1123575E+03  0.2700522E+03  0.5578583E+03  0.2805716E+04  0.3096571E+04  0.3678281E+04  0.4550846E+04  0.5714266E+04  0.2757240E+04  0.3635688E+04  0.3620530E+02  0.9596776E+02
  0.3550000E+00  0.4594639E+01  0.3540944E+02  0.1132739E+03  0.2706577E+03  0.5562654E+03  0.2698578E+04  0.2966958E+04  0.3503718E+04  0.4308859E+04  0.5382379E+04  0.2653848E+04  0.3354752E+04  0.3403709E+02  0.8585212E+02
  0.3650000E+00  0.4684988E+01  0.3594539E+02  0.1142186E+03  0.2710093E+03  0.5535747E+03  0.2604604E+04  0.2850935E+04  0.3343597E+04  0.4082591E+04  0.5067915E+04  0.2563549E+04  0.3079138E+04  0.3267150E+02  0.8095436E+02
  0.3750000E+00  0.4774821E+01  0.3649864E+02  0.1153208E+03  0.2719901E+03  0.5526302E+03  0.2516202E+04  0.2743972E+04  0.3199512E+04  0.3882822E+04  0.4793902E+04  0.2478240E+04  0.2847126E+04  0.3140946E+02  0.7862392E+02
  0.3850000E+00  0.4860595E+01  0.3703115E+02  0.1164072E+03  0.2730586E+03  0.5520901E+03  0.2431224E+04  0.2642544E+04  0.3065182E+04  0.3699139E+04  0.4544415E+04  0.2396005E+04  0.2641489E+04  0.3093536E+02  0.7424635E+02
  0.3950000E+00  0.4960155E+01  0.3763231E+02  0.1175327E+03  0.2737735E+03  0.5500231E+03  0.2358393E+04  0.2552754E+04  0.2941476E+04  0.3524560E+04  0.4302004E+04  0.2325999E+04  0.2429514E+04  0.2833893E+02  0.7093602E+02
  0.4050000E+00  0.5042547E+01  0.3815451E+02  0.1186618E+03  0.2751314E+03  0.5504133E+03  0.2281502E+04  0.2462920E+04  0.2825757E+04  0.3370011E+04  0.4095683E+04  0.2251266E+04  0.2267726E+04  0.2752092E+02  0.6563894E+02
  0.4150000E+00  0.5133182E+01  0.3871881E+02  0.1198227E+03  0.2763102E+03  0.5499793E+03  0.2212910E+04  0.2381448E+04  0.2718523E+04  0.3224135E+04  0.3898285E+04  0.2184821E+04  0.2106718E+04  0.2660027E+02  0.6640844E+02
  0.4250000E+00  0.5212617E+01  0.3923874E+02  0.1210431E+03  0.2781301E+03  0.5517559E+03  0.2143259E+04  0.2301877E+04  0.2619112E+04  0.3094964E+04  0.3729434E+04  0.2116823E+04  0.1982719E+04  0.2548794E+02  0.6026400E+02
  0.4350000E+00  0.5312376E+01  0.3984785E+02  0.1222249E+03  0.2790558E+03  0.5502587E+03  0.2086046E+04  0.2232544E+04  0.2525539E+04  0.2965033E+04  0.3551024E+04  0.2061630E+04  0.1831223E+04  0.2503879E+02  0.5988748E+02
  0.4450000E+00  0.5399152E+01  0.4040687E+02  0.1234863E+03  0.2807656E+03  0.5514367E+03  0.2026550E+04  0.2163991E+04  0.2438872E+04  0.2851195E+04  0.3400958E+04  0.2003643E+04  0.1718010E+04  0.2338200E+02  0.5552670E+02
  0.4550000E+00  0.5492319E+01  0.4099007E+02  0.1247047E+03  0.2820746E+03  0.5512573E+03  0.1972664E+04  0.2100660E+04  0.2356651E+04  0.2740637E+04  0.3252619E+04  0.1951332E+04  0.1599943E+04  0.2379072E+02  0.5519043E+02
  0.4650000E+00  0.5581636E+01  0.4155938E+02  0.1259545E+03  0.2836464E+03  0.5519540E+03  0.1920070E+04  0.2039927E+04  0.2279640E+04  0.2639209E+04  0.3118635E+04  0.1900094E+04  0.1498205E+04  0.2172146E+02  0.5139749E+02
  0.4750000E+00  0.5660055E+01  0.4208080E+02  0.1272243E+03  0.2856948E+03  0.5543983E+03  0.1866313E+04  0.1979906E+04  0.2207090E+04  0.2547868E+04  0.3002237E+04  0.1847381E+04  0.1419905E+04  0.2066002E+02  0.4699536E+02
  0.4850000E+00  0.5754178E+01  0.4267471E+02  0.1284931E+03  0.2871639E+03  0.5546190E+03  0.1820539E+04  0.1926619E+04  0.2138780E+04  0.2457020E+04  0.2881341E+04  0.1802859E+04  0.1326002E+04  0.2029329E+02  0.4839624E+02
  0.4950000E+00  0.5840690E+01  0.4323413E+02  0.1297675E+03  0.2889338E+03  0.5559724E+03  0.1774467E+04  0.1874342E+04  0.2074092E+04  0.2373717E+04  0.2773216E+04  0.1757821E+04  0.1248436E+04  0.2008251E+02  0.4804223E+02
  0.5050000E+00  0.5920240E+01  0.4375551E+02  0.1309952E+03  0.2907777E+03  0.5578103E+03  0.1728475E+04  0.1822985E+04  0.2012005E+04  0.2295535E+04  0.2673575E+04  0.1712723E+04  0.1181375E+04  0.1948229E+02  0.4561227E+02
  0.5150000E+00  0.6016211E+01  0.4437395E+02  0.1323918E+03  0.2926745E+03  0.5591290E+03  0.1689419E+04  0.1778199E+04  0.1955758E+04  0.2222098E+04  0.2577216E+04  0.1674623E+04  0.1109746E+04  0.1848748E+02  0.4407652E+02
  0.5250000E+00  0.6109877E+01  0.4497482E+02  0.1337331E+03  0.2944415E+03  0.5601853E+03  0.1651437E+04  0.1734796E+04  0.1901514E+04  0.2151591E+04  0.2485028E+04  0.1637544E+04  0.1041988E+04  0.1874657E+02  0.4454166E+02
  0.5350000E+00  0.6194133E+01  0.4553082E+02  0.1350636E+03  0.2965115E+03  0.5624527E+03  0.1612520E+04  0.1691562E+04  0.1849646E+04  0.2086773E+04  0.2402941E+04  0.1599346E+04  0.9880271E+03  0.1762817E+02  0.4052201E+02
  0.5450000E+00  0.6278485E+01  0.4610850E+02  0.1365641E+03  0.2992362E+03  0.5665115E+03  0.1575246E+04  0.1650966E+04  0.1802406E+04  0.2029565E+04  0.2332444E+04  0.1562626E+04  0.9464974E+03  0.1723138E+02  0.3767639E+02
  0.5550000E+00  0.6388346E+01  0.4679133E+02  0.1379618E+03  0.3006289E+03  0.5658861E+03  0.1546131E+04  0.1616231E+04  0.1756433E+04  0.1966735E+04  0.2247138E+04  0.1534447E+04  0.8762587E+03  0.1704779E+02  0.4027970E+02
  0.5650000E+00  0.6463641E+01  0.4731143E+02  0.1393367E+03  0.3031989E+03  0.5698871E+03  0.1509605E+04  0.1577019E+04  0.1711847E+04  0.1914089E+04  0.2183745E+04  0.1498370E+04  0.8426743E+03  0.1633907E+02  0.3724711E+02
  0.5750000E+00  0.6546206E+01  0.4786551E+02  0.1407145E+03  0.3055138E+03  0.5728944E+03  0.1476383E+04  0.1540721E+04  0.1669396E+04  0.1862408E+04  0.2119757E+04  0.1465660E+04  0.8042176E+03  0.1633758E+02  0.3627955E+02
  0.5850000E+00  0.6638343E+01  0.4845890E+02  0.1420525E+03  0.3073241E+03  0.5741313E+03  0.1446742E+04  0.1507329E+04  0.1628502E+04  0.1810263E+04  0.2052611E+04  0.1436644E+04  0.7573365E+03  0.1607969E+02  0.3686550E+02
  0.5950000E+00  0.6734356E+01  0.4909240E+02  0.1435680E+03  0.3096802E+03  0.5767076E+03  0.1419012E+04  0.1476444E+04  0.1591308E+04  0.1763603E+04  0.1993331E+04  0.1409440E+04  0.7178988E+03  0.1533733E+02  0.3517285E+02
  0.6050000E+00  0.6829159E+01  0.4970880E+02  0.1449915E+03  0.3117241E+03  0.5784768E+03  0.1392095E+04  0.1446300E+04  0.1554710E+04  0.1717326E+04  0.1934147E+04  0.1383061E+04  0.6775649E+03  0.1467638E+02  0.3298381E+02
  0.6150000E+00  0.6909997E+01  0.5025072E+02  0.1463359E+03  0.3139729E+03  0.5813730E+03  0.1363309E+04  0.1415107E+04  0.1518701E+04  0.1674094E+04  0.1881284E+04  0.1354676E+04  0.6474680E+03  0.1463014E+02  0.3371176E+02
  0.6250000E+00  0.7005733E+01  0.5089286E+02  0.1479307E+03  0.3166466E+03  0.5848315E+03  0.1338513E+04  0.1387919E+04  0.1486731E+04  0.1634950E+04  0.1832574E+04  0.1330279E+04  0.6175756E+03  0.1450906E+02  0.3271181E+02
  0.6350000E+00  0.7096481E+01  0.5147672E+02  0.1492440E+03  0.3184119E+03  0.5860008E+03  0.1313743E+04  0.1360279E+04  0.1453349E+04  0.1592955E+04  0.1779095E+04  0.1305988E+04  0.5816897E+03  0.1451129E+02  0.3352996E+02
  0.6450000E+00  0.7174619E+01  0.5202399E+02  0.1507310E+03  0.3213123E+03  0.5907927E+03  0.1287409E+04  0.1332519E+04  0.1422741E+04  0.1558074E+04  0.1738518E+04  0.1279890E+04  0.5638866E+03  0.1329196E+02  0.3035894E+02
  0.6550000E+00  0.7278812E+01  0.5268816E+02  0.1521892E+03  0.3231467E+03  0.5916076E+03  0.1266824E+04  0.1308985E+04  0.1393308E+04  0.1519792E+04  0.1688437E+04  0.1259797E+04  0.5270163E+03  0.1316255E+02  0.3065430E+02
  0.6650000E+00  0.7365252E+01  0.5327755E+02  0.1537061E+03  0.3258587E+03  0.5955472E+03  0.1243720E+04  0.1284253E+04  0.1365320E+04  0.1486920E+04  0.1649053E+04  0.1236964E+04  0.5066666E+03  0.1333712E+02  0.3073212E+02
  0.6750000E+00  0.7446608E+01  0.5382765E+02  0.1550967E+03  0.3282675E+03  0.5988610E+03  0.1220593E+04  0.1259490E+04  0.1337286E+04  0.1453979E+04  0.1609570E+04  0.1214110E+04  0.4862218E+03  0.1286451E+02  0.2932602E+02
  0.6850000E+00  0.7545565E+01  0.5447228E+02  0.1565924E+03  0.3304392E+03  0.6008127E+03  0.1201174E+04  0.1237878E+04  0.1311285E+04  0.1421396E+04  0.1568210E+04  0.1195057E+04  0.4587941E+03  0.1260755E+02  0.2926803E+02
  0.6950000E+00  0.7636562E+01  0.5508293E+02  0.1581107E+03  0.3329897E+03  0.6041250E+03  0.1181062E+04  0.1216149E+04  0.1286323E+04  0.1391584E+04  0.1531932E+04  0.1175214E+04  0.4385872E+03  0.1254748E+02  0.2884032E+02
  0.7050000E+00  0.7720764E+01  0.5564233E+02  0.1594704E+03  0.3351747E+03  0.6067100E+03  0.1160584E+04  0.1194054E+04  0.1260993E+04  0.1361402E+04  0.1495280E+04  0.1155006E+04  0.4183698E+03  0.1221954E+02  0.2770810E+02
  0.7150000E+00  0.7813773E+01  0.5627528E+02  0.1610926E+03  0.3380545E+03  0.6108439E+03  0.1142041E+04  0.1174212E+04  0.1238554E+04  0.1335067E+04  0.1463750E+04  0.1136680E+04  0.4021355E+03  0.1194066E+02  0.2756354E+02
  0.7250000E+00  0.7904875E+01  0.5689690E+02  0.1626948E+03  0.3409264E+03  0.6150333E+03  0.1123796E+04  0.1154766E+04  0.1216707E+04  0.1309619E+04  0.1433501E+04  0.1118634E+04  0.3871323E+03  0.1151680E+02  0.2596002E+02
  0.7350000E+00  0.8009082E+01  0.5756779E+02  0.1642063E+03  0.3429668E+03  0.6164125E+03  0.1108042E+04  0.1137046E+04  0.1195055E+04  0.1282069E+04  0.1398086E+04  0.1103208E+04  0.3625558E+03  0.1119467E+02  0.2611085E+02
  0.7450000E+00  0.8098818E+01  0.5817353E+02  0.1657320E+03  0.3455922E+03  0.6199814E+03  0.1090677E+04  0.1118488E+04  0.1174109E+04  0.1257540E+04  0.1368782E+04  0.1086042E+04  0.3476303E+03  0.1105921E+02  0.2572390E+02
  0.7550000E+00  0.8187121E+01  0.5876062E+02  0.1671615E+03  0.3478975E+03  0.6227303E+03  0.1073671E+04  0.1100182E+04  0.1153205E+04  0.1232740E+04  0.1338786E+04  0.1069252E+04  0.3313943E+03  0.1104790E+02  0.2556047E+02
  0.7650000E+00  0.8274070E+01  0.5935946E+02  0.1687351E+03  0.3508106E+03  0.6272005E+03  0.1056951E+04  0.1082599E+04  0.1133896E+04  0.1210841E+04  0.1313435E+04  0.1052676E+04  0.3206049E+03  0.1068290E+02  0.2457304E+02
  0.7750000E+00  0.8368454E+01  0.5999806E+02  0.1703517E+03  0.3536182E+03  0.6310808E+03  0.1041687E+04  0.1066295E+04  0.1115511E+04  0.1189334E+04  0.1287765E+04  0.1037586E+04  0.3075970E+03  0.1042436E+02  0.2434437E+02
  0.7850000E+00  0.8448165E+01  0.6052998E+02  0.1716577E+03  0.3557596E+03  0.6337278E+03  0.1025077E+04  0.1048621E+04  0.1095709E+04  0.1166342E+04  0.1260519E+04  0.1021153E+04  0.2943029E+03  0.1037476E+02  0.2413132E+02
  0.7950000E+00  0.8538942E+01  0.6116530E+02  0.1733815E+03  0.3591147E+03  0.6392555E+03  0.1010223E+04  0.1033177E+04  0.1079085E+04  0.1147946E+04  0.1239761E+04  0.1006398E+04  0.2869220E+03  0.1018616E+02  0.2267107E+02
  0.8050000E+00  0.8642275E+01  0.6185409E+02  0.1750685E+03  0.3618671E+03  0.6426222E+03  0.9973138E+03  0.1019146E+04  0.1062809E+04  0.1128304E+04  0.1215631E+04  0.9936752E+03  0.2728959E+03  0.9960822E+01  0.2243828E+02
  0.8150000E+00  0.8732263E+01  0.6244738E+02  0.1764853E+03  0.3640616E+03  0.6449992E+03  0.9832275E+03  0.1003952E+04  0.1045403E+04  0.1107578E+04  0.1190478E+04  0.9797733E+03  0.2590627E+03  0.9794940E+01  0.2251545E+02
  0.8250000E+00  0.8818544E+01  0.6305399E+02  0.1781458E+03  0.3673356E+03  0.6504863E+03  0.9690384E+03  0.9893043E+03  0.1029836E+04  0.1090634E+04  0.1171698E+04  0.9656607E+03  0.2533244E+03  0.9920230E+01  0.2215953E+02
  0.8350000E+00  0.8915383E+01  0.6369441E+02  0.1796861E+03  0.3697577E+03  0.6532101E+03  0.9564583E+03  0.9756822E+03  0.1014130E+04  0.1071802E+04  0.1148698E+04  0.9532543E+03  0.2402990E+03  0.9647368E+01  0.2190941E+02
  0.8450000E+00  0.9007478E+01  0.6432220E+02  0.1813010E+03  0.3726424E+03  0.6573943E+03  0.9436604E+03  0.9621859E+03  0.9992371E+03  0.1054814E+04  0.1128916E+04  0.9405728E+03  0.2315696E+03  0.9449465E+01  0.2100697E+02
  0.8550000E+00  0.9115775E+01  0.6503377E+02  0.1829865E+03  0.3752075E+03  0.6600468E+03  0.9329148E+03  0.9503467E+03  0.9852107E+03  0.1037507E+04  0.1107234E+04  0.9300094E+03  0.2178995E+03  0.9167101E+01  0.2116002E+02
  0.8650000E+00  0.9189619E+01  0.6556406E+02  0.1844966E+03  0.3783545E+03  0.6656887E+03  0.9188462E+03  0.9360638E+03  0.9704988E+03  0.1022151E+04  0.1091022E+04  0.9159766E+03  0.2152192E+03  0.9265583E+01  0.2068043E+02
  0.8750000E+00  0.9289233E+01  0.6622200E+02  0.1860744E+03  0.3808200E+03  0.6684195E+03  0.9077936E+03  0.9240843E+03  0.9566658E+03  0.1005538E+04  0.1070701E+04  0.9050785E+03  0.2036340E+03  0.9279585E+01  0.2101089E+02
  0.8850000E+00  0.9390849E+01  0.6690529E+02  0.1877809E+03  0.3837111E+03  0.6722361E+03  0.8971746E+03  0.9127266E+03  0.9438305E+03  0.9904863E+03  0.1052694E+04  0.8945826E+03  0.1943993E+03  0.8823138E+01  0.1977522E+02
  0.8950000E+00  0.9484668E+01  0.6753763E+02  0.1893683E+03  0.3864262E+03  0.6758855E+03  0.8860647E+03  0.9009538E+03  0.9307321E+03  0.9753994E+03  0.1034956E+04  0.8835831E+03  0.1861141E+03  0.8653983E+01  0.1976504E+02
  0.9050000E+00  0.9571238E+01  0.6813940E+02  0.1909793E+03  0.3894984E+03  0.6808073E+03  0.8745259E+03  0.8890341E+03  0.9180505E+03  0.9615751E+03  0.1019608E+04  0.8721079E+03  0.1813524E+03  0.8677277E+01  0.1876307E+02
  0.9150000E+00  0.9665804E+01  0.6878362E+02  0.1926342E+03  0.3924475E+03  0.6850684E+03  0.8640158E+03  0.8779879E+03  0.9059322E+03  0.9478487E+03  0.1003737E+04  0.8616871E+03  0.1746519E+03  0.8468610E+01  0.1899564E+02
  0.9250000E+00  0.9762801E+01  0.6942344E+02  0.1941639E+03  0.3948225E+03  0.6876567E+03  0.8540011E+03  0.8671961E+03  0.8935860E+03  0.9331708E+03  0.9859507E+03  0.8518019E+03  0.1649369E+03  0.8421349E+01  0.1910748E+02
  0.9350000E+00  0.9855593E+01  0.7005324E+02  0.1957690E+03  0.3976437E+03  0.6916388E+03  0.8438235E+03  0.8565024E+03  0.8818604E+03  0.9198973E+03  0.9706131E+03  0.8417103E+03  0.1584871E+03  0.8447668E+01  0.1900916E+02
  0.9450000E+00  0.9947595E+01  0.7066624E+02  0.1972689E+03  0.4000864E+03  0.6946149E+03  0.8338342E+03  0.8458845E+03  0.8699851E+03  0.9061361E+03  0.9543373E+03  0.8318258E+03  0.1506289E+03  0.8311977E+01  0.1903532E+02
  0.9550000E+00  0.1004877E+02  0.7135997E+02  0.1990754E+03  0.4033811E+03  0.6995562E+03  0.8248050E+03  0.8364390E+03  0.8597069E+03  0.8946088E+03  0.9411447E+03  0.8228660E+03  0.1454246E+03  0.8185199E+01  0.1845258E+02
  0.9650000E+00  0.1013602E+02  0.7196607E+02  0.2006958E+03  0.4064647E+03  0.7044815E+03  0.8148334E+03  0.8261752E+03  0.8488589E+03  0.8828845E+03  0.9282519E+03  0.8129431E+03  0.1417731E+03  0.8086670E+01  0.1810757E+02
  0.9750000E+00  0.1023914E+02  0.7265262E+02  0.2023730E+03  0.4091868E+03  0.7077743E+03  0.8063915E+03  0.8171155E+03  0.8385634E+03  0.8707354E+03  0.9136313E+03  0.8046041E+03  0.1340498E+03  0.7994365E+01  0.1808218E+02
  0.9850000E+00  0.1032047E+02  0.7319964E+02  0.2037398E+03  0.4115047E+03  0.7108397E+03  0.7964201E+03  0.8066880E+03  0.8272238E+03  0.8580275E+03  0.8990990E+03  0.7947088E+03  0.1283486E+03  0.7902519E+01  0.1785639E+02
  0.9950000E+00  0.1042270E+02  0.7390106E+02  0.2055685E+03  0.4148462E+03  0.7158663E+03  0.7882572E+03  0.7981699E+03  0.8179955E+03  0.8477338E+03  0.8873849E+03  0.7866050E+03  0.1239097E+03  0.7701899E+01  0.1754568E+02
