0.0174687	-0.6750825972
0.0199624	0.2924795031
0.0224561	1.650767167
0.0249499	2.415835255
0.0274436	2.886022346
0.0299373	2.118793175
0.0324311	0.359673437
0.0349248	-2.634728354
0.0374185	-6.194593705
0.0399123	-9.329236202
0.042406	-12.20748768
0.0448997	-14.22069149
0.0473935	-15.15599742
0.0498872	-14.55828901
0.052381	-12.17284858
0.0548747	-8.394960456
0.0573684	-3.666207167
0.0598622	1.562348019
0.0623559	6.918223597
0.0648496	12.03479676
0.0673434	16.18885395
0.0698371	19.00067748
0.0723308	20.23117447
0.0748246	19.93686495
0.0773183	18.27062463
0.079812	15.13403628
0.0823058	10.7725658
0.0847995	5.744126319
0.0872932	0.6501467934
0.089787	-4.087461195
0.0922807	-8.10334538
0.0947744	-11.24556951
0.0972682	-13.5116705
0.0997619	-14.85753553
0.102256	-15.14426693
0.104749	-14.44654062
0.107243	-12.85391416
0.109737	-10.42243884
0.112231	-7.42942365
0.114724	-4.23548919
0.117218	-0.8653328439
0.119712	2.255855432
0.122206	4.881086579
0.124699	6.990913673
0.127193	8.098177129
0.129687	8.298825101
0.13218	8.287529283
0.134674	7.611308005
0.137168	6.290622253
0.139662	4.364996704
0.142155	2.348919957
0.144649	0.3305771904
0.147143	-1.791910266
0.149637	-3.535332898
0.15213	-5.034135242
0.154624	-6.009397317
0.157118	-6.57823686
0.159612	-6.7060655
0.162105	-6.408235
0.164599	-5.771686577
0.167093	-4.895961473
0.169586	-3.799485996
0.17208	-2.596045459
0.174574	-1.314160469
0.177068	-0.1561705041
0.179561	1.032610912
0.182055	1.87367298
0.184549	2.627480548
0.187043	3.005012076
0.189536	3.111100028
0.19203	3.10528162
0.194524	2.754668742
0.197018	2.331318354
0.199511	1.844087913
0.202005	1.076950173
0.204499	0.5771480027
0.206992	-0.1305234083
0.209486	-0.6150335742
0.21198	-0.9938082287
0.214474	-1.4153662
0.216967	-1.578271542
0.219461	-1.596267792
0.221955	-1.589177212
0.224449	-1.509256528
0.226942	-1.181524689
0.229436	-0.9304358974
0.23193	-0.6128026058
0.234424	-0.2246994193
0.236917	0.01252805525
0.239411	0.2963311817
0.241905	0.5561169539
0.244398	0.6958503194
0.246892	0.8049143406
0.249386	0.8775213399
0.25188	0.8895803282
0.254373	0.8218476224
0.256867	0.7243476568
0.259361	0.6131528649
0.261855	0.4594896995
0.264348	0.3034081316
0.266842	0.1675223194
0.269336	0.04112141922
0.27183	-0.06649445793
0.274323	-0.1540913918
0.276817	-0.2168856277
0.279311	-0.2486771768
0.281805	-0.2534555264
0.284298	-0.2344732055
0.286792	-0.2160499248
0.289286	-0.1725413197
0.291779	-0.1048681392
0.294273	-0.04486393047
0.296767	-0.0096699374
0.299261	0.04239346649
0.301754	0.1054900409
0.304248	0.1350219674
0.306742	0.1530849434
0.309236	0.1678299465
0.311729	0.1791217017
0.314223	0.1806473202
0.316717	0.1630253821
0.319211	0.1273765696
0.321704	0.1013457902
0.324198	0.09603657539
0.326692	0.07444791178
0.329185	0.03777242152
0.331679	0.01556781911
0.334173	0.01133343482
0.336667	0.002236565785
0.33916	-0.01139018506
0.341654	-0.02122706349
0.344148	-0.02480514216
0.346642	-0.0206700854
0.349135	-0.01010674616
0.351629	-0.005305208335
0.354123	-0.00850907205
0.356617	-0.005206066893
0.35911	0.009309471126
0.361604	0.02129368154
0.364098	0.02536417309
0.366591	0.0248207078
0.369085	0.0261613397
0.371579	0.02836011708
0.374073	0.02975022867
0.376566	0.03105642607
0.37906	0.02983905609
0.381554	0.02478018308
0.384048	0.02088583831
0.386541	0.01987225152
0.389035	0.02051820099
0.391529	0.01672532995
0.394023	0.01176839131
0.396516	0.009174279479
0.39901	0.008684473477
0.401504	0.008891917184
0.403997	0.008672770447
0.406491	0.00848714803
0.408985	0.008661117578
0.411479	0.008994061114
0.413972	0.009669214321
0.416466	0.01067934225
0.41896	0.01085469715
0.421454	0.01155687202
0.423947	0.01268737334
0.426441	0.01319006976
0.428935	0.01330326985
0.431429	0.01375585009
0.433922	0.01401342851
0.436416	0.01443461297
0.43891	0.01431556737
0.441404	0.01376572707
0.443897	0.01311911745
0.446391	0.0130313404
0.448885	0.01355232398
0.451378	0.01385716418
0.453872	0.0135065687
0.456366	0.01311548072
0.45886	0.01298915115
0.461353	0.01284916569
0.463847	0.01309656446
0.466341	0.01299687346
0.468835	0.01279315429
0.471328	0.01289291242
0.473822	0.01277294494
0.476316	0.01284835773
0.47881	0.01289200187
0.481303	0.01313369011
0.483797	0.01345561095
0.486291	0.01293716799
0.488784	0.0126142752
0.491278	0.01265748897
0.493772	0.01334543235
0.496266	0.01327664941
0.498759	0.0134324209
0.501253	0.01323913132
0.503747	0.01312435007
0.506241	0.01310566033
0.508734	0.01316350266
0.511228	0.01319189002
0.513722	0.01315011358
0.516216	0.01333210864
0.518709	0.01251433745
0.521203	0.0128206129
0.523697	0.01293284766
0.52619	0.01318274183
0.528684	0.01214511373
0.531178	0.01207855688
0.533672	0.0116580542
0.536165	0.01139428794
0.538659	0.01127617912
0.541153	0.0112406787
0.543647	0.01176158487
0.54614	0.01155065294
0.548634	0.0116904858
0.551128	0.01193691657
0.553622	0.01172792652
0.556115	0.01134038378
0.558609	0.0113720075
0.561103	0.01152401563
0.563596	0.01059360926
0.56609	0.01084475746
0.568584	0.01038881795
0.571078	0.01058335931
0.573571	0.01080321637
0.576065	0.01100511489
0.578559	0.01047848712
0.581053	0.009893754559
0.583546	0.009981609705
0.58604	0.01017953223
0.588534	0.009749008843
0.591028	0.009969146069
0.593521	0.009302301564
0.596015	0.009395233477
0.598509	0.008719231471
0.601003	0.008905858935
0.603496	0.009168057935
0.60599	0.009308991412
0.608484	0.008451403374
0.610977	0.00763677432
0.613471	0.007746434079
0.615965	0.007005083674
0.618459	0.008024270745
0.620952	0.008172559807
0.623446	0.007399383453
0.62594	0.006593760993
0.628434	0.006714963547
0.630927	0.006845435355
0.633421	0.006980250547
0.635915	0.006032067777
0.638409	0.006007687967
0.640902	0.00607701779
0.643396	0.006273534864
0.64589	0.006397594706
0.648383	0.005337742985
0.650877	0.005404879647
0.653371	0.005572058804
0.655865	0.005718937855
0.658358	0.004646603363
0.660852	0.004900086191
0.663346	0.004640966999
0.66584	0.004317895075
0.668333	0.004295275675
0.670827	0.004125746166
0.673321	0.003907776138
0.675815	0.00370781475
0.678308	0.003536978195
0.680802	0.003477743498
0.683296	0.003264740847
0.685789	0.003176957931
0.688283	0.002955468809
0.690777	0.002716594192
0.693271	0.002596458327
0.695764	0.00234097508
0.698258	0.002228081804
0.700752	0.001971996757
0.703246	0.001850940189
0.705739	0.001587186424
0.708233	0.001467110504
0.710727	0.001190155053
0.713221	0.001051055456
0.715714	0.000906363092
0.718208	0.0007584215614
0.720702	0.0004620738262
0.723195	0.0003173911703
0.725689	0.0003245678939
0.728183	1.485179179e-8
0.730677	-0.0001645312985
0.73317	-0.0003320749185
0.735664	-0.00050182693
0.738158	-0.0005039188871
0.740652	-0.0008449701796
0.743145	-0.0008535534061
0.745639	-0.001213755007
0.748133	-0.001239623277
0.750627	-0.00161930081
0.75312	-0.001630547106
0.755614	-0.001826847484
0.758108	-0.0018526808
0.760602	-0.002267438141
0.763095	-0.002323867233
0.765589	-0.002555675665
0.768083	-0.002555689583
0.770576	-0.002752454192
0.77307	-0.00296901585
0.775564	-0.003200966103
0.778058	-0.003243916524
0.780551	-0.003496028206
0.783045	-0.003755253138
0.785539	-0.003810681755
0.788033	-0.004082969812
0.790526	-0.004138065027
0.79302	-0.004183339591
0.795514	-0.004426019399
0.798008	-0.004416916086
0.800501	-0.004644958009
0.802995	-0.004917499999
0.805489	-0.004775126584
0.807982	-0.005115077478
0.810476	-0.00519615461
0.81297	-0.005452885069
0.815464	-0.005458898985
0.817957	-0.005477171022
0.820451	-0.005780273801
0.822945	-0.006153261168
0.825439	-0.006239553645
0.827932	-0.006222523547
0.830426	-0.006249676472
0.83292	-0.006400791433
0.835414	-0.006531384332
0.837907	-0.006823540673
0.840401	-0.006841826042
0.842895	-0.007165202955
0.845388	-0.007235251602
0.847882	-0.007297471313
0.850376	-0.007376648739
0.85287	-0.007764250635
0.855363	-0.007859339586
0.857857	-0.007904052742
0.860351	-0.007937342412
0.862845	-0.007982951627
0.865338	-0.008039628725
0.867832	-0.008106992518
0.870326	-0.008196960685
0.87282	-0.008614165761
0.875313	-0.008446285038
0.877807	-0.008876384261
0.880301	-0.00865755544
0.882794	-0.008997925566
0.885288	-0.009338233592
0.887782	-0.009406105525
0.890276	-0.009506940354
0.892769	-0.009637373574
0.895263	-0.009770783467
0.897757	-0.009888357459
0.900251	-0.009971657508
0.902744	-0.009674480307
0.905238	-0.01007696609
0.907732	-0.009894107815
0.910226	-0.01004858058
0.912719	-0.01014176041
0.915213	-0.01055617725
0.917707	-0.01025927567
0.920201	-0.01067521078
0.922694	-0.01039404952
0.925188	-0.01085035357
0.927682	-0.0109729904
0.930175	-0.01111748033
0.932669	-0.01128181096
0.935163	-0.01104868045
0.937657	-0.01114724429
0.94015	-0.01159389864
0.942644	-0.01123365838
0.945138	-0.01169228045
0.947632	-0.01147829704
0.950125	-0.01163743982
0.952619	-0.01207706826
0.955113	-0.01210507221
0.957607	-0.01181568647
0.9601	-0.01193865299
0.962594	-0.01200159039
0.965088	-0.0120792779
0.967581	-0.01223910041
0.970075	-0.01240952298
0.972569	-0.0125241549
0.975063	-0.01263350761
0.977556	-0.01278530194
0.98005	-0.012937606
0.982544	-0.01259989816
0.985038	-0.01314708184
0.987531	-0.01325295031
0.990025	-0.01292192374
0.992519	-0.0130877694
0.995013	-0.01324610136
0.997506	-0.01334859381
1.	0.02472958493