1.000000000000000048e-04 -2.348349025238383945e+02
1.018618757990636889e-04 -2.390281782927911252e+02
1.037584174130386683e-04 -2.432962654034741945e+02
1.056902702763435280e-04 -2.476405004824404443e+02
1.076580918405837677e-04 -2.520622446358687228e+02
1.096625517982972484e-04 -2.565628792472199393e+02
1.117043323108654298e-04 -2.611437875701988673e+02
1.137841282406671159e-04 -2.658063668497468370e+02
1.159026473875555805e-04 -2.705520338511662430e+02
1.180606107297385961e-04 -2.753822246063514285e+02
1.202587526691423979e-04 -2.802983970906562377e+02
1.224978212813448823e-04 -2.853020788367760474e+02
1.247785785701625405e-04 -2.903948681355286681e+02
1.271018007269759508e-04 -2.955784013166342561e+02
1.294682783948856639e-04 -3.008543533854690963e+02
1.318788169377844424e-04 -3.062244396358903487e+02
1.343342367144404262e-04 -3.116903745876479661e+02
1.368353733576835286e-04 -3.172538112516647288e+02
1.393830780587886845e-04 -3.229164087773688721e+02
1.419782178571551826e-04 -3.286798425649589035e+02
1.446216759353794693e-04 -3.345458030268389962e+02
1.473143519198206292e-04 -3.405160090017884045e+02
1.500571621867631414e-04 -3.465922954261515656e+02
1.528510401742802342e-04 -3.527765720112209351e+02
1.556969366999022759e-04 -3.590707893786146769e+02
1.585958202842011142e-04 -3.654769405928721540e+02
1.615486774803991923e-04 -3.719970610207836330e+02
1.645565132101141912e-04 -3.786331784471386754e+02
1.676203511053561853e-04 -3.853872977857892010e+02
1.707412338568923985e-04 -3.922614481630030241e+02
1.739202235690966278e-04 -3.992576851220894696e+02
1.771584021214069331e-04 -4.063780900900277970e+02
1.804568715365133496e-04 -4.136248019307068944e+02
1.838167543553991402e-04 -4.210000911709460638e+02
1.872391940193664781e-04 -4.285062972731926152e+02
1.907253552591749841e-04 -4.361458145963262609e+02
1.942764244914237906e-04 -4.439210950601625996e+02
1.978936102223156684e-04 -4.518346387780854343e+02
2.015781434589383866e-04 -4.598888859173170545e+02
2.053312781282022484e-04 -4.680862485665782060e+02
2.091542915035791929e-04 -4.764291674109030055e+02
2.130484846397874728e-04 -4.849201113788523116e+02
2.170151828155673804e-04 -4.935615769321974540e+02
2.210557359847042556e-04 -5.023561103010128477e+02
2.251715192354455768e-04 -5.113063232166561534e+02
2.293639332584741688e-04 -5.204148649270251781e+02
2.336344048235943036e-04 -5.296844191768443579e+02
2.379843872652912906e-04 -5.391177036364555306e+02
2.424153609773335033e-04 -5.487175022746986315e+02
2.469288339165833478e-04 -5.584867833661234044e+02
2.515263421161864177e-04 -5.684286208868102221e+02
2.562094502083175928e-04 -5.785461648894415703e+02
2.609797519566604005e-04 -5.888426456917392215e+02
2.658388707987978817e-04 -5.993213644056352223e+02
2.707884603987046170e-04 -6.099854993623697510e+02
2.758302052095252827e-04 -6.208381179115418718e+02
2.809658210468288773e-04 -6.318823065467630613e+02
2.861970556725403872e-04 -6.431211713082026336e+02
2.915256893897402246e-04 -6.545578351571053872e+02
2.969535356485410670e-04 -6.661955433781710099e+02
3.024824416632452238e-04 -6.780377992255316713e+02
3.081142890409901557e-04 -6.900882035587338805e+02
3.138509944221012080e-04 -7.023504343146618112e+02
3.196945101323670456e-04 -7.148282499907002148e+02
3.256468248474567954e-04 -7.275254582382021908e+02
3.317099642697105932e-04 -7.404457295785115321e+02
3.378859918175311614e-04 -7.535926948466994872e+02
3.441770093276080573e-04 -7.669700127155502969e+02
3.505851577702196234e-04 -7.805813667235051980e+02
3.571126179778526255e-04 -7.944304713460306857e+02
3.637616113873850436e-04 -8.085212922534221889e+02
3.705344007960904894e-04 -8.228580975309956784e+02
3.774332911317185486e-04 -8.374452709907952794e+02
3.844606302369096319e-04 -8.522873092353200946e+02
3.916188096682179866e-04 -8.673888284535946696e+02
3.989102655100118587e-04 -8.827544107377424325e+02
4.063374792035234838e-04 -8.983882789550024199e+02
4.139029783913389295e-04 -9.142945976754159574e+02
4.216093377776110925e-04 -9.304775361310698827e+02
4.294591800042851142e-04 -9.469412612963342326e+02
4.374551765436418527e-04 -9.636899738620855942e+02
4.456000486074592469e-04 -9.807282548307848629e+02
4.538965680730975877e-04 -9.980609465606805770e+02
4.623475584268307609e-04 -1.015692985160132821e+03
4.709558957247417807e-04 -1.033629403175371181e+03
4.797245095715044075e-04 -1.051875332635484028e+03
4.886563841173926972e-04 -1.070435946659006504e+03
4.977545590738541520e-04 -1.089316425861061589e+03
5.070221307479864242e-04 -1.108522030318883026e+03
5.164622530962796956e-04 -1.128058107832894166e+03
5.260781387979784549e-04 -1.147930096732675793e+03
5.358730603484221930e-04 -1.168143466726909082e+03
5.458503511727514279e-04 -1.188703522321722858e+03
5.560134067603410713e-04 -1.209615545895989726e+03
5.663656858203607774e-04 -1.230884845788219991e+03
5.769107114588511737e-04 -1.252516751273186401e+03
5.876520723777091089e-04 -1.274516630105847298e+03
5.985934240960059461e-04 -1.296890171797124594e+03
6.097384901940361554e-04 -1.319643352884832666e+03
6.210910635805346565e-04 -1.342782260536464946e+03
6.326550077834879179e-04 -1.366313093868158376e+03
6.444342582649731452e-04 -1.390242168000152333e+03
6.564328237604836330e-04 -1.414575749939938305e+03
6.686547876431904415e-04 -1.439319875171126569e+03
6.811043093135997744e-04 -1.464480583123309088e+03
6.937856256150888535e-04 -1.490063944064261932e+03
7.067030522757988559e-04 -1.516076054671433440e+03
7.198609853773664091e-04 -1.542523087837942057e+03
7.332639028510082053e-04 -1.569411553098957711e+03
7.469163660014610474e-04 -1.596748148992906408e+03
7.608230210592882006e-04 -1.624539675938174923e+03
7.749886007620955617e-04 -1.652793040880069384e+03
7.894179259651873870e-04 -1.681515250777987148e+03
8.041159072822036792e-04 -1.710713178441969376e+03
8.190875467563116935e-04 -1.740393529244150614e+03
8.343379395625119847e-04 -1.770563030690628921e+03
8.498722757416329746e-04 -1.801228436490105423e+03
8.656958419666173962e-04 -1.832396522376140183e+03
8.818140233416945414e-04 -1.864074132074242016e+03
8.982323052350434057e-04 -1.896268264845548401e+03
9.149562751455856497e-04 -1.928985984050908655e+03
9.319916246045359138e-04 -1.962234397979762434e+03
9.493441511123482980e-04 -1.996020658898386046e+03
9.670197601117347906e-04 -2.030351982620086346e+03
9.850244669974189595e-04 -2.065235796823625606e+03
1.003364399163299931e-03 -2.100679686787351784e+03
1.022045798087741148e-03 -2.136691333595191736e+03
1.041075021457684184e-03 -2.173278519862783014e+03
1.060458545332302119e-03 -2.210449128090588147e+03
1.080202966346945981e-03 -2.248210832580909027e+03
1.100315003958127810e-03 -2.286570948440596112e+03
1.120801502730290819e-03 -2.325536751202478172e+03
1.141669434665167245e-03 -2.365115493525364400e+03
1.162925901574505139e-03 -2.405314398165047805e+03
1.184578137496964268e-03 -2.446140655683846944e+03
1.206633511160018317e-03 -2.487601431326646889e+03
1.229099528487698038e-03 -2.529703845861563877e+03
1.251983835155017540e-03 -2.572454963927416429e+03
1.275294219189957150e-03 -2.615861785629210772e+03
1.299038613623911854e-03 -2.659931277777306150e+03
1.323225099191469196e-03 -2.704670810919446922e+03
1.347861907080450360e-03 -2.750088079133678548e+03
1.372957421733178281e-03 -2.796190846600816258e+03
1.398520183699878544e-03 -2.842986952421943897e+03
1.424558892545206177e-03 -2.890484316158144793e+03
1.451082409808913606e-03 -2.938690527157908036e+03
1.478099762021616026e-03 -2.987612450287162574e+03
1.505620143776714541e-03 -3.037256774065266654e+03
1.533652920859519646e-03 -3.087630064794621376e+03
1.562207633434636476e-03 -3.138738756294533232e+03
1.591293999292681506e-03 -3.190589153293626623e+03
1.620921917157463034e-03 -3.243187481524725172e+03
1.651101470054736975e-03 -3.296539841162817538e+03
1.681842928743670961e-03 -3.350652178230187019e+03
1.713156755212211745e-03 -3.405530275503631856e+03
1.745053606237532712e-03 -3.461179758213511832e+03
1.777544337012757587e-03 -3.517606347537848706e+03
1.810640004841223422e-03 -3.574815874632938630e+03
1.844351872899527766e-03 -3.632814085009091286e+03
1.878691414070622016e-03 -3.691606635429854123e+03
1.913670314848288411e-03 -3.751199098350146414e+03
1.949300479314314532e-03 -3.811596705637382001e+03
1.985594033189700368e-03 -3.872803933111415972e+03
2.022563327961310244e-03 -3.934824934671958545e+03
2.060220945085358690e-03 -3.997663612902650584e+03
2.098579700269144477e-03 -4.061323611045807866e+03
2.137652647832516666e-03 -4.125808278367499042e+03
2.177453085150554777e-03 -4.191120485736371847e+03
2.217994557178938446e-03 -4.257262692804400103e+03
2.259290861063600799e-03 -4.324237010972422468e+03
2.301356050836201629e-03 -4.392045192318704721e+03
2.344204442197008950e-03 -4.460688628824573243e+03
2.387850617386848631e-03 -4.530168652034771185e+03
2.432309430149767054e-03 -4.600486648337082443e+03
2.477596010788069535e-03 -4.671643765127930237e+03
2.523725771311497411e-03 -4.743640900913152109e+03
2.570714410682279835e-03 -4.816478716811514460e+03
2.618577920157816232e-03 -4.890157239415590084e+03
2.667332588732856859e-03 -4.964674826663834210e+03
2.716995008683013337e-03 -5.040029029726576482e+03
2.767582081211450527e-03 -5.116216816661026314e+03
2.819111022200746896e-03 -5.193234555105103027e+03
2.871599368071836751e-03 -5.271078101599068759e+03
2.925064981752035359e-03 -5.349743842149004195e+03
2.979526058754160094e-03 -5.429228443305487417e+03
3.035001133368896934e-03 -5.509528296975725425e+03
3.091509084972404210e-03 -5.590639542444088875e+03
3.149069144451357560e-03 -5.672558077142835828e+03
3.207700900747676494e-03 -5.755278031578739501e+03
3.267424307525048505e-03 -5.838790527827127335e+03
3.328259689959578698e-03 -5.923085591392096831e+03
3.390227751656924634e-03 -6.008152317317622874e+03
3.453349581698166287e-03 -6.093978838830986206e+03
3.517646661816871412e-03 -6.180552612382679399e+03
3.583140873709807911e-03 -6.267861623463084470e+03
3.649854506483770408e-03 -6.355893573197990918e+03
3.717810264241027274e-03 -6.444635521963294195e+03
3.787031273806032699e-03 -6.534073908372854930e+03
3.857541092596000667e-03 -6.624194542743504826e+03
3.929363716637983284e-03 -6.714982156779169600e+03
4.002523588735250673e-03 -6.806420434998214660e+03
4.077045606785728062e-03 -6.898492379997313947e+03
4.152955132255261271e-03 -6.991180351861879899e+03
4.230277998808691306e-03 -7.084466097101213563e+03
4.309040521101625484e-03 -7.178329592044037781e+03
4.389269503735864983e-03 -7.272747404404047302e+03
4.470992250381601758e-03 -7.367694576111684910e+03
4.554236573069470051e-03 -7.463144906153773263e+03
4.639030801655557625e-03 -7.559070933741760200e+03
4.725403793462688330e-03 -7.655444185652416309e+03
4.813384943101207784e-03 -7.752236701113194613e+03
4.903004192472584614e-03 -7.849420304111140467e+03
4.994292040959304527e-03 -7.946966043805585286e+03
5.087279555804490212e-03 -8.044844247671284393e+03
5.181998382684728684e-03 -8.143024500086790795e+03
5.278480756479801868e-03 -8.241473395976030588e+03
5.376759512242933886e-03 -8.340153926564753419e+03
5.476868096375239574e-03 -8.439027596429548794e+03
5.578840578008285173e-03 -8.538054545630831853e+03
5.682711660598566313e-03 -8.637193545065671060e+03
5.788516693737821156e-03 -8.736402121987945065e+03
5.896291685183281325e-03 -8.835636803677993157e+03
6.006073313111913795e-03 -8.934852928216136206e+03
6.117898938602767643e-03 -9.034004643925869459e+03
6.231806618351780694e-03 -9.133044955931538425e+03
6.347835117623322129e-03 -9.231925591395367519e+03
6.466023923442816568e-03 -9.330595455943417619e+03
6.586413258035060496e-03 -9.429001163377137345e+03
6.709044092512730928e-03 -9.527087891265462531e+03
6.833958160819744894e-03 -9.624799438146726970e+03
6.961197973934178662e-03 -9.722078222813086541e+03
7.090806834335763517e-03 -9.818864725323766834e+03
7.222828850742622764e-03 -9.915097108408213899e+03
7.357308953122382138e-03 -1.001071198689730409e+04
7.494292907982906364e-03 -1.010564452989050005e+04
7.633827333947594551e-03 -1.019982851971924174e+04
7.775959717620665838e-03 -1.029319590529038214e+04
7.920738429747978607e-03 -1.038567512846010504e+04
8.068212741678602168e-03 -1.047719240592253118e+04
8.218432842132880264e-03 -1.056767224158011777e+04
8.371449854282847144e-03 -1.065703745315204651e+04
8.527315853150491815e-03 -1.074520929771263036e+04
8.686083883330022667e-03 -1.083210859848353903e+04
8.847807977040106006e-03 -1.091765572098473240e+04
9.012543172512243669e-03 -1.100176991754909795e+04
9.180345532721415069e-03 -1.108436943890382099e+04
9.351272164465570386e-03 -1.116537159122191770e+04
9.525381237800334411e-03 -1.124469014746269750e+04
9.702732005835492182e-03 -1.132223220574789775e+04
9.883384824900139781e-03 -1.139790232730737989e+04
1.006740117508329001e-02 -1.147160285546002888e+04
1.025484368115681978e-02 -1.154323433350528285e+04
1.044577613388807981e-02 -1.161269577162075075e+04
1.064026351174931183e-02 -1.167988839725741491e+04
1.083837200303117664e-02 -1.174471335582538995e+04
1.104016902836809852e-02 -1.180707095970228329e+04
1.124572326368300859e-02 -1.186686070790603480e+04
1.145510466355919785e-02 -1.192398134806964299e+04
1.166838448504741235e-02 -1.197832988299929093e+04
1.188563531191621191e-02 -1.202980149108013393e+04
1.210693107935374886e-02 -1.207829063770555331e+04
1.233234709912954356e-02 -1.212369117581181308e+04
1.256196008522477044e-02 -1.216589658208688888e+04
1.279584817993961038e-02 -1.220479966849162520e+04
1.303409098048682532e-02 -1.224029220644801353e+04
1.327676956608045238e-02 -1.227226558211128031e+04
1.352396652552875778e-02 -1.230061109354272048e+04
1.377576598534103851e-02 -1.232522010832595151e+04
1.403225363835775182e-02 -1.234598459825965983e+04
1.429351677291355351e-02 -1.236280039897057577e+04
1.455964430254354063e-02 -1.237556629428295128e+04
1.483072679624235397e-02 -1.238418267472170555e+04
1.510685650928682983e-02 -1.238855173276001187e+04
1.538812741463251900e-02 -1.238857780348951565e+04
1.567463523489464813e-02 -1.238416872193212293e+04
1.596647747492464450e-02 -1.237523667464892787e+04
1.626375345499322250e-02 -1.236169734303631412e+04
1.656656434459112537e-02 -1.234347001427574833e+04
1.687501319685936682e-02 -1.232047790371487645e+04
1.718920498366049293e-02 -1.229264995016555258e+04
1.750924663130271758e-02 -1.225992421840864154e+04
1.783524705692930007e-02 -1.222224588585011952e+04
1.816731720558548493e-02 -1.217956635048553107e+04
1.850557008797541758e-02 -1.213184418380235729e+04
1.885012081892218153e-02 -1.207904525186977298e+04
1.920108665654396071e-02 -1.202114481162355150e+04
1.955858704215939978e-02 -1.195812783189174843e+04
1.992274364093615108e-02 -1.188998841760875985e+04
2.029368038329624341e-02 -1.181673028953475841e+04
2.067152350709217101e-02 -1.173836738327522107e+04
2.105640160056846191e-02 -1.165492757859252924e+04
2.144844564612310642e-02 -1.156645649781113207e+04
2.184778906488358055e-02 -1.147301327633119399e+04
2.225456776211312895e-02 -1.137467072534886211e+04
2.266892017346214608e-02 -1.127151582007861180e+04
2.309098731208087882e-02 -1.116364982388872158e+04
2.352091281660938227e-02 -1.105118700896448718e+04
2.395884300006070194e-02 -1.093425640586762529e+04
2.440492689961447359e-02 -1.081300292899286251e+04
2.485931632733758001e-02 -1.068758784276671577e+04
2.532216592184896586e-02 -1.055818926765305332e+04
2.579363320094659948e-02 -1.042500174209258330e+04
2.627387861521428281e-02 -1.028823688193181806e+04
2.676306560262632639e-02 -1.014812396001572233e+04
2.726136064416913654e-02 -1.000491049472941086e+04
2.776893332049839777e-02 -9.858862376021797900e+03
2.828595636965089075e-02 -9.710258922261302359e+03
2.881260574583110329e-02 -9.559383938135199060e+03
2.934906067929236861e-02 -9.406536142864171779e+03
2.989550373733263280e-02 -9.252030803378152996e+03
3.045212088642617818e-02 -9.096200031566293546e+03
3.101910155551216783e-02 -8.939388755758169282e+03
3.159663870046123396e-02 -8.781930158475977805e+03
3.218492886974268219e-02 -8.624157165711440030e+03
3.278417227131428385e-02 -8.466413790280412286e+03
3.339457284075720428e-02 -8.309055155159074275e+03
3.401633831067995412e-02 -8.152446253751067161e+03
3.464968028141413720e-02 -7.996947891892720691e+03
3.529481429302669393e-02 -7.842910788585980299e+03
3.595195989867303044e-02 -7.690690224145451793e+03
3.662134073931550687e-02 -7.540646613302445985e+03
3.730318461983343770e-02 -7.393145052369083714e+03
3.799772358655016669e-02 -7.248519623150491498e+03
3.870519400620325845e-02 -7.106979221913404217e+03
3.942583664638536767e-02 -6.968691063515468159e+03
4.015989675748280613e-02 -6.833804247619234957e+03
4.090762415613934111e-02 -6.702447940033185660e+03
4.166927331027438924e-02 -6.574740896605941998e+03
4.244510342568409006e-02 -6.450911703756141833e+03
4.323537853425445804e-02 -6.331263320158612260e+03
4.404036758381727618e-02 -6.216097207272922788e+03
4.486034452967906094e-02 -6.105711292273452273e+03
4.569558842785374775e-02 -6.000387359100084723e+03
4.654638353003166112e-02 -5.900132121353111870e+03
4.741301938031668856e-02 -5.804646956258580758e+03
4.829579091376418054e-02 -5.713552753745679183e+03
4.919499855675390360e-02 -5.626394593085919951e+03
5.011094832923183862e-02 -5.542673666251200302e+03
5.104395194885506803e-02 -5.462120873224895149e+03
5.199432693707650016e-02 -5.384554096956308967e+03
5.296239672720397945e-02 -5.309744376717840169e+03
5.394849077447183561e-02 -5.237405928307826798e+03
5.495294466816183498e-02 -5.167148682188098064e+03
5.597610024581120558e-02 -5.098459978480424979e+03
5.701830570954753707e-02 -5.030741951411179798e+03
5.807991574458975376e-02 -4.963313744631044756e+03
5.916129163995485080e-02 -4.895587224934041842e+03
6.026280141141259622e-02 -4.827119252515229164e+03
6.138481992672950582e-02 -4.757419154917221022e+03
6.252772903324410603e-02 -4.685945979133265610e+03
6.369191768781813645e-02 -4.612231211192873161e+03
6.487778208920719214e-02 -4.535835962830778044e+03
6.608572581289541559e-02 -4.456277718670904505e+03
6.731615994844122874e-02 -4.373145219743095367e+03
6.856950323938026948e-02 -4.286259030892327246e+03
6.984618222573248103e-02 -4.195468719113707266e+03
7.114663138916324514e-02 -4.100666658580280455e+03
7.247129330084713106e-02 -4.001996576568155433e+03
7.382061877208406786e-02 -3.899707838809679743e+03
7.519506700772049523e-02 -3.794105073471415380e+03
7.659510576242696545e-02 -3.685713316982360993e+03
7.802121149988475168e-02 -3.575179677917391473e+03
7.947386955493740412e-02 -3.463208476002482712e+03
8.095357429876023914e-02 -3.350587544850864106e+03
8.246082930710581238e-02 -3.238163313009436479e+03
8.399614753168203884e-02 -3.126818620463780007e+03
8.556005147472026118e-02 -3.017442895891120315e+03
8.715307336679442574e-02 -2.910942855925462027e+03
8.877575534795098533e-02 -2.808156467304207581e+03
9.042864965221047990e-02 -2.709805157678867545e+03
9.211231879550497992e-02 -2.616523555427072552e+03
9.382733576711488332e-02 -2.528661074338501749e+03
9.557428422466902884e-02 -2.446355184309450578e+03
9.735375869277639038e-02 -2.370142749842369085e+03
9.916636476535606315e-02 -2.300654617489002703e+03
1.010127193117334454e-01 -2.238303400967120979e+03
1.028934506865746418e-01 -2.182421389656539759e+03
1.048091989437295174e-01 -2.130610910937756671e+03
1.067606160540553323e-01 -2.080028201132638969e+03
1.087483661272969776e-01 -2.030627063859996042e+03
1.107731256380982965e-01 -1.983801329811708683e+03
1.128355836562204700e-01 -1.941146589235647070e+03
1.149364420810477933e-01 -1.904354024871166075e+03
1.170764158804596805e-01 -1.874431637599646592e+03
1.192562333341489894e-01 -1.848817363942319389e+03
1.214766362814724415e-01 -1.823605642146277660e+03
1.237383803739137977e-01 -1.794438828841318355e+03
1.260422353322489530e-01 -1.756590170077749008e+03
1.283889852084990069e-01 -1.708458566394946502e+03
1.307794286527595162e-01 -1.652561940484470142e+03
1.332143791849988712e-01 -1.591980273464059565e+03
1.356946654719173029e-01 -1.530157159895876248e+03
1.382211316089593522e-01 -1.469695853200143347e+03
1.407946374075784157e-01 -1.411193544872511438e+03
1.434160586878495958e-01 -1.355059929006047696e+03
1.460862875765296387e-01 -1.301741746620911499e+03
1.488062328106674881e-01 -1.251754034048027506e+03
1.515768200468676774e-01 -1.205695570362580611e+03
1.543989921763106177e-01 -1.164220365807112557e+03
1.572737096456394423e-01 -1.127846116272437257e+03
1.602019507838212953e-01 -1.095612084184632749e+03
1.631847121350931962e-01 -1.065707182658621377e+03
1.662230087981080573e-01 -1.036128952696324859e+03
1.693178747713955379e-01 -1.006035951197367126e+03
1.724703633052531437e-01 -9.763543932589229826e+02
1.756815472601906958e-01 -9.482400561721617578e+02
1.789525194720488210e-01 -9.222096291311262348e+02
1.822843931239136461e-01 -8.971234876203491240e+02
1.856783021249577281e-01 -8.714782306157984522e+02
1.891354014963346764e-01 -8.444433453187600662e+02
1.926568677642566674e-01 -8.170486932747156743e+02
1.962438993603934922e-01 -7.906974198990984632e+02
1.998977170297235872e-01 -7.657747708738065739e+02
2.036195642459806276e-01 -7.408849167179650976e+02
2.074107076348354617e-01 -7.144654366908064276e+02
2.112724374049552156e-01 -6.868318200501943238e+02
2.152060677870898386e-01 -6.598284320387394928e+02
2.192129374813342746e-01 -6.350830309435241361e+02
2.232944101127158631e-01 -6.127814875352399895e+02
2.274518746952663151e-01 -5.927559994828301342e+02
2.316867461047341648e-01 -5.746784705130811517e+02
2.360004655600963508e-01 -5.580657511038738221e+02
2.403945011140371790e-01 -5.421832777854721144e+02
2.448703481525593140e-01 -5.258162506435440946e+02
2.494295299038948310e-01 -5.079653687109142197e+02
2.540735979568935488e-01 -4.893378742470660541e+02
2.588041327890632792e-01 -4.711303386835089100e+02
2.636227443044395491e-01 -4.538854760943784754e+02
2.685310723814711698e-01 -4.377905978172690880e+02
2.735307874311079801e-01 -4.225240790227667276e+02
2.786235909652761689e-01 -4.074977383306110710e+02
2.838112161759405172e-01 -3.928504972984451911e+02
2.890954285249487388e-01 -3.790875156944816808e+02
2.944780263448539270e-01 -3.657705589795616561e+02
2.999608414509291610e-01 -3.522040413082962118e+02
3.055457397645717776e-01 -3.392258313110101540e+02
3.112346219483181908e-01 -3.276339407085113749e+02
3.170294240526813079e-01 -3.162101379570707991e+02
3.229321181750291481e-01 -3.041880799764689414e+02
3.289447131307334793e-01 -2.922276219147306051e+02
3.350692551368140704e-01 -2.809166177433039024e+02
3.413078285083093744e-01 -2.705023659453722189e+02
3.476625563676150610e-01 -2.604079410360271254e+02
3.541356013670298175e-01 -2.502784638531334167e+02
3.607291664247512242e-01 -2.403929139023464074e+02
3.674454954745774993e-01 -2.312731946195639807e+02
3.742868742295683004e-01 -2.227195894462109607e+02
3.812556309599205995e-01 -2.136792931470040742e+02
3.883541372853305251e-01 -2.052112222240682513e+02
3.955848089821086822e-01 -1.973757025722932781e+02
4.029501068053188972e-01 -1.889011604382014013e+02
4.104525373262280508e-01 -1.808099182532332350e+02
4.180946537853479361e-01 -1.731396617729693901e+02
4.258790569613564725e-01 -1.656558839104289689e+02
4.338083960562001962e-01 -1.586990835847724099e+02
4.418853695966769579e-01 -1.519129674468476310e+02
4.501127263528001410e-01 -1.449372699489886145e+02
4.584932662732687514e-01 -1.380008184747381961e+02
4.670298414383473595e-01 -1.320224620671613138e+02
4.757253570304930124e-01 -1.265180906362789699e+02
4.845827723230530792e-01 -1.195447426091564580e+02
4.936051016873679309e-01 -1.143516642096489591e+02
5.027954156186282830e-01 -1.085521918968157848e+02
5.121568417808332052e-01 -1.032512359665585251e+02
5.216925660711994039e-01 -9.757460501664276364e+01
5.314058337043928715e-01 -9.266177160472241781e+01
5.412999503169476645e-01 -8.756527632918691495e+01
5.513782830922426825e-01 -8.275557687489589398e+01
5.616442619064294650e-01 -7.810445964225937132e+01
5.721013804956951443e-01 -7.364784509269385637e+01
5.827531976452537954e-01 -6.893219154666297754e+01
5.936033384004799629e-01 -6.468713622798838969e+01
6.046554953005927047e-01 -6.068795881192007613e+01
6.159134296353031557e-01 -5.629804420203787885e+01
6.273809727248653711e-01 -5.245326803683950345e+01
6.390620272239599942e-01 -4.875801494307852835e+01
6.509605684498487310e-01 -4.493878961014111439e+01
6.630806457352632632e-01 -4.126266317175724652e+01
6.754263838064833436e-01 -3.763096977753210837e+01
6.880019841870665953e-01 -3.420358999238915487e+01
7.008117266277236190e-01 -3.084723113947590534e+01
7.138599705628055903e-01 -2.776774303674552158e+01
7.271511565939169364e-01 -2.438836320681371461e+01
7.406898080011508068e-01 -2.158367613263240870e+01
7.544805322824555960e-01 -1.856099658957418796e+01
7.685280227216687576e-01 -1.590426313637543387e+01
7.828370599857461531e-01 -1.307716174775111106e+01
7.974125137517225070e-01 -1.038483229316836898e+01
8.122593443639704036e-01 -7.749709589268610088e+00
8.273826045223166004e-01 -5.370293938178804183e+00
8.427874410015804285e-01 -3.256217061078743757e+00
8.584790964031362437e-01 -5.064157831047415570e-01
8.744629109390869015e-01 1.755688147792327847e+00
8.907443242496495550e-01 3.523443967396767462e+00
9.073288772543862679e-01 5.407629086444767808e+00
9.242222140379020567e-01 7.144858867487118737e+00
9.414300837706444103e-01 9.517058009510199312e+00
9.589583426654740839e-01 1.075260676088161205e+01
9.768129559706647536e-01 1.279546065078495332e+01
9.949999999999999956e-01 1.419234170000000006e+01
