4.999999999999999562e-06 -3.672273085984635211e-07
5.123761999065976960e-06 -3.672404177720271496e-07
5.250587404614506112e-06 -3.672538425623618200e-07
5.380552043307652942e-06 -3.672676149103829711e-07
5.513733618699310417e-06 -3.672817173992126354e-07
5.650211757692813556e-06 -3.672961622984221093e-07
5.790068058148432163e-06 -3.673109718026917254e-07
5.933386137669335411e-06 -3.673261483850859509e-07
6.080251683594999357e-06 -3.673416945607906133e-07
6.230752504232185491e-06 -3.673576227656844638e-07
6.384978581354009775e-06 -3.673739355924618210e-07
6.543022123998374620e-06 -3.673906653178108777e-07
6.704977623598166200e-06 -3.674077948443043603e-07
6.870941910475984582e-06 -3.674253466365041861e-07
7.041014211737327779e-06 -3.674433333075808312e-07
7.215296210596642166e-06 -3.674617576150434381e-07
7.393892107171950133e-06 -3.674806322262746564e-07
7.576908680784301237e-06 -3.674999698268639499e-07
7.764455353799146875e-06 -3.675197831226193532e-07
7.956644257048090408e-06 -3.675400749454746645e-07
8.153590296869894907e-06 -3.675608678942720927e-07
8.355411223811010571e-06 -3.675821746896725541e-07
8.562227703026441153e-06 -3.676039882732693958e-07
8.774163386423352733e-06 -3.676263411091763318e-07
8.991344986590405812e-06 -3.676492260994433998e-07
9.213902352556863231e-06 -3.676726756385391475e-07
9.441968547427095101e-06 -3.676966924305524667e-07
9.675679927936606776e-06 -3.677212889944959043e-07
9.915176225977406565e-06 -3.677464777825996533e-07
1.016060063214109063e-05 -3.677722711507096040e-07
1.041209988133003337e-05 -3.677986813330744556e-07
1.066982434048764078e-05 -3.678257303325449243e-07
1.093392809849995580e-05 -3.678534301026162978e-07
1.120456905832275983e-05 -3.678817825467477385e-07
1.148190903138890201e-05 -3.679108091262389186e-07
1.176611383435258073e-05 -3.679405310454873287e-07
1.205735338822804823e-05 -3.679709494874362072e-07
1.235580181998243229e-05 -3.680020751924829659e-07
1.266163756664324628e-05 -3.680339383443550892e-07
1.297504348198257679e-05 -3.680665489449472671e-07
1.329620694584220651e-05 -3.680999066218480707e-07
1.362531997616465331e-05 -3.681340303028972969e-07
1.396257934379740028e-05 -3.681689481951337224e-07
1.430818669013854015e-05 -3.682046582281615435e-07
1.466234864769466291e-05 -3.682411674856252360e-07
1.502527696362286941e-05 -3.682785118548734661e-07
1.539718862633045865e-05 -3.683166769321775638e-07
1.577830599520857935e-05 -3.683556867992587196e-07
1.616885693357688857e-05 -3.683955446770047141e-07
1.656907494491914346e-05 -3.684362722994764512e-07
1.697919931249058204e-05 -3.684778701361404068e-07
1.739947524238128659e-05 -3.685203470771480870e-07
1.783015401012046991e-05 -3.685637002455014761e-07
1.827149311090982359e-05 -3.686079545549937279e-07
1.872375641357511034e-05 -3.686530932206342477e-07
1.918721431832876771e-05 -3.686991167578900175e-07
1.966214391843751331e-05 -3.687460429925969940e-07
2.014882916589126916e-05 -3.687938569960883729e-07
2.064756104117318597e-05 -3.688425407031938505e-07
2.115863772723162149e-05 -3.688921119854840272e-07
2.168236478775862429e-05 -3.689425250447464422e-07
2.221905534988077803e-05 -3.689937892474256337e-07
2.276903029137250381e-05 -3.690458789036555270e-07
2.333261843250331711e-05 -3.690987629287241387e-07
2.391015673263337520e-05 -3.691524049770070615e-07
2.450199049167568635e-05 -3.692067730379678836e-07
2.510847355654470702e-05 -3.692618279847815438e-07
2.572996853271535312e-05 -3.693175171856014560e-07
2.636684700101806408e-05 -3.693737663675736342e-07
2.701948973980056258e-05 -3.694305210871682969e-07
2.768828695258864362e-05 -3.694877168448491193e-07
2.837363850138160308e-05 -3.695452871086961649e-07
2.907595414572287904e-05 -3.696030969370134509e-07
2.979565378768789260e-05 -3.696609722981345489e-07
3.053316772293630235e-05 -3.697187476506339181e-07
3.128893689797778083e-05 -3.697763335955210774e-07
3.206341317380630650e-05 -3.698336039365609059e-07
3.285705959606004153e-05 -3.698904064720054860e-07
3.367035067186771141e-05 -3.699464568453039504e-07
3.450377265354828411e-05 -3.700015237317276461e-07
3.535782382933243717e-05 -3.700553248476171863e-07
3.623301482128061320e-05 -3.701075712819428575e-07
3.712986889057438877e-05 -3.701579296178336458e-07
3.804892225036534233e-05 -3.702060231005099921e-07
3.899072438636757865e-05 -3.702514423715808733e-07
3.995583838538506135e-05 -3.702937186444903261e-07
4.094484127197153920e-05 -3.703323331417594877e-07
4.195832435342312851e-05 -3.703667145927006030e-07
4.299689357331079695e-05 -3.703962172835021622e-07
4.406116987376280605e-05 -3.704201462173489763e-07
4.515178956671521334e-05 -3.704376956210780447e-07
4.626940471435182138e-05 -3.704480176916487153e-07
4.741468351896001608e-05 -3.704501301467583382e-07
4.858831072243744765e-05 -3.704429626326794792e-07
4.979098801568689975e-05 -3.704253147143719283e-07
5.102343445814520976e-05 -3.703958901928382751e-07
5.228638690769549170e-05 -3.703532398863047575e-07
5.358060046122220619e-05 -3.702957435892561947e-07
5.490684890606946876e-05 -3.702215586120671487e-07
5.626592518267521946e-05 -3.701287170501807705e-07
5.765864185865614614e-05 -3.700151206718874516e-07
5.908583161462733449e-05 -3.698784623168827086e-07
6.054834774204774630e-05 -3.697160900155668863e-07
6.204706465338730972e-05 -3.695249819193743312e-07
6.358287840492302014e-05 -3.693018228045232190e-07
6.515670723247547508e-05 -3.690427870408146262e-07
6.676949210040503222e-05 -3.687436992762308143e-07
6.842219726419826551e-05 -3.684003313497527944e-07
7.011581084697889076e-05 -3.680082934726510281e-07
7.185134543028970562e-05 -3.675624706520709010e-07
7.362983865949625619e-05 -3.670564100365589542e-07
7.545235386417703733e-05 -3.664829061697243227e-07
7.731998069386987167e-05 -3.658350087352408465e-07
7.923383576955309797e-05 -3.651059130421111587e-07
8.119506335125414474e-05 -3.642876249108675722e-07
8.320483602218196851e-05 -3.633696645489971548e-07
8.526435538979439111e-05 -3.623402575298121535e-07
8.737485280421698145e-05 -3.611873437084608092e-07
8.953759009444588874e-05 -3.598984083564075178e-07
9.175386032277363401e-05 -3.584596241948918596e-07
9.402498855788703159e-05 -3.568552253151322260e-07
9.635233266710298641e-05 -3.550678026393806331e-07
9.873728412821294149e-05 -3.530777719166391999e-07
1.011812688614235548e-04 -3.508632207752250812e-07
1.036857480818879473e-04 -3.484007369982256211e-07
1.062522191733409059e-04 -3.456666804544745995e-07
1.088822165833587156e-04 -3.426354445686587917e-07
1.115773127407769662e-04 -3.392740520560452861e-07
1.143391189958185199e-04 -3.355419646381943036e-07
1.171692865834914510e-04 -3.313968120141799064e-07
1.200695076108329162e-04 -3.268004759596562121e-07
1.230415160685898021e-04 -3.217130249433505969e-07
1.260870888679409881e-04 -3.160850314649435260e-07
1.292080469028821996e-04 -3.098569429456323679e-07
1.324062561389044445e-04 -3.029639565188798482e-07
1.356836287286228705e-04 -2.953375305620859118e-07
1.390421241550187867e-04 -2.869032934024010431e-07
1.424837504029797966e-04 -2.775786688499273783e-07
1.460105651598378939e-04 -2.672721578991176118e-07
1.496246770456245636e-04 -2.558829498178233761e-07
1.533282468737781135e-04 -2.432977189710720768e-07
1.571234889430542367e-04 -2.293918376134265391e-07
1.610126723614167690e-04 -2.140297108997791430e-07
1.649981224026974289e-04 -1.970638949155959063e-07
1.690822218968356008e-04 -1.783320818044232073e-07
1.732674126545295042e-04 -1.576514727021731392e-07
1.775561969271520133e-04 -1.348208510129001022e-07
1.819511389028033693e-04 -1.096193137565006308e-07
1.864548662393918359e-04 -8.180446970713583734e-08
1.910700716356649820e-04 -5.111034813504328747e-08
1.957995144411266608e-04 -1.724129620637349325e-08
2.006460223058030004e-04 2.012710754967435144e-08
2.056124928708435941e-04 6.135260306736884094e-08
2.107018955009701039e-04 1.068295780609410184e-07
2.159172730598082847e-04 1.569915740820155768e-07
2.212617437291595785e-04 2.123238924165316493e-07
2.267385028733083258e-04 2.733600618857432168e-07
2.323508249494735968e-04 3.406794232169179665e-07
2.381020654655487991e-04 4.149104242688011450e-07
2.439956629862997277e-04 4.967462605594524868e-07
2.500351411892220575e-04 5.869803433542285492e-07
2.562241109712862426e-04 6.864906629464003088e-07
2.625662726078281228e-04 7.962271104165004753e-07
2.690654179648773077e-04 9.172153095815974191e-07
2.757254327662482323e-04 1.050579723777978986e-06
2.825502989167447739e-04 1.197577358999903765e-06
2.895440968828699767e-04 1.359591377612442546e-06
2.967110081324650915e-04 1.538179422917377387e-06
3.040553176347359117e-04 1.735102710749694465e-06
3.115814164221590815e-04 1.952266151955275775e-06
3.192938042158018162e-04 2.191617119388768494e-06
3.271970921156271833e-04 2.455236319380028898e-06
3.352960053573881541e-04 2.745560921844007380e-06
3.435953861377616099e-04 3.065476566511393212e-06
3.521001965094124140e-04 3.418150441005053243e-06
3.608155213477177710e-04 3.807004618564399394e-06
3.697465713909230817e-04 4.235758323459843888e-06
3.788986863555490726e-04 4.708195076434360625e-06
3.882773381289158403e-04 5.228053074933642701e-06
3.978881340406860987e-04 5.799594180339877035e-06
4.077368202153874854e-04 6.428866541435154753e-06
4.178292850079193786e-04 7.123012506251416822e-06
4.281715625240966163e-04 7.889017233013707029e-06
4.387698362283337433e-04 8.733276626436313882e-06
4.496304426406273476e-04 9.662816797415773633e-06
4.607598751250517816e-04 1.068640939084996987e-05
4.721647877720250904e-04 1.181406782637077180e-05
4.838519993766709224e-04 1.305651080769305610e-05
4.958284975156558669e-04 1.442509258411990043e-05
5.081014427249389096e-04 1.593226979597152617e-05
5.206781727809280244e-04 1.759230224864823580e-05
5.335662070876051686e-04 1.942103028084244860e-05
5.467732511722473527e-04 2.143528161607304537e-05
5.603072012924236074e-04 2.365266045211585191e-05
5.741761491570257329e-04 2.609256944671766156e-05
5.883883867641614062e-04 2.877827083332231615e-05
6.029524113587885273e-04 3.173609359048657971e-05
6.178769305130716021e-04 3.499471897687364666e-05
6.331708673324805327e-04 3.858528136815757764e-05
6.488433657907619057e-04 4.254142617659958318e-05
6.649037961969537450e-04 4.689731943876003875e-05
6.813617607977314654e-04 5.168901824153683392e-05
6.982270995184199211e-04 5.695898005642270091e-05
7.155098958461069553e-04 6.275914229874543233e-05
7.332204828583877444e-04 6.914655158069315307e-05
7.513694494013221405e-04 7.618061386875668193e-05
7.699676464203242601e-04 8.392477656346966164e-05
7.890261934477445487e-04 9.244850329145383461e-05
8.085564852510460391e-04 1.018280615656477094e-04
8.285701986455321424e-04 1.121472163761874435e-04
8.490792994757043058e-04 1.235020302492309064e-04
8.700960497694349913e-04 1.359997230649542756e-04
8.916330150692093007e-04 1.497568695949637123e-04
9.137030719448474081e-04 1.648996106782618187e-04
9.363194156921702659e-04 1.815644583813698875e-04
9.594955682222395393e-04 1.998919180121628430e-04
9.832453861458657126e-04 2.200305840115342204e-04
1.007583069058227065e-03 2.421617996458984214e-04
1.032523168028562886e-03 2.665229123699113314e-04
1.058080594299992119e-03 2.933729149854000240e-04
1.084270628204689032e-03 3.229363653190231464e-04
1.111108928299715066e-03 3.554253219399106361e-04
1.138611540728999864e-03 3.911055199495296563e-04
1.166794908817042533e-03 4.303431419241679707e-04
1.195675882900081814e-03 4.735386542451408835e-04
1.225271730400620410e-03 5.210250054313599445e-04
1.255600146151301293e-03 5.731034113189140871e-04
1.286679262974344982e-03 6.302068125602433915e-04
1.318527662522832496e-03 6.930464112057751645e-04
1.351164386390354358e-03 7.624107774540516986e-04
1.384608947495639519e-03 8.388660220052590122e-04
1.418881341748978167e-03 9.228471427762268992e-04
1.454002060007432212e-03 1.014930935358784826e-03
1.489992100325944696e-03 1.116006802598021796e-03
1.526872980511715522e-03 1.227076355345837512e-03
1.564666750989305395e-03 1.349129249368439436e-03
1.603396007984204865e-03 1.483178509464221388e-03
1.643083907032711569e-03 1.630364680786520505e-03
1.683754176826210988e-03 1.792025522021485759e-03
1.725431133398151393e-03 1.969631452952112782e-03
1.768139694662155658e-03 2.164736284297629279e-03
1.811905395310014913e-03 2.379000008106796956e-03
1.856754402078412839e-03 2.614242719099255530e-03
1.902713529393566631e-03 2.872480855569641348e-03
1.949810255403092510e-03 3.155919333111438692e-03
1.998072738404696805e-03 3.467005680551638915e-03
2.047529833681536321e-03 3.808437753046829341e-03
2.098211110754265567e-03 4.183142902108515429e-03
2.150146871060144502e-03 4.594274877423975244e-03
2.203368166069714223e-03 5.045268605953632211e-03
2.257906815851936852e-03 5.539976521633002693e-03
2.313795428098843702e-03 6.082675762809356540e-03
2.371067417621087591e-03 6.677958902065736675e-03
2.429757026326086113e-03 7.330632133513421793e-03
2.489899343690627886e-03 8.045907759182768446e-03
2.551530327740271758e-03 8.829803806847972766e-03
2.614686826547989954e-03 9.689136899184491725e-03
2.679406600264998793e-03 1.063122143972933774e-02
2.745728343696873276e-03 1.166365971001433362e-02
2.813691709438478558e-03 1.279465985857555776e-02
2.883337331581573536e-03 1.403336457100242372e-02
2.954706850009189856e-03 1.538988840529063873e-02
3.027842935291405295e-03 1.687528426284722743e-02
3.102789314197294378e-03 1.850171591677067517e-02
3.179590795838413766e-03 2.028242797445323556e-02
3.258293298459362906e-03 2.223157555768190061e-02
3.338943876891481335e-03 2.436433404786708320e-02
3.421590750686120432e-03 2.669738024302210216e-02
3.506283332944231876e-03 2.924950121644993850e-02
3.593072259859611366e-03 3.204122824604298259e-02
3.682009420993354737e-03 3.509425925907785904e-02
3.773147990297731104e-03 3.843161813927886000e-02
3.866542457907936117e-03 4.207855591910010518e-02
3.962248662720765230e-03 4.606350079245687124e-02
4.060323825779728682e-03 5.041754031259732677e-02
4.160826584486468187e-03 5.517414728889263181e-02
4.263817027659050872e-03 6.036939521992343988e-02
4.369356731457973639e-03 6.604219709075190292e-02
4.477508796201494327e-03 7.223399108397389468e-02
4.588337884092174093e-03 7.898955232636820090e-02
4.701910257877250920e-03 8.635865721124816319e-02
4.818293820465994158e-03 9.439646305000168325e-02
4.937558155527612368e-03 1.031622207507043310e-01
5.059774569094136788e-03 1.127177659148069083e-01
5.185016132192988951e-03 1.231295113177038880e-01
5.313357724534893342e-03 1.344710608253673612e-01
5.444876079283111729e-03 1.468238267088657623e-01
5.579649828930826651e-03 1.602763216159878434e-01
5.717759552314150354e-03 1.749252872219572152e-01
5.859287822788742869e-03 1.908754901727438835e-01
6.004319257598997837e-03 2.082334842951142906e-01
6.152940568469151932e-03 2.271072780706911154e-01
6.305240613446724124e-03 2.476157291957340467e-01
6.461310450029155925e-03 2.698993795123109662e-01
6.621243389605450079e-03 2.941131768321886275e-01
6.785135053245442208e-03 3.204138041205908394e-01
6.953083428869894118e-03 3.489585377046247050e-01
7.125188929835786673e-03 3.799199010337547255e-01
7.301554454971629846e-03 4.135015207554992300e-01
7.482285450098899102e-03 4.499280312478292077e-01
7.667489971076203378e-03 4.894288461796434397e-01
7.857278748403940041e-03 5.322362953684751652e-01
8.051765253428159325e-03 5.785995334917272137e-01
8.251065766183000860e-03 6.287878502374916190e-01
8.455299444912533352e-03 6.830909899922418260e-01
8.664588397313290752e-03 7.418183880546868059e-01
8.879057753540356077e-03 8.053002261153897612e-01
9.098835741020440751e-03 8.738907052236168926e-01
9.324053761116762179e-03 9.479693306495500238e-01
9.554846467691655021e-03 1.027942891639469503e+00
9.791351847613647894e-03 1.114236948433699359e+00
1.003371130325745285e-02 1.207294218138186936e+00
1.028206973704584928e-02 1.307585316038448298e+00
1.053657563808435733e-02 1.415603641647154243e+00
1.079738117094019775e-02 1.531872680268107079e+00
1.106464226661876826e-02 1.656949077022276562e+00
1.133851871579209802e-02 1.791424308117164799e+00
1.161917426433477230e-02 1.935927160393092095e+00
1.190677671122477958e-02 2.091118740566940470e+00
1.220149800886744830e-02 2.257699212815978296e+00
1.250351436590284478e-02 2.436381079698211050e+00
1.281300635255769489e-02 2.627877127268800184e+00
1.313015900860520398e-02 2.832939597275517141e+00
1.345516195399703088e-02 3.052378295102120109e+00
1.378820950223364969e-02 3.287054115063790860e+00
1.412950077654103950e-02 3.537848331465118790e+00
1.447923982892282586e-02 3.805650332138019287e+00
1.483763576215946928e-02 4.091387535328529168e+00
1.520490285482699322e-02 4.396010891260026199e+00
1.558126068941045363e-02 4.720507269414629725e+00
1.596693428358837014e-02 5.065886189090870850e+00
1.636215422476675063e-02 5.433168586060641125e+00
1.676715680794334598e-02 5.823408361134141842e+00
1.718218417698408329e-02 6.237671021027398233e+00
1.760748446939675721e-02 6.677047308768601752e+00
1.804331196468788104e-02 7.142646705963326959e+00
1.848992723639203070e-02 7.635586964528843446e+00
1.894759730786409885e-02 8.157009858239685940e+00
1.941659581192775944e-02 8.708068335133516413e+00
1.989720315447581628e-02 9.289931377704190751e+00
2.038970668211975701e-02 9.903742840523783286e+00
2.089440085398936928e-02 1.055058672804071662e+01
2.141158741778446950e-02 1.123155057329464412e+01
2.194157559018463516e-02 1.194780203167972843e+01
2.248468224172433735e-02 1.270054592051677567e+01
2.304123208624413513e-02 1.349097436719572407e+01
2.361155787503147960e-02 1.432025067823596842e+01
2.419600059576663964e-02 1.518952974932883393e+01
2.479490967639337226e-02 1.610000767653516007e+01
2.540864319403550800e-02 1.705289020576913828e+01
2.603756808908508011e-02 1.804943961814034736e+01
2.668206038458941637e-02 1.909103472501121956e+01
2.734250541106857113e-02 2.017907343614750104e+01
2.801929803689780576e-02 2.131502963448358301e+01
2.871284290439215722e-02 2.250041648958570661e+01
2.942355467173514774e-02 2.373691279001441501e+01
3.015185826089532284e-02 2.502651485394411779e+01
3.089818911167977605e-02 2.637132963109053563e+01
3.166299344207579997e-02 2.777369779834497976e+01
3.244672851503661859e-02 2.923613555043399614e+01
3.324986291187101428e-02 3.076141783789420359e+01
3.407287681239955929e-02 3.235273764805754126e+01
3.491626228204582766e-02 3.401353462549559481e+01
3.578052356603339534e-02 3.574771113955356583e+01
3.666617739086527883e-02 3.755955956494955927e+01
3.757375327326552966e-02 3.945373469974310865e+01
3.850379383676772599e-02 4.143534721295963408e+01
3.945685513614025780e-02 4.350981737426612739e+01
4.043350698984130021e-02 4.568223608464457897e+01
4.143433332070348835e-02 4.795762588024229700e+01
4.245993250505070843e-02 5.034196084899183177e+01
4.351091773045697580e-02 5.284301323626387159e+01
4.458791736236030617e-02 5.546926453526783263e+01
4.569157531975112652e-02 5.822894384181726224e+01
4.682255146016035124e-02 6.113034396723714536e+01
4.798152197417611398e-02 6.417900729910579116e+01
4.916917978972654840e-02 6.737336806424882241e+01
5.038623498636865539e-02 7.071090725609737149e+01
5.163341521983287608e-02 7.419802771746655878e+01
5.291146615707491285e-02 7.784728427565666209e+01
5.422115192209719936e-02 8.166461946313062015e+01
5.556325555280485634e-02 8.563816226547500321e+01
5.693857946917063595e-02 8.975179482251175500e+01
5.834794595298695846e-02 9.399547453834256316e+01
5.979219763949389366e-02 9.836272943224123821e+01
6.127219802117625513e-02 1.028415874535964747e+02
6.278883196402970657e-02 1.074080500505448725e+02
6.434300623660692275e-02 1.120333967936255988e+02
6.593565005215822061e-02 1.166945955205009398e+02
6.756771562419218446e-02 1.213717845857868411e+02
6.924017873578650062e-02 1.260431803232973209e+02
7.095403932299181038e-02 1.306859788051630176e+02
7.271032207267555392e-02 1.352756035382977302e+02
7.451007703516462910e-02 1.397911590816694911e+02
7.635438025205103230e-02 1.442171960804154480e+02
7.824433439953840108e-02 1.485481298433744826e+02
8.018106944771315192e-02 1.528023041874879766e+02
8.216574333613255177e-02 1.570068583695037887e+02
8.419954266613691174e-02 1.612022668674323143e+02
8.628368341029717115e-02 1.654128615263149129e+02
8.841941163942404480e-02 1.696362661728428236e+02
9.060800426757058268e-02 1.738598827428453717e+02
9.285076981547703279e-02 1.780919241089838749e+02
9.514904919291271301e-02 1.824645393307484653e+02
9.750421650038110233e-02 1.873254105183847287e+02
9.991767985067090407e-02 1.929079784267458706e+02
1.023908822107413852e-01 1.991706899402904298e+02
1.049253022644474620e-01 2.056899820558858494e+02
1.075224552966174696e-01 2.118210740668661458e+02
1.101838940990155641e-01 2.176278170618305410e+02
1.129112098987292007e-01 2.236958373931525443e+02
1.157060333095341897e-01 2.308426984742709180e+02
1.185700353068107060e-01 2.394839242083543240e+02
1.215049282265893565e-01 2.489315239738797914e+02
1.245124667893275222e-01 2.581912211261060861e+02
1.275944491490242083e-01 2.662612205662219935e+02
1.307527179683050378e-01 2.730807782353809898e+02
1.339891615201185271e-01 2.790510579329332472e+02
1.373057148166993147e-01 2.846278544675024023e+02
1.407043607664788809e-01 2.901005615941244855e+02
1.441871313596305715e-01 2.956537746666622866e+02
1.477561088829618952e-01 3.014943739576759754e+02
1.514134271648750474e-01 3.078220246285436019e+02
1.551612728511458650e-01 3.148456867302721776e+02
1.590018867122817703e-01 3.226917746406993501e+02
1.629375649832365824e-01 3.310954234168918333e+02
1.669706607362902162e-01 3.396666226547840779e+02
1.711035852879079500e-01 3.482747602126002562e+02
1.753388096404254470e-01 3.571153174116668083e+02
1.796788659594150406e-01 3.663669138450391642e+02
1.841263490876236808e-01 3.760258036647553581e+02
1.886839180963845730e-01 3.859698358903157214e+02
1.933542978754265451e-01 3.955065608144148541e+02
1.981402807620387951e-01 4.037270248552986800e+02
2.030447282105591889e-01 4.113630387709102365e+02
2.080705725031885833e-01 4.203407183844968813e+02
2.132208185031480019e-01 4.305404289808118392e+02
2.184985454512342884e-01 4.401650533644749999e+02
2.239069088068449398e-01 4.495363492285865732e+02
2.294491421345686843e-01 4.602986654076540844e+02
2.351285590374782575e-01 4.713502424908386956e+02
2.409485551382739843e-01 4.810938363298615741e+02
2.469126101094683556e-01 4.918495848086714091e+02
2.530242897538175773e-01 5.045702809254293584e+02
2.592872481362533676e-01 5.161344605705269259e+02
2.657052297685851827e-01 5.269619230742567879e+02
2.722820718482741875e-01 5.391120944563825788e+02
2.790217065526279239e-01 5.512400994184000638e+02
2.859281633897781116e-01 5.632463225088200716e+02
2.930055716078546202e-01 5.759966976278166157e+02
3.002581626637861323e-01 5.885731686371209435e+02
3.076902727532150328e-01 6.020757572515907441e+02
3.153063454030338164e-01 6.164625129658310243e+02
3.231109341280872793e-01 6.293074614941682512e+02
3.311087051536407699e-01 6.435952893307739942e+02
3.393044402052324826e-01 6.591323662087759203e+02
3.477030393675849540e-01 6.739921010530555350e+02
3.563095240142746811e-01 6.882443022547359988e+02
3.651290398099246715e-01 7.036380574881716257e+02
3.741668597867081059e-01 7.202383790633695071e+02
3.834283874969965922e-01 7.367080882178155434e+02
3.929191602440511577e-01 7.548133007145881948e+02
4.026448523926761669e-01 7.717289853096679053e+02
4.126112787618247957e-01 7.891813254023569471e+02
4.228243981011713393e-01 8.063748878595941960e+02
4.332903166537444561e-01 8.268413989319200255e+02
4.440152918067440391e-01 8.459228783631181159e+02
4.550057358327172508e-01 8.671653943343874289e+02
4.662682197233459225e-01 8.877544893060224922e+02
4.778094771181241596e-01 9.088641278942055806e+02
4.896364083302858772e-01 9.310111466669292213e+02
5.017560844723741864e-01 9.518428576746350700e+02
5.141757516839369213e-01 9.751123347579814435e+02
5.269028354638680689e-01 9.996077617916090503e+02
5.399449451099761488e-01 1.023224365332945695e+03
5.533098782684522376e-01 1.050401716728302972e+03
5.670056255959423641e-01 1.075486731650873935e+03
5.810403755370241452e-01 1.102151851742188001e+03
5.954225192199259498e-01 1.128668442581863019e+03
6.101606554734363419e-01 1.158070453835238368e+03
6.252635959679964106e-01 1.187750978714318080e+03
6.407403704840325398e-01 1.217363291493174756e+03
6.566002323107084093e-01 1.248131993411627263e+03
6.728526637782987763e-01 1.277499399376093606e+03
6.895073819275129301e-01 1.312799433982819664e+03
7.065743443191324635e-01 1.345098020025624237e+03
7.240637549874646695e-01 1.379687649827849327e+03
7.419860705411580604e-01 1.416121443510396375e+03
7.603520064150147695e-01 1.451954031647538386e+03
7.791725432765645998e-01 1.490088295628291917e+03
7.984589335912090080e-01 1.528293765975303813e+03
8.182227083498763154e-01 1.566254047156826800e+03
8.384756839631881675e-01 1.607840951834723001e+03
8.592299693262859250e-01 1.648405119365683959e+03
8.804979730585298370e-01 1.691531683939109143e+03
9.022924109223828815e-01 1.736424232215295433e+03
9.246263134259459227e-01 1.781803667326653112e+03
9.475130336136640130e-01 1.825281814548594411e+03
9.709662550498833200e-01 1.874161685876470074e+03
9.949999999999999956e-01 1.922024634750000132e+03
