1.000000000000000082e-05 -2.865239678200834561e+01
1.023329932612785223e-05 -2.929381603948072410e+01
1.047204150981285218e-05 -2.994959420398561178e+01
1.071635353255507509e-05 -3.062005268618108289e+01
1.096636533832436787e-05 -3.130552008916048123e+01
1.122220990267463508e-05 -3.200633235291086720e+01
1.148402330347056493e-05 -3.272283292145272071e+01
1.175194479326418730e-05 -3.345537296595461640e+01
1.202611687336021225e-05 -3.420431150409547882e+01
1.230668536960915986e-05 -3.497001558714700309e+01
1.259379950996888990e-05 -3.575286038191938331e+01
1.288761200387539213e-05 -3.655322961465937937e+01
1.318827912346549900e-05 -3.737151557474013686e+01
1.349596078669454996e-05 -3.820811931917141635e+01
1.381082064239292598e-05 -3.906345084941960266e+01
1.413302615730718577e-05 -3.993792933762527042e+01
1.446274870517189221e-05 -4.083198345679820562e+01
1.480016365785919885e-05 -4.174605139676026511e+01
1.514545047865524628e-05 -4.268058115525398222e+01
1.549879281771251506e-05 -4.363603067710902650e+01
1.586037860972926871e-05 -4.461286829435482559e+01
1.623040017390750873e-05 -4.561157277952752764e+01
1.660905431624327529e-05 -4.663263358575823503e+01
1.699654243420331947e-05 -4.767655108537228870e+01
1.739307062384362726e-05 -4.874383675978963737e+01
1.779884978942727374e-05 -4.983501376227616930e+01
1.821409575559969994e-05 -5.095061684059418639e+01
1.863902938218065417e-05 -5.209119270827053327e+01
1.907387668163465472e-05 -5.325730017789480542e+01
1.951886893928172283e-05 -5.444951072862236430e+01
1.997424283631295334e-05 -5.566840867909388635e+01
2.044024057567553831e-05 -5.691459133899896727e+01
2.091711001089512464e-05 -5.818866936552107916e+01
2.140510477790352254e-05 -5.949126680856203819e+01
2.190448442994161798e-05 -6.082302221602354564e+01
2.241551457560991028e-05 -6.218458816754092311e+01
2.293846702013979438e-05 -6.357663184275757828e+01
2.347361990996024836e-05 -6.499983515898777853e+01
2.402125788063770440e-05 -6.645489543958530021e+01
2.458167220826731813e-05 -6.794252584079497126e+01
2.515516096439576895e-05 -6.946345527867227077e+01
2.574202917455888540e-05 -7.101842897265932208e+01
2.634258898051763988e-05 -7.260820828130376015e+01
2.695715980627941171e-05 -7.423357244945925970e+01
2.758606852799199322e-05 -7.589531781872291560e+01
2.822964964780166257e-05 -7.759425850092313226e+01
2.888824547176740943e-05 -7.933122655161194814e+01
2.956220629192533744e-05 -8.110707262275998630e+01
3.025189057260121138e-05 -8.292266711049232697e+01
3.095766514106928618e-05 -8.477889943083849289e+01
3.167990538265959722e-05 -8.667667888674169774e+01
3.241899544041645681e-05 -8.861693431467080018e+01
3.317532841941549644e-05 -9.060061650877328532e+01
3.394930659584747493e-05 -9.262869725035231738e+01
3.474134163097937695e-05 -9.470216984875163746e+01
3.555185479010780164e-05 -9.682204950164039303e+01
3.638127716662054278e-05 -9.898937356369734175e+01
3.723004991128485680e-05 -1.012052044197189673e+02
3.809862446688568581e-05 -1.034706272080470768e+02
3.898746280833793610e-05 -1.057867513183899888e+02
3.989703768839992799e-05 -1.081547097295073598e+02
4.082783288911996444e-05 -1.105756623130235567e+02
4.178034347914918567e-05 -1.130507948944719772e+02
4.275507607705675663e-05 -1.155813192156230116e+02
4.375254912078899112e-05 -1.181684738153022920e+02
4.477329314341448350e-05 -1.208135229305566298e+02
4.581785105530281483e-05 -1.235177633766322174e+02
4.688677843288566047e-05 -1.262825188067691755e+02
4.798064381415537388e-05 -1.291091424273979271e+02
4.910002900105766649e-05 -1.319990158150957313e+02
5.024552936893814076e-05 -1.349535532216400497e+02
5.141775418320918283e-05 -1.379742018381683977e+02
5.261732692340410049e-05 -1.410624395647795097e+02
5.384488561479199931e-05 -1.442197772089774048e+02
5.510108316772822435e-05 -1.474477543858372712e+02
5.638658772492267614e-05 -1.507479540116861187e+02
5.770208301681002395e-05 -1.541219903528572956e+02
5.904826872520953907e-05 -1.575715135443874431e+02
6.042586085547017893e-05 -1.610982079043555188e+02
6.183559211729784027e-05 -1.647037962820873815e+02
6.327821231446605662e-05 -1.683900451413812505e+02
6.475448874361994017e-05 -1.721587564646717396e+02
6.626520660238394015e-05 -1.760117722418281119e+02
6.781116940698985189e-05 -1.799509674797044738e+02
6.939319941964907929e-05 -1.839782717452129077e+02
7.101213808589490874e-05 -1.880956538152550479e+02
7.266884648212862982e-05 -1.923051249390736075e+02
7.436420577360552009e-05 -1.966087377595812598e+02
7.609911768310687551e-05 -2.010085878307920666e+02
7.787450497054616556e-05 -2.055068315703158248e+02
7.969131192376301641e-05 -2.101056651154710266e+02
8.155050486076884911e-05 -2.148073332512495881e+02
8.345307264370901632e-05 -2.196141180702754525e+02
8.540002720481662166e-05 -2.245283688347904558e+02
8.739240408463500823e-05 -2.295524864115207890e+02
8.943126298279865569e-05 -2.346889204916105882e+02
9.151768832166360789e-05 -2.399401716859693749e+02
9.365278982308589822e-05 -2.453087825379774927e+02
9.583770309865763447e-05 -2.507973865446817570e+02
9.807359025371342699e-05 -2.564086578788600832e+02
1.003616405054264579e-04 -2.621453298126663753e+02
1.027030708153265260e-04 -2.680101784944421297e+02
1.050991265365740972e-04 -2.740060585850656025e+02
1.075510820763349464e-04 -2.801358975535306399e+02
1.100602415736078515e-04 -2.864026759458677134e+02
1.126279395928668671e-04 -2.928094389703899196e+02
1.152555418338852884e-04 -2.993592586983701835e+02
1.179444458581197462e-04 -3.060553535597347263e+02
1.206960818320418458e-04 -3.129009756561057429e+02
1.235119132878105888e-04 -3.198994486709353851e+02
1.263934379016913698e-04 -3.270541447131809605e+02
1.293421882906359407e-04 -3.343685241281233402e+02
1.323597328274465099e-04 -3.418461568115185969e+02
1.354476764749570981e-04 -3.494906635736398357e+02
1.386076616396760268e-04 -3.573057442532368668e+02
1.418413690453452537e-04 -3.652951084535847599e+02
1.451505186268783453e-04 -3.734626716109747235e+02
1.485368704451540814e-04 -3.818123889694305717e+02
1.520022256231533925e-04 -3.903482943155438534e+02
1.555484273039349204e-04 -3.990744764010085532e+02
1.591773616309604311e-04 -4.079951060926683795e+02
1.628909587512913373e-04 -4.171145434906875380e+02
1.666911938421909223e-04 -4.264371778226709466e+02
1.705800881616739619e-04 -4.359674920632678550e+02
1.745597101235685841e-04 -4.457099553432466337e+02
1.786321763976585718e-04 -4.556693038554932969e+02
1.827996530354910893e-04 -4.658503472884376606e+02
1.870643566224494225e-04 -4.762579674724267988e+02
1.914285554567049887e-04 -4.868971140493322309e+02
1.958945707556727098e-04 -4.977727612884473274e+02
2.004647778906130321e-04 -5.088902470379008491e+02
2.051416076500375666e-04 -5.202548778351758756e+02
2.099275475325913397e-04 -5.318720704675658908e+02
2.148251430700939704e-04 -5.437471877814758727e+02
2.198369991814509575e-04 -5.558859122861329070e+02
2.249657815581508917e-04 -5.682940915410613343e+02
2.302142180820850937e-04 -5.809776097172729123e+02
2.355851002764449320e-04 -5.939424496948643082e+02
2.410812847904703722e-04 -6.071944484878130197e+02
2.467056949188356951e-04 -6.207401519551067395e+02
2.524613221564822574e-04 -6.345859520908035165e+02
2.583512277897273275e-04 -6.487383685940176292e+02
2.643785445244920202e-04 -6.632038158390469107e+02
2.705464781525146337e-04 -6.779890217822121485e+02
2.768583092564388688e-04 -6.931010979366319589e+02
2.833173949546809373e-04 -7.085470960228307149e+02
2.899271706870034759e-04 -7.243342111515758006e+02
2.966911520417464033e-04 -7.404692067455720235e+02
3.036129366256896380e-04 -7.569600510096494190e+02
3.106962059775367929e-04 -7.738144168642547811e+02
3.179447275260404056e-04 -7.910400982426911014e+02
3.253623565938129560e-04 -8.086447527118767766e+02
3.329530384478835846e-04 -8.266361942823939444e+02
3.407208103980947987e-04 -8.450230815572678011e+02
3.486698039444555142e-04 -8.638138003253170609e+02
3.568042469745923151e-04 -8.830168988551453140e+02
3.651284660124650989e-04 -9.026402362557780634e+02
3.736468885195451503e-04 -9.226932522638220462e+02
3.823640452496825820e-04 -9.431851786884235480e+02
3.912845726589096480e-04 -9.641252441414285386e+02
4.004132153714640607e-04 -9.855225312386004362e+02
4.097548287033484773e-04 -1.007385890294094565e+03
4.193143812447609710e-04 -1.029725893987645804e+03
4.290969575027729372e-04 -1.052552415829864685e+03
4.391077606056628668e-04 -1.075875507156043568e+03
4.493521150703439632e-04 -1.099704216193584216e+03
4.598354696343475963e-04 -1.124049455133713309e+03
4.705634001538848681e-04 -1.148922329078201528e+03
4.815416125695175611e-04 -1.174333633953772051e+03
4.927759459410162562e-04 -1.200294093449542515e+03
5.042723755530211351e-04 -1.226813254903093821e+03
5.160370160931617486e-04 -1.253904142415624619e+03
5.280761249043179444e-04 -1.281578242714526823e+03
5.403961053127564074e-04 -1.309847227073460999e+03
5.530035100339133688e-04 -1.338721448093218214e+03
5.659050446576382749e-04 -1.368213085864563254e+03
5.791075712147361393e-04 -1.398335503306658893e+03
5.926181118267290259e-04 -1.429101153033363289e+03
6.064438524407619879e-04 -1.460522683818205451e+03
6.205921466516427579e-04 -1.492609651722733361e+03
6.350705196130486093e-04 -1.525378144039969584e+03
6.498866720399868293e-04 -1.558841337619889146e+03
6.650484843046270073e-04 -1.593012581830964109e+03
6.805640206276880729e-04 -1.627903648543567442e+03
6.964415333676175508e-04 -1.663527446268345784e+03
7.126894674098287977e-04 -1.699900011956341586e+03
7.293164646583418951e-04 -1.737035432648143114e+03
7.463313686322149568e-04 -1.774947981505315056e+03
7.637432291692113811e-04 -1.813647907367970447e+03
7.815613072392000715e-04 -1.853153154198973425e+03
7.997950798698500547e-04 -1.893479157688288524e+03
8.184542451872499867e-04 -1.934640879016798635e+03
8.375487275741164313e-04 -1.976651640673519296e+03
8.570886829483437015e-04 -2.019524102360765255e+03
8.770845041647084422e-04 -2.063277378511974348e+03
8.975468265425891887e-04 -2.107926988754673403e+03
9.184865335226468936e-04 -2.153488602581341183e+03
9.399147624554789887e-04 -2.199972988090437411e+03
9.618429105253273066e-04 -2.247399076565841369e+03
9.842826408119683280e-04 -2.295784710797778644e+03
1.007245888494044759e-03 -2.345146119512662608e+03
1.030744867197114787e-03 -2.395498222445745341e+03
1.054792075489797499e-03 -2.446851484183613593e+03
1.079400303531473284e-03 -2.499228094266532025e+03
1.104582639875081309e-03 -2.552644205560293813e+03
1.130352478428619254e-03 -2.607116012931011937e+03
1.156723525579052411e-03 -2.662653633102307140e+03
1.183709807482434886e-03 -2.719274999925375596e+03
1.211325677524091810e-03 -2.777000135333244543e+03
1.239585823952863916e-03 -2.835845391452957756e+03
1.268505277693448164e-03 -2.895826534508566965e+03
1.298099420340997293e-03 -2.956949185216745718e+03
1.328383992342248125e-03 -3.019239727217769087e+03
1.359375101367493949e-03 -3.082714125524445535e+03
1.391089230877894144e-03 -3.147388244683743324e+03
1.423543248892646497e-03 -3.213271289427477768e+03
1.456754416960695780e-03 -3.280378064747728786e+03
1.490740399341765983e-03 -3.348730904776178704e+03
1.525519272401564333e-03 -3.418345260917178621e+03
1.561109534226196244e-03 -3.489236396787862759e+03
1.597530114460869819e-03 -3.561405701702048646e+03
1.634800384378135279e-03 -3.634879516175029494e+03
1.672940167181032403e-03 -3.709672652690657287e+03
1.711969748546585644e-03 -3.785798425201282498e+03
1.751909887415302545e-03 -3.863263447488865495e+03
1.792781827032373593e-03 -3.942074564589378497e+03
1.834607306246462686e-03 -4.022254877423458311e+03
1.877408571072116143e-03 -4.103816125138523603e+03
1.921208386521891954e-03 -4.186769517090542649e+03
1.966030048714563321e-03 -4.271110257713145074e+03
2.011897397265784843e-03 -4.356859600072832109e+03
2.058834827967831287e-03 -4.444030491881669150e+03
2.106867305765175880e-03 -4.532631087873107390e+03
2.156020378032755518e-03 -4.622663549045460059e+03
2.206320188164048908e-03 -4.714122042851014157e+03
2.257793489476143771e-03 -4.807028724067653457e+03
2.310467659439205141e-03 -4.901388477973500812e+03
2.364370714237941113e-03 -4.997205205206191749e+03
2.419531323672752601e-03 -5.094466570491676066e+03
2.475978826408558112e-03 -5.193182492556942634e+03
2.533743245579352620e-03 -5.293361641841253913e+03
2.592855304756815950e-03 -5.395003351990998453e+03
2.653346444291492488e-03 -5.498102860905129091e+03
2.715248838035185918e-03 -5.602637441589695300e+03
2.778595410453487194e-03 -5.708623257280065445e+03
2.843419854137561268e-03 -5.816053899039543467e+03
2.909756647724442979e-03 -5.924921371992283639e+03
2.977641074235454644e-03 -6.035204047608295696e+03
3.047109239842429006e-03 -6.146894101319144283e+03
3.118198093071744732e-03 -6.259989985351010546e+03
3.190945444456424075e-03 -6.374477330655519836e+03
3.265389986646662860e-03 -6.490339663206379555e+03
3.341571314989589311e-03 -6.607539044479653967e+03
3.419529948589112352e-03 -6.726073499903580341e+03
3.499307351857093486e-03 -6.845920031619140900e+03
3.580945956567343439e-03 -6.967052778824351662e+03
3.664489184424080982e-03 -7.089437789283096208e+03
3.749981470156970968e-03 -7.213045572828811601e+03
3.837468285154926276e-03 -7.337853612220899777e+03
3.926996161651287280e-03 -7.463827290813417676e+03
4.018612717473277370e-03 -7.590929160111031706e+03
4.112366681368806107e-03 -7.719116022773960140e+03
4.208307918924199427e-03 -7.848347729749029895e+03
4.306487459086551228e-03 -7.978576234123548602e+03
4.406957521304839982e-03 -8.109749345449414250e+03
4.509771543304288803e-03 -8.241813067983779547e+03
4.614984209508629122e-03 -8.374716492084013225e+03
4.722651480125528330e-03 -8.508397524923677338e+03
4.832830620910526752e-03 -8.642791952444800700e+03
4.945580233625369686e-03 -8.777831872450125957e+03
5.060960287206971511e-03 -8.913466391230553199e+03
5.179032149663486545e-03 -9.049619380246804212e+03
5.299858620714578000e-03 -9.186206100497616717e+03
5.423503965193137745e-03 -9.323144160013545843e+03
5.550033947226261193e-03 -9.460355273344028319e+03
5.679515865213714473e-03 -9.597797421296312677e+03
5.812018587622394712e-03 -9.735341109120747205e+03
5.947612589615873177e-03 -9.872890425188097652e+03
6.086369990538564693e-03 -1.001034528741471877e+04
6.228364592274300907e-03 -1.014766193619495061e+04
6.373671918499910702e-03 -1.028473509074436879e+04
6.522369254854515179e-03 -1.042140596654454021e+04
6.674535690045965350e-03 -1.055754649148044700e+04
6.830252157916367681e-03 -1.069302426602795276e+04
6.989601480488879387e-03 -1.082783007379814080e+04
7.152668412018901682e-03 -1.096170451537351619e+04
7.319539684072899795e-03 -1.109450014708267372e+04
7.490304051658919042e-03 -1.122606409692606758e+04
7.665052340433393605e-03 -1.135632237156387964e+04
7.843877495009168171e-03 -1.148515079040505771e+04
8.026874628390665706e-03 -1.161229457761529011e+04
8.214141072562294171e-03 -1.173758096016134550e+04
8.405776430257074980e-03 -1.186083014344014373e+04
8.601882627933109954e-03 -1.198208632469008262e+04
8.802563969985868764e-03 -1.210099421655657352e+04
9.007927194225360396e-03 -1.221733912005417915e+04
9.218081528647512415e-03 -1.233092610229188722e+04
9.433138749530009873e-03 -1.244166837899653183e+04
9.653213240883596821e-03 -1.254951514884182143e+04
9.878422055290247625e-03 -1.265405791767456867e+04
1.010888497616080871e-02 -1.275508658998588908e+04
1.034472458144503580e-02 -1.285238237795770510e+04
1.058606630882796135e-02 -1.294604718843915543e+04
1.083303852244739234e-02 -1.303563249710321179e+04
1.108577258116778472e-02 -1.312079600319285055e+04
1.134440290844707967e-02 -1.320128976777783464e+04
1.160906706383343402e-02 -1.327697261657051786e+04
1.187990581612995838e-02 -1.334795256329594849e+04
1.215706321826650477e-02 -1.341358074314147780e+04
1.244068668391801885e-02 -1.347361108228726698e+04
1.273092706591058727e-02 -1.352779398583320290e+04
1.302793873645656346e-02 -1.357632777741209247e+04
1.333187966926157632e-02 -1.361880192587851161e+04
1.364291152354719407e-02 -1.365471287468332412e+04
1.396119973003374058e-02 -1.368379907456700857e+04
1.428691357892904711e-02 -1.370586546213447400e+04
1.462022630997014856e-02 -1.372143685825710236e+04
1.496131520456540562e-02 -1.372953349289387188e+04
1.531036168008653893e-02 -1.372992224641212670e+04
1.566755138636032399e-02 -1.372237535661325455e+04
1.603307430441144529e-02 -1.370725023715357929e+04
1.640712484750914135e-02 -1.368439989607830103e+04
1.678990196457106482e-02 -1.365309275636583698e+04
1.718160924597975786e-02 -1.361312599526473969e+04
1.758245503186767200e-02 -1.356430712754091292e+04
1.799265252292845188e-02 -1.350782600403918877e+04
1.841241989381363353e-02 -1.344239418421702794e+04
1.884198040917459127e-02 -1.336780468833581290e+04
1.928156254241203404e-02 -1.328393672227972274e+04
1.973140009719570945e-02 -1.319136398342151915e+04
2.019173233181916632e-02 -1.309056642601037493e+04
2.066280408645590136e-02 -1.298051719851193593e+04
2.114486591338407898e-02 -1.286123317020569993e+04
2.163817421024968532e-02 -1.273275748038855636e+04
2.214299135643851488e-02 -1.259709847267044097e+04
2.265958585262968852e-02 -1.245309401303377490e+04
2.318823246360515733e-02 -1.230045330810207270e+04
2.372921236439063872e-02 -1.213930907100388686e+04
2.428281328980631815e-02 -1.197054302343024028e+04
2.484932968750634338e-02 -1.179589822592015116e+04
2.542906287458872316e-02 -1.161361132388904298e+04
2.602232119785915371e-02 -1.142407131830820072e+04
2.662942019783343106e-02 -1.122772883107026792e+04
2.725068277656639629e-02 -1.102774411805851014e+04
2.788643936939607867e-02 -1.082355397288590393e+04
2.853702812069457834e-02 -1.061452104119543583e+04
2.920279506371953673e-02 -1.040112587234157400e+04
2.988409430466106020e-02 -1.018442919186143081e+04
3.058128821098288555e-02 -9.968427440291350649e+03
3.129474760415727752e-02 -9.749805600996371140e+03
3.202485195689635383e-02 -9.529098459520620963e+03
3.277198959498513198e-02 -9.306920188501842858e+03
3.353655790382303187e-02 -9.087148835686022721e+03
3.431896353978396152e-02 -8.870295189180887974e+03
3.511962264650774629e-02 -8.654757024829450529e+03
3.593896107623718167e-02 -8.441179684450820787e+03
3.677741461631926778e-02 -8.230192600945520098e+03
3.763542922099045313e-02 -8.028527637234573376e+03
3.851346124856937225e-02 -7.830712936199361138e+03
3.941197770418360807e-02 -7.637161544354975376e+03
4.033145648815875811e-02 -7.448287779057034641e+03
4.127238665020293434e-02 -7.267231509801800712e+03
4.223526864952098503e-02 -7.095159846722108341e+03
4.322061462099714702e-02 -6.928828731904847700e+03
4.422894864758816769e-02 -6.768499192639248577e+03
4.526080703907068431e-02 -6.614421257536691883e+03
4.631673861729242864e-02 -6.472043555915164688e+03
4.739730500807784463e-02 -6.336479595011979654e+03
4.850308093994387670e-02 -6.206702523111172923e+03
4.963465454978523150e-02 -6.082471335871188785e+03
5.079262769569053981e-02 -5.965050463103999391e+03
5.197761627705723558e-02 -5.855409851940472436e+03
5.319025056217418362e-02 -5.749343512436141282e+03
5.443117552344681198e-02 -5.646299388450116567e+03
5.570105118044350878e-02 -5.545671683117021530e+03
5.700055295094449276e-02 -5.448696493000888040e+03
5.833037201018145823e-02 -5.352352288655616576e+03
5.969121565845768307e-02 -5.255024503260636266e+03
6.108380769734466503e-02 -5.155929560395783483e+03
6.250888881465604952e-02 -5.054450536114781244e+03
6.396721697840199172e-02 -4.949986440569682600e+03
6.545956783993543693e-02 -4.840708496137670409e+03
6.698673514650317629e-02 -4.726029164241547733e+03
6.854953116342150932e-02 -4.605513595633479781e+03
7.014878710610215895e-02 -4.478956569627948738e+03
7.178535358215605566e-02 -4.346582277137608799e+03
7.346010104381263395e-02 -4.208816542086818117e+03
7.517392025089317253e-02 -4.066214034325485045e+03
7.692772274458531401e-02 -3.919469842123683520e+03
7.872244133227143670e-02 -3.770615945013402779e+03
8.055903058366725711e-02 -3.620789317809913427e+03
8.243846733853543718e-02 -3.471372514717128979e+03
8.436175122624475775e-02 -3.323728695311016054e+03
8.632990519744949964e-02 -3.180674914148067728e+03
8.834397606817404047e-02 -3.044479862769968804e+03
9.040503507659004845e-02 -2.914887653149921789e+03
9.251417845278328556e-02 -2.792765311267500238e+03
9.467252800181388817e-02 -2.678821130760486085e+03
9.688123170037812870e-02 -2.577475515553779132e+03
9.914146430739147198e-02 -2.485098993097971288e+03
1.014544279888157652e-01 -2.400987156266196052e+03
1.038213529570635035e-01 -2.324601521475487971e+03
1.062434981253197602e-01 -2.256200636864224180e+03
1.087221517771300300e-01 -2.194677327341960336e+03
1.112586322516074810e-01 -2.136626260633348011e+03
1.138542886446278907e-01 -2.080830303261891913e+03
1.165105015263836613e-01 -2.026100696831171717e+03
1.192286836756759894e-01 -1.971111438681525215e+03
1.220102808313403425e-01 -1.914234858744753865e+03
1.248567724612024976e-01 -1.855026526701914690e+03
1.277696725489722018e-01 -1.793414176411919925e+03
1.307505303994973556e-01 -1.729425424365285835e+03
1.338009314628032798e-01 -1.663456615485660905e+03
1.369224981773583538e-01 -1.596932261635583473e+03
1.401168908330103213e-01 -1.530601363178410338e+03
1.433858084540571565e-01 -1.465032413650850458e+03
1.467309897029200061e-01 -1.401411267263638365e+03
1.501542138048964081e-01 -1.340715789984640651e+03
1.536573014944900839e-01 -1.284022753754724818e+03
1.572421159838189308e-01 -1.232239102740683848e+03
1.609105639536131949e-01 -1.185045750042587542e+03
1.646645965673362300e-01 -1.141018215255486439e+03
1.685062105089633055e-01 -1.098460582198661314e+03
1.724374490449732122e-01 -1.056776131434583249e+03
1.764604031111129956e-01 -1.015870727571894236e+03
1.805772124245197952e-01 -9.757621677763138450e+02
1.847900666217884569e-01 -9.365335773451516843e+02
1.891012064235868539e-01 -8.983095308452028576e+02
1.935129248264451096e-01 -8.612445478085064678e+02
1.980275683223490513e-01 -8.255068022443389282e+02
2.026475381467831571e-01 -7.911712954700552700e+02
2.073752915558944032e-01 -7.582403950745469956e+02
2.122133431334496667e-01 -7.267049406462797378e+02
2.171642661282869036e-01 -6.965434639497514127e+02
2.222306938229647866e-01 -6.677204244523666148e+02
2.274153209343465765e-01 -6.401843692076835168e+02
2.327209050468597995e-01 -6.138659535417989446e+02
2.381502680791894033e-01 -5.886757990784457206e+02
2.437062977851931211e-01 -5.645021641048955416e+02
2.493919492898330481e-01 -5.412084048075535065e+02
2.552102466609360021e-01 -5.186302110661406459e+02
2.611642845176273542e-01 -4.966177355158093860e+02
2.672572296762898425e-01 -4.751615496414116819e+02
2.734923228349173674e-01 -4.542846657717271910e+02
2.798728802967700435e-01 -4.340082079298063604e+02
2.864022957342391984e-01 -4.143510456317720809e+02
2.930840419938659513e-01 -3.953293890656072449e+02
2.999216729434655559e-01 -3.769563422595378483e+02
3.069188253623497675e-01 -3.592414105792657324e+02
3.140792208756485460e-01 -3.421899586007277776e+02
3.214066679337534982e-01 -3.258026140889847397e+02
3.289050638379471536e-01 -3.100746134734483235e+02
3.365783968132902704e-01 -2.949950838432607725e+02
3.444307481298635731e-01 -2.805462560922013608e+02
3.524662942735044546e-01 -2.667026034179362455e+02
3.606893091671826701e-01 -2.534298989236522743e+02
3.691041664442051284e-01 -2.406841855785249322e+02
3.777153417744466557e-01 -2.284106512646674787e+02
3.865274152448588407e-01 -2.165424805107068664e+02
3.955450737955154006e-01 -2.050252595193214233e+02
4.047731137124839229e-01 -1.938579515192901397e+02
4.142164431788625256e-01 -1.830461731782616823e+02
4.238800848853329639e-01 -1.725932777247944614e+02
4.337691787016094147e-01 -1.625000261960894932e+02
4.438889844102211213e-01 -1.527642263194979932e+02
4.542448845040683025e-01 -1.433803362709135172e+02
4.648423870492506271e-01 -1.343390303344300207e+02
4.756871286146758249e-01 -1.256267232522911570e+02
4.867848772700245075e-01 -1.172250498008208126e+02
4.981415356536570416e-01 -1.091102958554909037e+02
5.097631441120862306e-01 -1.012532578390385680e+02
5.216558839127015679e-01 -9.363672330138210498e+01
5.338260805314477553e-01 -8.626332115701112002e+01
5.462802070171937086e-01 -7.913560297968811597e+01
5.590248874346031016e-01 -7.225438599414221130e+01
5.720669003873211089e-01 -6.561850998292642601e+01
5.854131826233621716e-01 -5.922457050734035278e+01
5.990708327246012654e-01 -5.306662643418403746e+01
6.130471148823500860e-01 -4.713587960116630882e+01
6.273494627610176622e-01 -4.142032428277674683e+01
6.419854834518992082e-01 -3.590482032790360023e+01
6.569629615192169592e-01 -3.058257727934321224e+01
6.722898631405560543e-01 -2.545776335547796165e+01
6.879743403438838278e-01 -2.053420344772240469e+01
7.040247353434304634e-01 -1.581463137968512633e+01
7.204495849767266202e-01 -1.130052682742843118e+01
7.372576252451427115e-01 -6.991936070957765814e+00
7.544577959603738782e-01 -2.887275195745893086e+00
7.720592454993182585e-01 1.014910795968651414e+00
7.900713356698951806e-01 4.708898578681695923e+00
8.085036466903670060e-01 8.187169711775140968e+00
8.273659822848425938e-01 1.144272588471372032e+01
8.466683748976587820e-01 1.446919278025552558e+01
8.664210910293974610e-01 1.726093483700160292e+01
8.866346366974072746e-01 1.981314346194041320e+01
9.073197630237190836e-01 2.212134432217076352e+01
9.284874719533106058e-01 2.418155177890650265e+01
9.501490221057966590e-01 2.600076660590845279e+01
9.723159347636266547e-01 2.767561218075494622e+01
9.949999999999999956e-01 2.810746468790042840e+01
