9.999999999999999547e-07 1.547763721504971546e+00
1.028062896708320958e-06 1.589438029031907673e+00
1.056913319588303903e-06 1.632234433997747924e+00
1.086573368905558963e-06 1.676183149314853349e+00
1.117065765123167987e-06 1.721315201389737926e+00
1.148413866306221038e-06 1.767662452025443587e+00
1.180641686014776057e-06 1.815257620915828651e+00
1.213773911698949190e-06 1.864134308743760737e+00
1.247835923610211339e-06 1.914327020902384602e+00
1.282853814243417146e-06 1.965871191854529076e+00
1.318854408324405767e-06 2.018803210147944949e+00
1.355865283358527202e-06 2.073160444104690914e+00
1.393914790755815947e-06 2.128981268201301624e+00
1.433032077548997290e-06 2.186305090159552655e+00
1.473247108720965359e-06 2.245172378767484211e+00
1.514590690158834321e-06 2.305624692448198676e+00
1.557094492252146268e-06 2.367704708598449059e+00
1.600791074153313606e-06 2.431456253717584115e+00
1.645713908718880276e-06 2.496924334346539265e+00
1.691897408150705343e-06 2.564155168841454113e+00
1.739376950356714640e-06 2.633196220001161603e+00
1.788188906051409476e-06 2.704096228574467631e+00
1.838370666616899334e-06 2.776905247668287391e+00
1.889960672745776478e-06 2.851674678083778058e+00
1.942998443887830115e-06 2.928457304602307243e+00
1.997524608523082492e-06 3.007307333249506165e+00
2.053580935284395229e-06 3.088280429561915508e+00
2.111210364953458521e-06 3.171433757884662086e+00
2.170457043354683971e-06 3.256826021726134002e+00
2.231366355172194137e-06 3.344517505200062413e+00
2.293984958715813823e-06 3.434570115583360561e+00
2.358360821662697630e-06 3.527047427018889181e+00
2.424543257801969034e-06 3.622014725395759083e+00
2.492582964810521700e-06 3.719539054437940084e+00
2.562532063088919802e-06 3.819689263032715054e+00
2.634444135687144721e-06 3.922536053834970726e+00
2.708374269350775322e-06 4.028152033178312941e+00
2.784379096719045798e-06 4.136611762331848574e+00
2.862516839707080559e-06 4.247991810134537971e+00
2.942847354105609816e-06 4.362370807049363641e+00
3.025432175432230969e-06 4.479829500670442499e+00
3.110334566069416387e-06 4.600450812726063710e+00
3.197619563725343130e-06 4.724319897614866370e+00
3.287354031254673449e-06 4.851524202519998497e+00
3.379606707877455920e-06 4.982153529139742965e+00
3.474448261835369917e-06 5.116300097080606513e+00
3.571951344525660982e-06 5.254058608957782539e+00
3.672190646154232758e-06 5.395526317247287373e+00
3.775242952950521563e-06 5.540803092937983010e+00
3.881187205987988825e-06 5.689991496032178020e+00
3.990104561655294390e-06 5.843196847943562311e+00
4.102078453824427070e-06 6.000527305844329362e+00
4.217194657763531206e-06 6.162093939014538613e+00
4.335541355843231908e-06 6.328010807244612401e+00
4.457209205086914588e-06 6.498395041351024304e+00
4.582291406616646448e-06 6.673366925857037835e+00
4.710883777047956455e-06 6.853049983900814546e+00
4.843084821888157401e-06 7.037571064428036038e+00
4.978995810994442029e-06 7.227060431731423762e+00
5.118720856149542040e-06 7.421651857401957209e+00
5.262366990814394768e-06 7.621482714752519705e+00
5.410044252118897051e-06 7.826694075785675331e+00
5.561865765153555496e-06 8.037430810769595979e+00
5.717947829626605849e-06 8.253841690495024253e+00
5.878410008952985973e-06 8.476079491283631029e+00
6.043375221843405347e-06 8.704301102823603031e+00
6.212969836463623392e-06 8.938667638906174773e+00
6.387323767236215628e-06 9.179344551143545416e+00
6.566570574358769415e-06 9.426501745746527661e+00
6.750847566114899789e-06 9.680313703444548779e+00
6.940295904056402051e-06 9.940959602633062886e+00
7.135060711137120214e-06 1.020862344583513703e+01
7.335291182881360103e-06 1.048349418956488854e+01
7.541140701672017137e-06 1.076576587768630588e+01
7.752766954245954545e-06 1.105563777835954831e+01
7.970332052486641988e-06 1.135331452467210589e+01
8.194002657606595474e-06 1.165900625905327637e+01
8.423950107814716636e-06 1.197292878157443319e+01
8.660350549566388269e-06 1.229530370223769609e+01
8.903385072496702044e-06 1.262635859736260535e+01
9.153239848140602819e-06 1.296632717017831737e+01
9.410106272545459364e-06 1.331544941573572238e+01
9.674181112886226584e-06 1.367397179025507015e+01
9.945666658194741649e-06 1.404214738502806092e+01
1.022477087431905183e-05 1.442023583632848549e+01
1.051170756323131633e-05 1.480850429830713288e+01
1.080669652680635304e-05 1.520722691804676430e+01
1.110996373519629119e-05 1.561668513814622195e+01
1.142174149993029558e-05 1.603716797614293199e+01
1.174226865187198410e-05 1.646897222831002949e+01
1.207179072417082283e-05 1.691240267893490667e+01
1.241056014034771979e-05 1.736777231525113763e+01
1.275883640765867756e-05 1.783540255138306563e+01
1.311688631588519449e-05 1.831562346473988256e+01
1.348498414170264223e-05 1.880877403561807526e+01
1.386341185878461820e-05 1.931520237252559724e+01
1.425245935380260327e-05 1.983526595526094383e+01
1.465242464848790891e-05 2.036933187328746797e+01
1.506361412792488139e-05 2.091777712903600772e+01
1.548634277525084131e-05 2.148098885885276843e+01
1.592093441294235994e-05 2.205936462098152973e+01
1.636772195087271182e-05 2.265331266444221114e+01
1.682704764133057104e-05 2.326325221227023476e+01
1.729926334119522629e-05 2.388961376624723698e+01
1.778473078146923075e-05 2.453283941460690443e+01
1.828382184437490039e-05 2.519338314408693336e+01
1.879691884822697450e-05 2.587171116006356897e+01
1.932441484029941731e-05 2.656830221529440905e+01
1.986671389791152582e-05 2.728364794733370147e+01
2.042423143796238152e-05 2.801825322325254675e+01
2.099739453515276334e-05 2.877263649060156681e+01
2.158664224913661749e-05 2.954733014428738969e+01
2.219242596085361572e-05 3.034288090060485743e+01
2.281520971830011351e-05 3.115985015298259952e+01
2.345547059200345016e-05 3.199881448262762618e+01
2.411369904047190149e-05 3.286036594616717821e+01
2.479039928590020259e-05 3.374511253199366934e+01
2.548608970041845560e-05 3.465367858391892497e+01
2.620130320318030118e-05 3.558670521517320395e+01
2.693658766859454714e-05 3.654485076673819322e+01
2.769250634601294809e-05 3.752879128412416065e+01
2.846963829119569363e-05 3.853922099814487012e+01
2.926857880988471757e-05 3.957685281373678521e+01
3.008993991382592482e-05 4.064241881188689121e+01
3.093435078958720296e-05 4.173667076503536322e+01
3.180245828053436205e-05 4.286038066284262271e+01
3.269492738233168344e-05 4.401434123755731775e+01
3.361244175234811031e-05 4.519936648814525881e+01
3.455570423335871144e-05 4.641629225134988701e+01
3.552543739194274279e-05 4.766597675027880854e+01
3.652238407199075734e-05 4.894930153558467367e+01
3.754730796374465952e-05 5.026717172595839145e+01
3.860099418880674288e-05 5.162051677272185657e+01
3.968424990156572393e-05 5.301029111278664629e+01
4.079790490750064604e-05 5.443747479334937367e+01
4.194281229883565018e-05 5.590307410258764520e+01
4.311984910803445890e-05 5.740812231443894831e+01
4.432991697963161934e-05 5.895368045306313576e+01
4.557394286091946532e-05 6.054083804260330481e+01
4.685287971201636557e-05 6.217071387126377147e+01
4.816770723586207258e-05 6.384445677582169765e+01
4.951943262869871234e-05 6.556324644603103025e+01
5.090909135161254356e-05 6.732829422778424089e+01
5.233774792372732245e-05 6.914084384321040488e+01
5.380649673765702237e-05 7.100217202601861288e+01
5.531646289784249718e-05 7.291358960265394273e+01
5.686880308241432195e-05 7.487644333444663403e+01
5.846470642924196155e-05 7.689211567803772596e+01
6.010539544684808614e-05 7.896202616912239591e+01
6.179212695088590046e-05 8.108763241396455612e+01
6.352619302689592787e-05 8.327043108204162536e+01
6.530892202008271169e-05 8.551195868157228119e+01
6.714167955286408026e-05 8.781379257370072366e+01
6.902586957097929337e-05 9.017755222843609886e+01
7.096293541895171847e-05 9.260490046130338726e+01
7.295436094573301208e-05 9.509754459062311582e+01
7.500167164137467365e-05 9.765723762286975784e+01
7.710643580559797925e-05 1.002857794693946403e+02
7.927026574915726348e-05 1.029850181775143625e+02
8.149481902891700998e-05 1.057568510549745042e+02
8.378179971758882539e-05 1.086032243381139324e+02
8.613295970910075840e-05 1.115261359098517033e+02
8.855010006059939787e-05 1.145276391664485516e+02
9.103507237211129965e-05 1.176098409135917677e+02
9.358978020492457993e-05 1.207749041396839971e+02
9.621618053976964575e-05 1.240250495026926671e+02
9.891628527592656540e-05 1.273625568558263979e+02
1.016921627723955935e-04 1.307897664561814395e+02
1.045459394323232019e-04 1.343090796178577193e+02
1.074798013318868650e-04 1.379229604836052090e+02
1.104959958948944696e-04 1.416339383985458653e+02
1.135968336143759478e-04 1.454446098087560983e+02
1.167846898224885041e-04 1.493576400199232808e+02
1.200620065100902947e-04 1.533757650013300520e+02
1.234312941973767105e-04 1.575017932344995302e+02
1.268951338570122229e-04 1.617386075310868421e+02
1.304561788912301026e-04 1.660891614393624991e+02
1.341171571644169552e-04 1.705564856069729558e+02
1.378808730927356160e-04 1.751436958783005196e+02
1.417502097923901689e-04 1.798539859069223610e+02
1.457281312881768612e-04 1.846906333257799986e+02
1.498176847840135978e-04 1.896570019126272086e+02
1.540220029971873204e-04 1.947565438097338131e+02
1.583443065581060898e-04 1.999928016920252389e+02
1.627879064773969273e-04 2.053694085167121557e+02
1.673562066822359298e-04 2.108900877491681740e+02
1.720527066238559304e-04 2.165586570724748583e+02
1.768810039582282656e-04 2.223790331616850722e+02
1.818447973019721273e-04 2.283552343221256535e+02
1.869478890656031179e-04 2.344913830441151390e+02
1.921941883662897936e-04 2.407917086188754752e+02
1.975877140223525731e-04 2.472605497873975651e+02
2.031325976317951184e-04 2.539023401650509868e+02
2.088330867372290912e-04 2.607216338743377833e+02
2.146935480796158030e-04 2.677231065331105242e+02
2.207184709433169872e-04 2.749115406325470872e+02
2.269124705950180713e-04 2.822918402663506754e+02
2.332802918191559870e-04 2.898690340725875672e+02
2.398268125525639203e-04 2.976482782354047458e+02
2.465570476211124073e-04 3.056348595513454711e+02
2.534761525812122425e-04 3.138341965759092886e+02
2.605894276691213978e-04 3.222518326888599063e+02
2.679023218610804150e-04 3.308934355461910286e+02
2.754204370473875541e-04 3.397648083838155912e+02
2.831495323236090300e-04 3.488718975075122444e+02
2.910955284022158666e-04 3.582207955346819404e+02
2.992645121480213524e-04 3.678177446915103133e+02
3.076627412408973255e-04 3.776691401729368067e+02
3.162966489693395120e-04 3.877814693242837052e+02
3.251728491585541649e-04 3.981614525651656891e+02
3.342981412368414124e-04 4.088159479702295585e+02
3.436795154441545899e-04 4.197519373865627017e+02
3.533241581868297042e-04 4.309765668333477606e+02
3.632394575425811978e-04 4.424971501964211598e+02
3.734330089199851938e-04 4.543211726212573467e+02
3.839126208767842095e-04 4.664562939531647316e+02
3.946863211014702238e-04 4.789103520659162996e+02
4.057623625627283705e-04 4.916913535632407957e+02
4.171492298314505428e-04 5.048074548300643301e+02
4.288556455801661614e-04 5.182669641112023555e+02
4.408905772648626900e-04 5.320783696693530374e+02
4.532632439943184836e-04 5.462503461632172730e+02
4.659831235922095465e-04 5.607917577696264289e+02
4.790599598573984743e-04 5.757116613183173968e+02
4.925037700279695941e-04 5.910190939861735160e+02
5.063248524547231833e-04 6.067236209313356312e+02
5.205337944900158753e-04 6.228349127971283679e+02
5.351414805979795358e-04 6.393627183673648915e+02
5.501591006923386247e-04 6.563169778080113019e+02
5.655981587082104748e-04 6.737078297310503103e+02
5.814704814144555558e-04 6.915456138791149669e+02
5.977882274733270973e-04 7.098408734264911573e+02
6.145638967543618934e-04 7.286043572307254408e+02
6.318103399096428692e-04 7.478470180317958693e+02
6.495407682177762763e-04 7.675799763580914714e+02
6.677687637041152544e-04 7.878144827326498216e+02
6.865082895449870068e-04 8.085619467944893586e+02
7.057737007638941037e-04 8.298339748621988292e+02
7.255797552278806265e-04 8.516423712261607761e+02
7.459416249524902223e-04 8.739991386933572812e+02
7.668749077239690867e-04 8.969159068810058670e+02
7.883956390476300289e-04 9.204054856004804606e+02
8.105203044315142978e-04 9.444805615277159632e+02
8.332658520147727789e-04 9.691537623355973210e+02
8.566497055504343917e-04 9.944378385423068494e+02
8.806897777525097854e-04 1.020345705799785151e+03
9.054044840176536007e-04 1.046890450141730980e+03
9.308127565318916486e-04 1.074085325516364719e+03
9.569340587732336721e-04 1.101943751032101545e+03
9.837884004212612329e-04 1.130479307840501178e+03
1.011396352685127323e-03 1.159705684027268717e+03
1.039779064061702781e-03 1.189636504659074944e+03
1.068958276535940909e-03 1.220285206438488331e+03
1.098956342235874947e-03 1.251665247888319755e+03
1.129796240554994512e-03 1.283790157523022117e+03
1.161501595755138694e-03 1.316673524452600304e+03
1.194096695063365113e-03 1.350327627973641029e+03
1.227606507276675753e-03 1.384767283866903199e+03
1.262056701888843819e-03 1.420006323055873736e+03
1.297473668753994615e-03 1.456058363540306345e+03
1.333884538302005643e-03 1.492936809259239681e+03
1.371317202321201177e-03 1.530654970028418120e+03
1.409800335324284731e-03 1.569226089919228343e+03
1.449363416513846370e-03 1.608663336072880611e+03
1.490036752364293617e-03 1.648979781900029593e+03
1.531851499837494834e-03 1.690188389729780738e+03
1.574839690249920992e-03 1.732301983217564612e+03
1.619034253809570464e-03 1.775333046423810856e+03
1.664469044841461942e-03 1.819293332160644695e+03
1.711178867721045455e-03 1.864193858939190932e+03
1.759199503535362847e-03 1.910045286096343943e+03
1.808567737492405327e-03 1.956857873113765663e+03
1.859321387099656300e-03 2.004638935943354909e+03
1.911499331133406166e-03 2.053400437214309022e+03
1.965141539421029655e-03 2.103151428489049067e+03
2.020289103459032773e-03 2.153900410891446882e+03
2.076984267890350129e-03 2.205654739212383902e+03
2.135270462864964549e-03 2.258420693660069446e+03
2.195192337308672637e-03 2.312203740116399786e+03
2.256795793125463551e-03 2.367008587760273713e+03
2.320128020359716811e-03 2.422839149841088783e+03
2.385237533345155054e-03 2.479698500255353338e+03
2.452174207868230548e-03 2.537588827626733291e+03
2.520989319374445682e-03 2.596511330052912399e+03
2.591735582246831003e-03 2.656465844071144147e+03
2.664467190186703850e-03 2.717450235126066673e+03
2.739239857727623385e-03 2.779460856233829873e+03
2.816110862914349491e-03 2.842492441310721006e+03
2.895139091179495510e-03 2.906536163203113119e+03
2.976385080451491184e-03 2.971587499978189499e+03
3.059911067528388925e-03 3.037637492555496920e+03
3.145781035753086093e-03 3.104675699163692116e+03
3.234060764026420228e-03 3.172689689844464738e+03
3.324817877195726957e-03 3.241664106741789055e+03
3.418121897857449940e-03 3.311581194955346291e+03
3.514044299613473376e-03 3.382421193985749596e+03
3.612658561821994237e-03 3.454162366829903931e+03
3.714040225884836059e-03 3.526780939348729589e+03
3.818266953114391512e-03 3.600251042951541876e+03
3.925418584224436153e-03 3.674544652058950305e+03
4.035577200490450024e-03 3.749631159567509258e+03
4.148827186626268156e-03 3.825475929503654697e+03
4.265255295425235404e-03 3.902039344841748516e+03
4.384950714215377250e-03 3.979278867227095816e+03
4.508005133179481157e-03 4.057149916777237650e+03
4.634512815592478456e-03 4.135604678904796856e+03
4.764570670029839861e-03 4.214592349392395590e+03
4.898278324602382133e-03 4.294059220935007943e+03
5.035738203274306782e-03 4.373948626502105981e+03
5.177055604322939632e-03 4.454200281777017153e+03
5.322338781000293326e-03 4.534750082432091403e+03
5.471699024458195892e-03 4.615530520532295668e+03
5.625250749000586421e-03 4.696470938406117057e+03
5.783111579728195638e-03 4.777497513076838004e+03
5.945402442642802425e-03 4.858533292659364633e+03
6.112247657280086600e-03 4.939498366799398354e+03
6.283775031942015130e-03 5.020309718773650275e+03
6.460115961601736387e-03 5.100878933858309210e+03
6.641405528555941601e-03 5.181104029842126693e+03
6.827782605901879139e-03 5.260878258576572080e+03
7.019389963918173589e-03 5.340095670838610204e+03
7.216374379431034561e-03 5.418625509504723595e+03
7.418886748249581622e-03 5.496345471287600958e+03
7.627082200756440424e-03 5.573129673047613323e+03
7.841120220742150287e-03 5.648848861008543281e+03
8.061164767574364315e-03 5.723369688354818209e+03
8.287384401795558700e-03 5.796551487755847120e+03
8.519952414245298561e-03 5.868247512903390088e+03
8.759046958806073965e-03 5.938307555744429919e+03
9.004851188874382628e-03 6.006578937055275674e+03
9.257553397661565098e-03 6.072906695365986707e+03
9.517347162431917529e-03 6.137133900707139219e+03
9.784431492788474641e-03 6.199102201515639536e+03
1.005901098312023123e-02 6.258651293781543245e+03
1.034129596932739995e-02 6.315611364672674426e+03
1.063150268994483318e-02 6.369811912869291518e+03
1.092985345178699129e-02 6.421074974491658395e+03
1.123657680024157425e-02 6.469165515081474041e+03
1.155190769434186887e-02 6.513886942968908443e+03
1.187608768675224406e-02 6.555044316697068098e+03
1.220936510880453463e-02 6.592445210988908002e+03
1.255199526072709425e-02 6.625900479919656391e+03
1.290424060721221365e-02 6.655217469537711622e+03
1.326637097847173027e-02 6.680193467840018457e+03
1.363866377693485031e-02 6.700622887144543711e+03
1.402140418974649055e-02 6.716306413881559820e+03
1.441488540722896637e-02 6.727053090669771336e+03
1.481940884747431561e-02 6.732681743132648990e+03
1.523528438723936555e-02 6.733022011502768692e+03
1.566283059932039104e-02 6.727915819848546562e+03
1.610237499658904656e-02 6.717217630948517581e+03
1.655425428287697620e-02 6.700861252585647890e+03
1.701881461090063233e-02 6.678734721474110302e+03
1.749641184742440139e-02 6.650632642759343071e+03
1.798741184586491459e-02 6.616454292097015241e+03
1.849219072654545090e-02 6.576119848477885171e+03
1.901113516481506630e-02 6.529571420120870243e+03
1.954464268725319975e-02 6.476775041940576557e+03
2.009312197618662657e-02 6.417724538378824036e+03
2.065699318275204810e-02 6.352463668062913712e+03
2.123668824874410874e-02 6.281088203052918288e+03
2.183265123749542763e-02 6.203727634706662684e+03
2.244533867404205699e-02 6.120535907996712922e+03
2.307521989483502997e-02 6.031691399956886016e+03
2.372277740726557935e-02 5.937396673552143511e+03
2.438850725928016355e-02 5.837876122605817727e+03
2.507291941936747731e-02 5.733374716675629315e+03
2.577653816720924113e-02 5.624440682343503795e+03
2.649990249529372843e-02 5.511597932787023638e+03
2.724356652179973221e-02 5.395225618556139125e+03
2.800809991506727006e-02 5.275875862618643623e+03
2.879408832998013590e-02 5.154083339191145569e+03
2.960213385659463819e-02 5.030365363065825477e+03
3.043285548135814603e-02 4.905220337439557625e+03
3.128688956127075732e-02 4.779125482165621179e+03
3.216489031135334742e-02 4.652602077429645760e+03
3.306753030579533126e-02 4.526330707277465081e+03
3.399550099316620694e-02 4.401097707230688684e+03
3.494951322608504801e-02 4.277636741353948310e+03
3.593029780575477533e-02 4.156599132116143664e+03
3.693860604177687940e-02 4.038552638312019553e+03
3.797521032767662424e-02 3.923983079890802401e+03
3.904090473257897792e-02 3.813299245525103288e+03
4.013650560948874013e-02 3.707377235394022591e+03
4.126285222064077218e-02 3.606282874474115033e+03
4.242080738039932797e-02 3.509959667281491875e+03
4.361125811619905035e-02 3.418596240988707450e+03
4.483511634803386686e-02 3.332329725276808858e+03
4.609331958701429893e-02 3.251234122614458556e+03
4.738683165352830517e-02 3.175153514222284684e+03
4.871664341555586447e-02 3.103752255833923300e+03
5.008377354770271461e-02 3.036671131359784795e+03
5.148926931153494091e-02 2.973497815697277474e+03
5.293420735781146497e-02 2.913656567679000091e+03
5.441969455123057270e-02 2.856458881371602729e+03
5.594686881832013070e-02 2.801204992713451247e+03
5.751690001912263678e-02 2.747121068249688506e+03
5.913099084334209887e-02 2.693453638596056862e+03
6.079037773163947778e-02 2.639448495981396718e+03
6.249633182278229587e-02 2.584525024727253367e+03
6.425015992737398429e-02 2.528035423365223323e+03
6.605320552890898977e-02 2.469500548035561224e+03
6.790684981292025024e-02 2.408593100485725245e+03
6.981251272500769989e-02 2.345345023375229175e+03
7.177165405855792657e-02 2.280058365867259454e+03
7.378577457298858555e-02 2.213204781597182318e+03
7.585641714337397479e-02 2.145404009616720941e+03
7.798516794233179006e-02 2.077441261234036574e+03
8.017365765507851461e-02 2.010208765276057647e+03
8.242356272858127053e-02 1.944566891742743337e+03
8.473660665576525364e-02 1.881249808947678275e+03
8.711456129575961826e-02 1.820899216180811663e+03
8.955924823119322531e-02 1.763893519752574093e+03
9.207254016358007442e-02 1.710356349113840906e+03
9.465636234786335701e-02 1.660154117890439466e+03
9.731269406721684834e-02 1.613020548965514081e+03
1.000435701492335822e-01 1.568574481461410869e+03
1.028510825246631982e-01 1.526752365530085626e+03
1.057373818298918133e-01 1.487357531034354452e+03
1.087046790543923641e-01 1.449912457077660747e+03
1.117552472344071901e-01 1.413987756337402971e+03
1.148914231941592229e-01 1.379027023758365203e+03
1.181156093359289061e-01 1.344505076430900772e+03
1.214302754803634754e-01 1.310357576752873001e+03
1.248379607584318707e-01 1.276762269101637003e+03
1.283412755564731778e-01 1.244019484765322886e+03
1.319429035158286301e-01 1.212586552054701315e+03
1.356456035885892919e-01 1.183031214333662092e+03
1.394522121510337331e-01 1.155701683306410587e+03
1.433656451763750395e-01 1.130207943752301617e+03
1.473889004684814652e-01 1.105924313683788341e+03
1.515250599582814439e-01 1.081707693684518290e+03
1.557772920646128545e-01 1.055888985822133236e+03
1.601488541213240135e-01 1.027958037203779668e+03
1.646430948724870447e-01 1.000909525904386101e+03
1.692634570376319314e-01 9.778489142905967810e+02
1.740134799489723161e-01 9.573602598700749695e+02
1.788968022626358234e-01 9.364989622617968053e+02
1.839171647459810766e-01 9.150135624079981653e+02
1.890784131431348103e-01 8.941588363803763286e+02
1.943845011209438256e-01 8.756081615510360052e+02
1.998394932975993965e-01 8.603906570942091321e+02
2.054475683562531074e-01 8.437075207955581391e+02
2.112130222460103512e-01 8.214784046609938741e+02
2.171402714727524441e-01 8.011766157877144678e+02
2.232338564823090621e-01 7.859070376199103976e+02
2.294984451385722601e-01 7.680693833230782275e+02
2.359388362992162758e-01 7.505747981427142577e+02
2.425599634917631198e-01 7.392383996552305234e+02
2.493668986928065934e-01 7.272791102041079512e+02
2.563648562132971320e-01 7.119086202535750090e+02
2.635591966928544916e-01 6.949771448905815987e+02
2.709554312061741022e-01 6.778729279233643865e+02
2.785592254846715465e-01 6.623499194695190226e+02
2.863764042565977719e-01 6.490391713834102347e+02
2.944129557089510407e-01 6.371970026821610418e+02
3.026750360746027768e-01 6.257145794540641646e+02
3.111689743481517167e-01 6.102500407428839253e+02
3.199012771341180339e-01 5.994775204124119909e+02
3.288786336311927405e-01 5.888949741404240967e+02
3.381079207563586486e-01 5.724966556714216495e+02
3.475962084128095264e-01 5.597613083915373409e+02
3.573507649057022229e-01 5.482501385765900750e+02
3.673790625098911633e-01 5.368518479985767726e+02
3.776887831939060303e-01 5.258780527668909599e+02
3.882878245045680576e-01 5.120620672415423087e+02
3.991843056167383996e-01 4.980111811217674358e+02
4.103865735528437475e-01 4.879621836646767292e+02
4.219032095769389978e-01 4.778991494881710764e+02
4.337430357682057203e-01 4.632940667743021095e+02
4.459151217789224519e-01 4.518587447616297936e+02
4.584287917820827341e-01 4.369482839342904867e+02
4.712936316139836879e-01 4.274393770796501144e+02
4.845194961172563652e-01 4.164081712444369714e+02
4.981165166899626517e-01 4.043666502352755288e+02
5.120951090465417632e-01 3.893295654363632252e+02
5.264659811965511915e-01 3.754243205340519012e+02
5.412401416473159310e-01 3.678287294074438591e+02
5.564289078367615771e-01 3.537995140186725962e+02
5.720439148029085041e-01 3.418462114337895059e+02
5.880971240966460512e-01 3.300163586369969266e+02
6.046008329446308505e-01 3.124581274410105038e+02
6.215676836693208029e-01 3.026258693565325189e+02
6.390106733733633693e-01 2.874679385897478028e+02
6.569431638957546893e-01 2.757157365119066981e+02
6.753788920473987600e-01 2.652883228963714259e+02
6.943319801339051800e-01 2.500135146095453536e+02
7.138169467736869001e-01 2.415373761404632944e+02
7.338487180196460180e-01 2.222401269960396348e+02
7.544426387929650257e-01 2.150704386296058317e+02
7.756144846377651669e-01 2.030813538445664790e+02
7.973804738056339270e-01 1.889501615772479681e+02
8.197572796792734762e-01 1.785890150775769314e+02
8.427620435448071046e-01 1.610019726141583760e+02
8.664123877224986225e-01 1.488016345562617744e+02
8.907264290659647754e-01 1.382321279406173744e+02
9.157227928402145167e-01 1.217445449096246222e+02
9.414206269891446377e-01 1.090409928296807180e+02
9.678396168034237856e-01 9.502865295056132311e+01
9.949999999999999956e-01 8.214759168175000070e+01
