  0.5000022E-02  0.2070298E+05  0.2070298E+05  0.2070298E+05  0.2070298E+05  0.2070298E+05  0.2070298E+05  0.2070298E+05  0.2070298E+05  0.2070298E+05  0.2070298E+05  0.2070298E+05  0.2882951E+04
  0.1500002E-01  0.2746366E+05  0.2746366E+05  0.2746366E+05  0.2746366E+05  0.2746366E+05  0.2746366E+05  0.2746366E+05  0.2746366E+05  0.2746366E+05  0.2746366E+05  0.2746366E+05  0.1938162E+04
  0.2500002E-01  0.2385919E+05  0.2385919E+05  0.2385919E+05  0.2385919E+05  0.2385919E+05  0.2385919E+05  0.2385919E+05  0.2385919E+05  0.2385919E+05  0.2385919E+05  0.2385919E+05  0.8238166E+03
  0.3500002E-01  0.1819229E+05  0.1819229E+05  0.1819229E+05  0.1819229E+05  0.1819229E+05  0.1819229E+05  0.1819229E+05  0.1819229E+05  0.1819229E+05  0.1819229E+05  0.1819229E+05  0.4736707E+03
  0.4500002E-01  0.1406900E+05  0.1406900E+05  0.1406900E+05  0.1406900E+05  0.1406900E+05  0.1406900E+05  0.1406900E+05  0.1406900E+05  0.1406900E+05  0.1406900E+05  0.1406900E+05  0.2840871E+03
  0.5500002E-01  0.1185027E+05  0.1185027E+05  0.1185027E+05  0.1185027E+05  0.1185027E+05  0.1185027E+05  0.1185027E+05  0.1185027E+05  0.1185027E+05  0.1185027E+05  0.1185027E+05  0.2004686E+03
  0.6500002E-01  0.1056000E+05  0.1056000E+05  0.1056000E+05  0.1056000E+05  0.1056000E+05  0.1056000E+05  0.1056000E+05  0.1056000E+05  0.1056000E+05  0.1056000E+05  0.1056000E+05  0.1461381E+03
  0.7500002E-01  0.8933044E+04  0.8933044E+04  0.8933044E+04  0.8933044E+04  0.8933044E+04  0.8933044E+04  0.8933044E+04  0.8933044E+04  0.8933044E+04  0.8933044E+04  0.8933044E+04  0.1068948E+03
  0.8500002E-01  0.7284430E+04  0.7284430E+04  0.7284430E+04  0.7284430E+04  0.7284430E+04  0.7284430E+04  0.7284430E+04  0.7284430E+04  0.7284430E+04  0.7284430E+04  0.7284430E+04  0.7920548E+02
  0.9500002E-01  0.5989230E+04  0.5989230E+04  0.5989230E+04  0.5989230E+04  0.5989230E+04  0.5989230E+04  0.5989230E+04  0.5989230E+04  0.5989230E+04  0.5989230E+04  0.5989230E+04  0.6477110E+02
  0.1050000E+00  0.5267949E+04  0.5267949E+04  0.5267949E+04  0.5267949E+04  0.5267949E+04  0.5267949E+04  0.5267949E+04  0.5267949E+04  0.5267949E+04  0.5267949E+04  0.5267949E+04  0.5009180E+02
  0.1150000E+00  0.4777576E+04  0.4777576E+04  0.4777576E+04  0.4777576E+04  0.4777576E+04  0.4777576E+04  0.4777576E+04  0.4777576E+04  0.4777576E+04  0.4777576E+04  0.4777576E+04  0.3920789E+02
  0.1250000E+00  0.4398205E+04  0.4398205E+04  0.4398205E+04  0.4398205E+04  0.4398205E+04  0.4398205E+04  0.4398205E+04  0.4398205E+04  0.4398205E+04  0.4398205E+04  0.4398205E+04  0.3401558E+02
  0.1350000E+00  0.3939281E+04  0.3939281E+04  0.3939281E+04  0.3939281E+04  0.3939281E+04  0.3939281E+04  0.3939281E+04  0.3939281E+04  0.3939281E+04  0.3939281E+04  0.3939281E+04  0.2941291E+02
  0.1450000E+00  0.3478437E+04  0.3478437E+04  0.3478437E+04  0.3478437E+04  0.3478437E+04  0.3478437E+04  0.3478437E+04  0.3478437E+04  0.3478437E+04  0.3478437E+04  0.3478437E+04  0.2211194E+02
  0.1550000E+00  0.3122467E+04  0.3122467E+04  0.3122467E+04  0.3122467E+04  0.3122467E+04  0.3122467E+04  0.3122467E+04  0.3122467E+04  0.3122467E+04  0.3122467E+04  0.3122467E+04  0.1787561E+02
  0.1650000E+00  0.2858040E+04  0.2858040E+04  0.2858040E+04  0.2858040E+04  0.2858040E+04  0.2858040E+04  0.2858040E+04  0.2858040E+04  0.2858040E+04  0.2858040E+04  0.2858040E+04  0.1614460E+02
  0.1750000E+00  0.2653246E+04  0.2653246E+04  0.2653246E+04  0.2653246E+04  0.2653246E+04  0.2653246E+04  0.2653246E+04  0.2653246E+04  0.2653246E+04  0.2653246E+04  0.2653246E+04  0.1427278E+02
  0.1850000E+00  0.2483531E+04  0.2483531E+04  0.2483531E+04  0.2483531E+04  0.2483531E+04  0.2483531E+04  0.2483531E+04  0.2483531E+04  0.2483531E+04  0.2483531E+04  0.2483531E+04  0.1395675E+02
  0.1950000E+00  0.2310021E+04  0.2310021E+04  0.2310021E+04  0.2310021E+04  0.2310021E+04  0.2310021E+04  0.2310021E+04  0.2310021E+04  0.2310021E+04  0.2310021E+04  0.2310021E+04  0.1159462E+02
  0.2050000E+00  0.2153583E+04  0.2153583E+04  0.2153583E+04  0.2153583E+04  0.2153583E+04  0.2153583E+04  0.2153583E+04  0.2153583E+04  0.2153583E+04  0.2153583E+04  0.2153583E+04  0.9886777E+01
  0.2150000E+00  0.2005809E+04  0.2005809E+04  0.2005809E+04  0.2005809E+04  0.2005809E+04  0.2005809E+04  0.2005809E+04  0.2005809E+04  0.2005809E+04  0.2005809E+04  0.2005809E+04  0.8587415E+01
  0.2250000E+00  0.1882766E+04  0.1882766E+04  0.1882766E+04  0.1882766E+04  0.1882766E+04  0.1882766E+04  0.1882766E+04  0.1882766E+04  0.1882766E+04  0.1882766E+04  0.1882766E+04  0.7696606E+01
  0.2350000E+00  0.1783050E+04  0.1783050E+04  0.1783050E+04  0.1783050E+04  0.1783050E+04  0.1783050E+04  0.1783050E+04  0.1783050E+04  0.1783050E+04  0.1783050E+04  0.1783050E+04  0.7303906E+01
  0.2450000E+00  0.1692750E+04  0.1692750E+04  0.1692750E+04  0.1692750E+04  0.1692750E+04  0.1692750E+04  0.1692750E+04  0.1692750E+04  0.1692750E+04  0.1692750E+04  0.1692750E+04  0.6499370E+01
  0.2550000E+00  0.1607475E+04  0.1607475E+04  0.1607475E+04  0.1607475E+04  0.1607475E+04  0.1607475E+04  0.1607475E+04  0.1607475E+04  0.1607475E+04  0.1607475E+04  0.1607475E+04  0.6612478E+01
  0.2650000E+00  0.1528151E+04  0.1528151E+04  0.1528151E+04  0.1528151E+04  0.1528151E+04  0.1528151E+04  0.1528151E+04  0.1528151E+04  0.1528151E+04  0.1528151E+04  0.1528151E+04  0.5189753E+01
  0.2750000E+00  0.1456420E+04  0.1456420E+04  0.1456420E+04  0.1456420E+04  0.1456420E+04  0.1456420E+04  0.1456420E+04  0.1456420E+04  0.1456420E+04  0.1456420E+04  0.1456420E+04  0.4987207E+01
  0.2850000E+00  0.1390996E+04  0.1390996E+04  0.1390996E+04  0.1390996E+04  0.1390996E+04  0.1390996E+04  0.1390996E+04  0.1390996E+04  0.1390996E+04  0.1390996E+04  0.1390996E+04  0.4658863E+01
  0.2950000E+00  0.1333480E+04  0.1333480E+04  0.1333480E+04  0.1333480E+04  0.1333480E+04  0.1333480E+04  0.1333480E+04  0.1333480E+04  0.1333480E+04  0.1333480E+04  0.1333480E+04  0.4636378E+01
  0.3050000E+00  0.1280872E+04  0.1280872E+04  0.1280872E+04  0.1280872E+04  0.1280872E+04  0.1280872E+04  0.1280872E+04  0.1280872E+04  0.1280872E+04  0.1280872E+04  0.1280872E+04  0.3962008E+01
  0.3150000E+00  0.1230880E+04  0.1230880E+04  0.1230880E+04  0.1230880E+04  0.1230880E+04  0.1230880E+04  0.1230880E+04  0.1230880E+04  0.1230880E+04  0.1230880E+04  0.1230880E+04  0.3773431E+01
  0.3250000E+00  0.1181931E+04  0.1181931E+04  0.1181931E+04  0.1181931E+04  0.1181931E+04  0.1181931E+04  0.1181931E+04  0.1181931E+04  0.1181931E+04  0.1181931E+04  0.1181931E+04  0.3840694E+01
  0.3350000E+00  0.1139932E+04  0.1139932E+04  0.1139932E+04  0.1139932E+04  0.1139932E+04  0.1139932E+04  0.1139932E+04  0.1139932E+04  0.1139932E+04  0.1139932E+04  0.1139932E+04  0.3288453E+01
  0.3450000E+00  0.1104502E+04  0.1104502E+04  0.1104502E+04  0.1104502E+04  0.1104502E+04  0.1104502E+04  0.1104502E+04  0.1104502E+04  0.1104502E+04  0.1104502E+04  0.1104502E+04  0.3258313E+01
  0.3550000E+00  0.1063929E+04  0.1063929E+04  0.1063929E+04  0.1063929E+04  0.1063929E+04  0.1063929E+04  0.1063929E+04  0.1063929E+04  0.1063929E+04  0.1063929E+04  0.1063929E+04  0.2959920E+01
  0.3650000E+00  0.1029948E+04  0.1029948E+04  0.1029948E+04  0.1029948E+04  0.1029948E+04  0.1029948E+04  0.1029948E+04  0.1029948E+04  0.1029948E+04  0.1029948E+04  0.1029948E+04  0.2683709E+01
  0.3750000E+00  0.9981291E+03  0.9981291E+03  0.9981291E+03  0.9981291E+03  0.9981291E+03  0.9981291E+03  0.9981291E+03  0.9981291E+03  0.9981291E+03  0.9981291E+03  0.9981291E+03  0.2497374E+01
  0.3850000E+00  0.9693638E+03  0.9693638E+03  0.9693638E+03  0.9693638E+03  0.9693638E+03  0.9693638E+03  0.9693638E+03  0.9693638E+03  0.9693638E+03  0.9693638E+03  0.9693638E+03  0.2860162E+01
  0.3950000E+00  0.9404639E+03  0.9404639E+03  0.9404639E+03  0.9404639E+03  0.9404639E+03  0.9404639E+03  0.9404639E+03  0.9404639E+03  0.9404639E+03  0.9404639E+03  0.9404639E+03  0.2335108E+01
  0.4050000E+00  0.9140263E+03  0.9140263E+03  0.9140263E+03  0.9140263E+03  0.9140263E+03  0.9140263E+03  0.9140263E+03  0.9140263E+03  0.9140263E+03  0.9140263E+03  0.9140263E+03  0.2497170E+01
  0.4150000E+00  0.8894813E+03  0.8894813E+03  0.8894813E+03  0.8894813E+03  0.8894813E+03  0.8894813E+03  0.8894813E+03  0.8894813E+03  0.8894813E+03  0.8894813E+03  0.8894813E+03  0.2170097E+01
  0.4250000E+00  0.8665352E+03  0.8665352E+03  0.8665352E+03  0.8665352E+03  0.8665352E+03  0.8665352E+03  0.8665352E+03  0.8665352E+03  0.8665352E+03  0.8665352E+03  0.8665352E+03  0.2083479E+01
  0.4350000E+00  0.8453254E+03  0.8453254E+03  0.8453254E+03  0.8453254E+03  0.8453254E+03  0.8453254E+03  0.8453254E+03  0.8453254E+03  0.8453254E+03  0.8453254E+03  0.8453254E+03  0.2063625E+01
  0.4450000E+00  0.8240118E+03  0.8240118E+03  0.8240118E+03  0.8240118E+03  0.8240118E+03  0.8240118E+03  0.8240118E+03  0.8240118E+03  0.8240118E+03  0.8240118E+03  0.8240118E+03  0.1933109E+01
  0.4550000E+00  0.8033246E+03  0.8033246E+03  0.8033246E+03  0.8033246E+03  0.8033246E+03  0.8033246E+03  0.8033246E+03  0.8033246E+03  0.8033246E+03  0.8033246E+03  0.8033246E+03  0.1647002E+01
  0.4650000E+00  0.7847922E+03  0.7847922E+03  0.7847922E+03  0.7847922E+03  0.7847922E+03  0.7847922E+03  0.7847922E+03  0.7847922E+03  0.7847922E+03  0.7847922E+03  0.7847922E+03  0.1633246E+01
  0.4750000E+00  0.7686617E+03  0.7686617E+03  0.7686617E+03  0.7686617E+03  0.7686617E+03  0.7686617E+03  0.7686617E+03  0.7686617E+03  0.7686617E+03  0.7686617E+03  0.7686617E+03  0.1540315E+01
  0.4850000E+00  0.7511382E+03  0.7511382E+03  0.7511382E+03  0.7511382E+03  0.7511382E+03  0.7511382E+03  0.7511382E+03  0.7511382E+03  0.7511382E+03  0.7511382E+03  0.7511382E+03  0.1576370E+01
  0.4950000E+00  0.7345566E+03  0.7345566E+03  0.7345566E+03  0.7345566E+03  0.7345566E+03  0.7345566E+03  0.7345566E+03  0.7345566E+03  0.7345566E+03  0.7345566E+03  0.7345566E+03  0.1627923E+01
  0.5050000E+00  0.7190304E+03  0.7190304E+03  0.7190304E+03  0.7190304E+03  0.7190304E+03  0.7190304E+03  0.7190304E+03  0.7190304E+03  0.7190304E+03  0.7190304E+03  0.7190304E+03  0.1517882E+01
  0.5150000E+00  0.7037877E+03  0.7037877E+03  0.7037877E+03  0.7037877E+03  0.7037877E+03  0.7037877E+03  0.7037877E+03  0.7037877E+03  0.7037877E+03  0.7037877E+03  0.7037877E+03  0.1472316E+01
  0.5250000E+00  0.6906532E+03  0.6906532E+03  0.6906532E+03  0.6906532E+03  0.6906532E+03  0.6906532E+03  0.6906532E+03  0.6906532E+03  0.6906532E+03  0.6906532E+03  0.6906532E+03  0.1417799E+01
  0.5350000E+00  0.6776647E+03  0.6776647E+03  0.6776647E+03  0.6776647E+03  0.6776647E+03  0.6776647E+03  0.6776647E+03  0.6776647E+03  0.6776647E+03  0.6776647E+03  0.6776647E+03  0.1344055E+01
  0.5450000E+00  0.6649163E+03  0.6649163E+03  0.6649163E+03  0.6649163E+03  0.6649163E+03  0.6649163E+03  0.6649163E+03  0.6649163E+03  0.6649163E+03  0.6649163E+03  0.6649163E+03  0.1290632E+01
  0.5550000E+00  0.6529921E+03  0.6529921E+03  0.6529921E+03  0.6529921E+03  0.6529921E+03  0.6529921E+03  0.6529921E+03  0.6529921E+03  0.6529921E+03  0.6529921E+03  0.6529921E+03  0.1174899E+01
  0.5650000E+00  0.6414390E+03  0.6414390E+03  0.6414390E+03  0.6414390E+03  0.6414390E+03  0.6414390E+03  0.6414390E+03  0.6414390E+03  0.6414390E+03  0.6414390E+03  0.6414390E+03  0.1252925E+01
  0.5750000E+00  0.6299760E+03  0.6299760E+03  0.6299760E+03  0.6299760E+03  0.6299760E+03  0.6299760E+03  0.6299760E+03  0.6299760E+03  0.6299760E+03  0.6299760E+03  0.6299760E+03  0.1198128E+01
  0.5850000E+00  0.6186235E+03  0.6186235E+03  0.6186235E+03  0.6186235E+03  0.6186235E+03  0.6186235E+03  0.6186235E+03  0.6186235E+03  0.6186235E+03  0.6186235E+03  0.6186235E+03  0.1256121E+01
  0.5950000E+00  0.6090770E+03  0.6090770E+03  0.6090770E+03  0.6090770E+03  0.6090770E+03  0.6090770E+03  0.6090770E+03  0.6090770E+03  0.6090770E+03  0.6090770E+03  0.6090770E+03  0.1036876E+01
  0.6050000E+00  0.5982673E+03  0.5982673E+03  0.5982673E+03  0.5982673E+03  0.5982673E+03  0.5982673E+03  0.5982673E+03  0.5982673E+03  0.5982673E+03  0.5982673E+03  0.5982673E+03  0.1003401E+01
  0.6150000E+00  0.5881833E+03  0.5881833E+03  0.5881833E+03  0.5881833E+03  0.5881833E+03  0.5881833E+03  0.5881833E+03  0.5881833E+03  0.5881833E+03  0.5881833E+03  0.5881833E+03  0.1035636E+01
  0.6250000E+00  0.5793801E+03  0.5793801E+03  0.5793801E+03  0.5793801E+03  0.5793801E+03  0.5793801E+03  0.5793801E+03  0.5793801E+03  0.5793801E+03  0.5793801E+03  0.5793801E+03  0.1080073E+01
  0.6350000E+00  0.5706039E+03  0.5706039E+03  0.5706039E+03  0.5706039E+03  0.5706039E+03  0.5706039E+03  0.5706039E+03  0.5706039E+03  0.5706039E+03  0.5706039E+03  0.5706039E+03  0.1074396E+01
  0.6450000E+00  0.5616850E+03  0.5616850E+03  0.5616850E+03  0.5616850E+03  0.5616850E+03  0.5616850E+03  0.5616850E+03  0.5616850E+03  0.5616850E+03  0.5616850E+03  0.5616850E+03  0.9079813E+00
  0.6550000E+00  0.5528755E+03  0.5528755E+03  0.5528755E+03  0.5528755E+03  0.5528755E+03  0.5528755E+03  0.5528755E+03  0.5528755E+03  0.5528755E+03  0.5528755E+03  0.5528755E+03  0.9715046E+00
  0.6650000E+00  0.5449809E+03  0.5449809E+03  0.5449809E+03  0.5449809E+03  0.5449809E+03  0.5449809E+03  0.5449809E+03  0.5449809E+03  0.5449809E+03  0.5449809E+03  0.5449809E+03  0.9913245E+00
  0.6750000E+00  0.5361525E+03  0.5361525E+03  0.5361525E+03  0.5361525E+03  0.5361525E+03  0.5361525E+03  0.5361525E+03  0.5361525E+03  0.5361525E+03  0.5361525E+03  0.5361525E+03  0.8529752E+00
  0.6850000E+00  0.5301582E+03  0.5301582E+03  0.5301582E+03  0.5301582E+03  0.5301582E+03  0.5301582E+03  0.5301582E+03  0.5301582E+03  0.5301582E+03  0.5301582E+03  0.5301582E+03  0.8046743E+00
  0.6950000E+00  0.5218857E+03  0.5218857E+03  0.5218857E+03  0.5218857E+03  0.5218857E+03  0.5218857E+03  0.5218857E+03  0.5218857E+03  0.5218857E+03  0.5218857E+03  0.5218857E+03  0.8986510E+00
  0.7050000E+00  0.5153667E+03  0.5153667E+03  0.5153667E+03  0.5153667E+03  0.5153667E+03  0.5153667E+03  0.5153667E+03  0.5153667E+03  0.5153667E+03  0.5153667E+03  0.5153667E+03  0.8965449E+00
  0.7150000E+00  0.5077645E+03  0.5077645E+03  0.5077645E+03  0.5077645E+03  0.5077645E+03  0.5077645E+03  0.5077645E+03  0.5077645E+03  0.5077645E+03  0.5077645E+03  0.5077645E+03  0.7515200E+00
  0.7250000E+00  0.5010319E+03  0.5010319E+03  0.5010319E+03  0.5010319E+03  0.5010319E+03  0.5010319E+03  0.5010319E+03  0.5010319E+03  0.5010319E+03  0.5010319E+03  0.5010319E+03  0.7951575E+00
  0.7350000E+00  0.4940267E+03  0.4940267E+03  0.4940267E+03  0.4940267E+03  0.4940267E+03  0.4940267E+03  0.4940267E+03  0.4940267E+03  0.4940267E+03  0.4940267E+03  0.4940267E+03  0.7681461E+00
  0.7450000E+00  0.4874829E+03  0.4874829E+03  0.4874829E+03  0.4874829E+03  0.4874829E+03  0.4874829E+03  0.4874829E+03  0.4874829E+03  0.4874829E+03  0.4874829E+03  0.4874829E+03  0.7796751E+00
  0.7550000E+00  0.4814455E+03  0.4814455E+03  0.4814455E+03  0.4814455E+03  0.4814455E+03  0.4814455E+03  0.4814455E+03  0.4814455E+03  0.4814455E+03  0.4814455E+03  0.4814455E+03  0.7162607E+00
  0.7650000E+00  0.4754979E+03  0.4754979E+03  0.4754979E+03  0.4754979E+03  0.4754979E+03  0.4754979E+03  0.4754979E+03  0.4754979E+03  0.4754979E+03  0.4754979E+03  0.4754979E+03  0.7537648E+00
  0.7750000E+00  0.4697065E+03  0.4697065E+03  0.4697065E+03  0.4697065E+03  0.4697065E+03  0.4697065E+03  0.4697065E+03  0.4697065E+03  0.4697065E+03  0.4697065E+03  0.4697065E+03  0.7638416E+00
  0.7850000E+00  0.4631245E+03  0.4631245E+03  0.4631245E+03  0.4631245E+03  0.4631245E+03  0.4631245E+03  0.4631245E+03  0.4631245E+03  0.4631245E+03  0.4631245E+03  0.4631245E+03  0.7105626E+00
  0.7950000E+00  0.4577057E+03  0.4577057E+03  0.4577057E+03  0.4577057E+03  0.4577057E+03  0.4577057E+03  0.4577057E+03  0.4577057E+03  0.4577057E+03  0.4577057E+03  0.4577057E+03  0.6170106E+00
  0.8050000E+00  0.4522944E+03  0.4522944E+03  0.4522944E+03  0.4522944E+03  0.4522944E+03  0.4522944E+03  0.4522944E+03  0.4522944E+03  0.4522944E+03  0.4522944E+03  0.4522944E+03  0.7120496E+00
  0.8150000E+00  0.4468083E+03  0.4468083E+03  0.4468083E+03  0.4468083E+03  0.4468083E+03  0.4468083E+03  0.4468083E+03  0.4468083E+03  0.4468083E+03  0.4468083E+03  0.4468083E+03  0.6424164E+00
  0.8250000E+00  0.4416425E+03  0.4416425E+03  0.4416425E+03  0.4416425E+03  0.4416425E+03  0.4416425E+03  0.4416425E+03  0.4416425E+03  0.4416425E+03  0.4416425E+03  0.4416425E+03  0.6396742E+00
  0.8350000E+00  0.4362182E+03  0.4362182E+03  0.4362182E+03  0.4362182E+03  0.4362182E+03  0.4362182E+03  0.4362182E+03  0.4362182E+03  0.4362182E+03  0.4362182E+03  0.4362182E+03  0.6247364E+00
  0.8450000E+00  0.4315349E+03  0.4315349E+03  0.4315349E+03  0.4315349E+03  0.4315349E+03  0.4315349E+03  0.4315349E+03  0.4315349E+03  0.4315349E+03  0.4315349E+03  0.4315349E+03  0.6000387E+00
  0.8550000E+00  0.4272458E+03  0.4272458E+03  0.4272458E+03  0.4272458E+03  0.4272458E+03  0.4272458E+03  0.4272458E+03  0.4272458E+03  0.4272458E+03  0.4272458E+03  0.4272458E+03  0.5573726E+00
  0.8650000E+00  0.4216584E+03  0.4216584E+03  0.4216584E+03  0.4216584E+03  0.4216584E+03  0.4216584E+03  0.4216584E+03  0.4216584E+03  0.4216584E+03  0.4216584E+03  0.4216584E+03  0.6266460E+00
  0.8750000E+00  0.4165151E+03  0.4165151E+03  0.4165151E+03  0.4165151E+03  0.4165151E+03  0.4165151E+03  0.4165151E+03  0.4165151E+03  0.4165151E+03  0.4165151E+03  0.4165151E+03  0.5656623E+00
  0.8850000E+00  0.4117819E+03  0.4117819E+03  0.4117819E+03  0.4117819E+03  0.4117819E+03  0.4117819E+03  0.4117819E+03  0.4117819E+03  0.4117819E+03  0.4117819E+03  0.4117819E+03  0.5498546E+00
  0.8950000E+00  0.4076889E+03  0.4076889E+03  0.4076889E+03  0.4076889E+03  0.4076889E+03  0.4076889E+03  0.4076889E+03  0.4076889E+03  0.4076889E+03  0.4076889E+03  0.4076889E+03  0.6024460E+00
  0.9050000E+00  0.4031606E+03  0.4031606E+03  0.4031606E+03  0.4031606E+03  0.4031606E+03  0.4031606E+03  0.4031606E+03  0.4031606E+03  0.4031606E+03  0.4031606E+03  0.4031606E+03  0.5670081E+00
  0.9150000E+00  0.3987510E+03  0.3987510E+03  0.3987510E+03  0.3987510E+03  0.3987510E+03  0.3987510E+03  0.3987510E+03  0.3987510E+03  0.3987510E+03  0.3987510E+03  0.3987510E+03  0.5159854E+00
  0.9250000E+00  0.3941363E+03  0.3941363E+03  0.3941363E+03  0.3941363E+03  0.3941363E+03  0.3941363E+03  0.3941363E+03  0.3941363E+03  0.3941363E+03  0.3941363E+03  0.3941363E+03  0.5422953E+00
  0.9350000E+00  0.3908224E+03  0.3908224E+03  0.3908224E+03  0.3908224E+03  0.3908224E+03  0.3908224E+03  0.3908224E+03  0.3908224E+03  0.3908224E+03  0.3908224E+03  0.3908224E+03  0.5155799E+00
  0.9450000E+00  0.3861201E+03  0.3861201E+03  0.3861201E+03  0.3861201E+03  0.3861201E+03  0.3861201E+03  0.3861201E+03  0.3861201E+03  0.3861201E+03  0.3861201E+03  0.3861201E+03  0.5325819E+00
  0.9550000E+00  0.3821200E+03  0.3821200E+03  0.3821200E+03  0.3821200E+03  0.3821200E+03  0.3821200E+03  0.3821200E+03  0.3821200E+03  0.3821200E+03  0.3821200E+03  0.3821200E+03  0.4855829E+00
  0.9650000E+00  0.3782306E+03  0.3782306E+03  0.3782306E+03  0.3782306E+03  0.3782306E+03  0.3782306E+03  0.3782306E+03  0.3782306E+03  0.3782306E+03  0.3782306E+03  0.3782306E+03  0.4945382E+00
  0.9750000E+00  0.3744557E+03  0.3744557E+03  0.3744557E+03  0.3744557E+03  0.3744557E+03  0.3744557E+03  0.3744557E+03  0.3744557E+03  0.3744557E+03  0.3744557E+03  0.3744557E+03  0.4949854E+00
  0.9850000E+00  0.3706929E+03  0.3706929E+03  0.3706929E+03  0.3706929E+03  0.3706929E+03  0.3706929E+03  0.3706929E+03  0.3706929E+03  0.3706929E+03  0.3706929E+03  0.3706929E+03  0.4471710E+00
  0.9950000E+00  0.3665461E+03  0.3665461E+03  0.3665461E+03  0.3665461E+03  0.3665461E+03  0.3665461E+03  0.3665461E+03  0.3665461E+03  0.3665461E+03  0.3665461E+03  0.3665461E+03  0.4408995E+00
