1.000000000000000048e-04 3.518295170541523476e+02
1.018618757990636889e-04 3.581112283458168690e+02
1.037584174130386683e-04 3.645043820741551031e+02
1.056902702763435280e-04 3.710110342610998941e+02
1.076580918405837677e-04 3.776336787355221531e+02
1.096625517982972484e-04 3.843750674157627145e+02
1.117043323108654298e-04 3.912380709474968512e+02
1.137841282406671159e-04 3.982256416649126436e+02
1.159026473875555805e-04 4.053397216962011953e+02
1.180606107297385961e-04 4.125810289989608464e+02
1.202587526691423979e-04 4.199500876349638929e+02
1.224978212813448823e-04 4.274472698110780016e+02
1.247785785701625405e-04 4.350737550585677695e+02
1.271018007269759508e-04 4.428333641272869272e+02
1.294682783948856639e-04 4.507306120301456076e+02
1.318788169377844424e-04 4.587703092318889730e+02
1.343342367144404262e-04 4.669572598333417659e+02
1.368353733576835286e-04 4.752939357245034557e+02
1.393830780587886845e-04 4.837815436722847835e+02
1.419782178571551826e-04 4.924211611697095918e+02
1.446216759353794693e-04 5.012137540471355805e+02
1.473143519198206292e-04 5.101609135780886390e+02
1.500571621867631414e-04 5.192651110652134321e+02
1.528510401742802342e-04 5.285289029882605973e+02
1.556969366999022759e-04 5.379548793061229617e+02
1.585958202842011142e-04 5.475461193765283952e+02
1.615486774803991923e-04 5.573072689896173415e+02
1.645565132101141912e-04 5.672435306319213169e+02
1.676203511053561853e-04 5.773604148472123825e+02
1.707412338568923985e-04 5.876633504162151667e+02
1.739202235690966278e-04 5.981540814230072556e+02
1.771584021214069331e-04 6.088319709203005914e+02
1.804568715365133496e-04 6.196959641238897802e+02
1.838167543553991402e-04 6.307446630682992463e+02
1.872391940193664781e-04 6.419802330547228166e+02
1.907253552591749841e-04 6.534104910732124836e+02
1.942764244914237906e-04 6.650442763261377195e+02
1.978936102223156684e-04 6.768911162678857636e+02
2.015781434589383866e-04 6.889593145146951656e+02
2.053312781282022484e-04 7.012502704288557425e+02
2.091542915035791929e-04 7.137633714882197182e+02
2.130484846397874728e-04 7.264975481528913406e+02
2.170151828155673804e-04 7.394516383133557156e+02
2.210557359847042556e-04 7.526286821068786139e+02
2.251715192354455768e-04 7.660347608783645228e+02
2.293639332584741688e-04 7.796763397436055811e+02
2.336344048235943036e-04 7.935602249978713871e+02
2.379843872652912906e-04 8.076921605257363126e+02
2.424153609773335033e-04 8.220757758460189280e+02
2.469288339165833478e-04 8.367144812602210777e+02
2.515263421161864177e-04 8.516116544966884021e+02
2.562094502083175928e-04 8.667708645311174678e+02
2.609797519566604005e-04 8.821966874856179857e+02
2.658388707987978817e-04 8.978940750513762623e+02
2.707884603987046170e-04 9.138681033886830392e+02
2.758302052095252827e-04 9.301239395994526831e+02
2.809658210468288773e-04 9.466663338870655480e+02
2.861970556725403872e-04 9.634997027634293545e+02
2.915256893897402246e-04 9.806284831848615795e+02
2.969535356485410670e-04 9.980571478444159084e+02
3.024824416632452238e-04 1.015791145557831442e+03
3.081142890409901557e-04 1.033837845799575689e+03
3.138509944221012080e-04 1.052205152203335729e+03
3.196945101323670456e-04 1.070901349621287864e+03
3.256468248474567954e-04 1.089934212222936594e+03
3.317099642697105932e-04 1.109307062763889462e+03
3.378859918175311614e-04 1.129021477760824837e+03
3.441770093276080573e-04 1.149078644057546398e+03
3.505851577702196234e-04 1.169479576404801719e+03
3.571126179778526255e-04 1.190229236572552281e+03
3.637616113873850436e-04 1.211336347028551927e+03
3.705344007960904894e-04 1.232810186356808572e+03
3.774332911317185486e-04 1.254660505178538187e+03
3.844606302369096319e-04 1.276895808442231782e+03
3.916188096682179866e-04 1.299521140859784737e+03
3.989102655100118587e-04 1.322540991498831090e+03
4.063374792035234838e-04 1.345959722268288488e+03
4.139029783913389295e-04 1.369782067646553742e+03
4.216093377776110925e-04 1.394015814946774526e+03
4.294591800042851142e-04 1.418670185971017190e+03
4.374551765436418527e-04 1.443754792462014166e+03
4.456000486074592469e-04 1.469279548100121247e+03
4.538965680730975877e-04 1.495252388121761896e+03
4.623475584268307609e-04 1.521679071676547437e+03
4.709558957247417807e-04 1.548565182578417080e+03
4.797245095715044075e-04 1.575916201893119933e+03
4.886563841173926972e-04 1.603737664048775741e+03
4.977545590738541520e-04 1.632035419515691046e+03
5.070221307479864242e-04 1.660815302314196060e+03
5.164622530962796956e-04 1.690083057616436690e+03
5.260781387979784549e-04 1.719844879020223743e+03
5.358730603484221930e-04 1.750110859721063889e+03
5.458503511727514279e-04 1.780893206749656883e+03
5.560134067603410713e-04 1.812204734358925407e+03
5.663656858203607774e-04 1.844058755581361766e+03
5.769107114588511737e-04 1.876465277644357457e+03
5.876520723777091089e-04 1.909430115327604199e+03
5.985934240960059461e-04 1.942958624194086042e+03
6.097384901940361554e-04 1.977055881005648189e+03
6.210910635805346565e-04 2.011727825950641545e+03
6.326550077834879179e-04 2.046983606703170381e+03
6.444342582649731452e-04 2.082833140873723551e+03
6.564328237604836330e-04 2.119286572691760739e+03
6.686547876431904415e-04 2.156354204344887421e+03
6.811043093135997744e-04 2.194045906060480320e+03
6.937856256150888535e-04 2.232371381589563043e+03
7.067030522757988559e-04 2.271340473211331755e+03
7.198609853773664091e-04 2.310963157622659764e+03
7.332639028510082053e-04 2.351249216122584585e+03
7.469163660014610474e-04 2.392208101611637176e+03
7.608230210592882006e-04 2.433849299687349230e+03
7.749886007620955617e-04 2.476182350427281563e+03
7.894179259651873870e-04 2.519217084116919523e+03
8.041159072822036792e-04 2.562964219762426183e+03
8.190875467563116935e-04 2.607434812444851104e+03
8.343379395625119847e-04 2.652640104385061022e+03
8.498722757416329746e-04 2.698591342608858213e+03
8.656958419666173962e-04 2.745298041113387626e+03
8.818140233416945414e-04 2.792768564147912002e+03
8.982323052350434057e-04 2.841011093769892341e+03
9.149562751455856497e-04 2.890033664256455268e+03
9.319916246045359138e-04 2.939846335141291547e+03
9.493441511123482980e-04 2.990462481435684822e+03
9.670197601117347906e-04 3.041896125155677964e+03
9.850244669974189595e-04 3.094161725923104314e+03
1.003364399163299931e-03 3.147272930113387247e+03
1.022045798087741148e-03 3.201238661175064863e+03
1.041075021457684184e-03 3.256066378905155034e+03
1.060458545332302119e-03 3.311763170862979223e+03
1.080202966346945981e-03 3.368336157139358420e+03
1.100315003958127810e-03 3.425797439548925013e+03
1.120801502730290819e-03 3.484162908914434411e+03
1.141669434665167245e-03 3.543449107886228830e+03
1.162925901574505139e-03 3.603673162302558467e+03
1.184578137496964268e-03 3.664849076850659458e+03
1.206633511160018317e-03 3.726984706083371748e+03
1.229099528487698038e-03 3.790086861146083265e+03
1.251983835155017540e-03 3.854161818738087732e+03
1.275294219189957150e-03 3.919215720481684002e+03
1.299038613623911854e-03 3.985256199670786373e+03
1.323225099191469196e-03 4.052291089464948072e+03
1.347861907080450360e-03 4.120327853895903900e+03
1.372957421733178281e-03 4.189374084503187987e+03
1.398520183699878544e-03 4.259444836663712522e+03
1.424558892545206177e-03 4.330561690839606854e+03
1.451082409808913606e-03 4.402747575075022723e+03
1.478099762021616026e-03 4.476026650155125935e+03
1.505620143776714541e-03 4.550416009853521246e+03
1.533652920859519646e-03 4.625916729505392141e+03
1.562207633434636476e-03 4.702526687158150708e+03
1.591293999292681506e-03 4.780242151164633469e+03
1.620921917157463034e-03 4.859060192913383617e+03
1.651101470054736975e-03 4.938990094853421397e+03
1.681842928743670961e-03 5.020045651707623620e+03
1.713156755212211745e-03 5.102241025931594777e+03
1.745053606237532712e-03 5.185590588051220948e+03
1.777544337012757587e-03 5.270105660640301721e+03
1.810640004841223422e-03 5.355794561272236024e+03
1.844351872899527766e-03 5.442665221557022960e+03
1.878691414070622016e-03 5.530725267075500597e+03
1.913670314848288411e-03 5.619983387284658420e+03
1.949300479314314532e-03 5.710451234578102230e+03
1.985594033189700368e-03 5.802141047954044552e+03
2.022563327961310244e-03 5.895065289609166939e+03
2.060220945085358690e-03 5.989235094473456229e+03
2.098579700269144477e-03 6.084651613105065735e+03
2.137652647832516666e-03 6.181310990929047875e+03
2.177453085150554777e-03 6.279207819447602560e+03
2.217994557178938446e-03 6.378335332445836684e+03
2.259290861063600799e-03 6.478691905986443999e+03
2.301356050836201629e-03 6.580281804460118110e+03
2.344204442197008950e-03 6.683109234562392885e+03
2.387850617386848631e-03 6.787178070596030011e+03
2.432309430149767054e-03 6.892493062601292877e+03
2.477596010788069535e-03 6.999061935125754644e+03
2.523725771311497411e-03 7.106893085892409545e+03
2.570714410682279835e-03 7.215995168763772199e+03
2.618577920157816232e-03 7.326374985159833159e+03
2.667332588732856859e-03 7.438023201567709293e+03
2.716995008683013337e-03 7.550921359597523406e+03
2.767582081211450527e-03 7.665048330048549360e+03
2.819111022200746896e-03 7.780380916947722653e+03
2.871599368071836751e-03 7.896915441812158861e+03
2.925064981752035359e-03 8.014673795479820001e+03
2.979526058754160094e-03 8.133681700760415879e+03
3.035001133368896934e-03 8.253967646378710924e+03
3.091509084972404210e-03 8.375545725189420409e+03
3.149069144451357560e-03 8.498378455470339759e+03
3.207700900747676494e-03 8.622413846792509503e+03
3.267424307525048505e-03 8.747593987986501816e+03
3.328259689959578698e-03 8.873860767146896251e+03
3.390227751656924634e-03 9.001204803490149061e+03
3.453349581698166287e-03 9.129645416747620402e+03
3.517646661816871412e-03 9.259205178531401543e+03
3.583140873709807911e-03 9.389909348418696027e+03
3.649854506483770408e-03 9.521760362929624534e+03
3.717810264241027274e-03 9.654726330804638565e+03
3.787031273806032699e-03 9.788770064641495992e+03
3.857541092596000667e-03 9.923851076960376304e+03
3.929363716637983284e-03 1.005992862554299791e+04
4.002523588735250673e-03 1.019697009635806353e+04
4.077045606785728062e-03 1.033494321459804087e+04
4.152955132255261271e-03 1.047381371760026559e+04
4.230277998808691306e-03 1.061354693979554213e+04
4.309040521101625484e-03 1.075412383025404779e+04
4.389269503735864983e-03 1.089553602328953275e+04
4.470992250381601758e-03 1.103777662669857455e+04
4.554236573069470051e-03 1.118083982183363514e+04
4.639030801655557625e-03 1.132469433971746002e+04
4.725403793462688330e-03 1.146926615435392341e+04
4.813384943101207784e-03 1.161447198892655433e+04
4.903004192472584614e-03 1.176022208303848129e+04
4.994292040959304527e-03 1.190643427804344901e+04
5.087279555804490212e-03 1.205308064563149310e+04
5.181998382684728684e-03 1.220014958231352648e+04
5.278480756479801868e-03 1.234763230144847330e+04
5.376759512242933886e-03 1.249551919085385998e+04
5.476868096375239574e-03 1.264375200748000680e+04
5.578840578008285173e-03 1.279223399365882142e+04
5.682711660598566313e-03 1.294086128279670993e+04
5.788516693737821156e-03 1.308952361676840883e+04
5.896291685183281325e-03 1.323813800709637871e+04
6.006073313111913795e-03 1.338667844257388970e+04
6.117898938602767643e-03 1.353512819752840005e+04
6.231806618351780694e-03 1.368347485415890333e+04
6.347835117623322129e-03 1.383169489544190765e+04
6.466023923442816568e-03 1.397969106429027670e+04
6.586413258035060496e-03 1.412733808117349326e+04
6.709044092512730928e-03 1.427450328712606824e+04
6.833958160819744894e-03 1.442104954454294239e+04
6.961197973934178662e-03 1.456688326539466470e+04
7.090806834335763517e-03 1.471194971098648057e+04
7.222828850742622764e-03 1.485619770327605693e+04
7.357308953122382138e-03 1.499957885282746793e+04
7.494292907982906364e-03 1.514202073831606140e+04
7.633827333947594551e-03 1.528339595688380177e+04
7.775959717620665838e-03 1.542356533890361607e+04
7.920738429747978607e-03 1.556238381044440212e+04
8.068212741678602168e-03 1.569970856743730292e+04
8.218432842132880264e-03 1.583543885069103271e+04
8.371449854282847144e-03 1.596949021534272470e+04
8.527315853150491815e-03 1.610178061525238263e+04
8.686083883330022667e-03 1.623222920725085896e+04
8.847807977040106006e-03 1.636072721966171594e+04
9.012543172512243669e-03 1.648713784173387103e+04
9.180345532721415069e-03 1.661132056385069882e+04
9.351272164465570386e-03 1.673313224638325482e+04
9.525381237800334411e-03 1.685242691071433001e+04
9.702732005835492182e-03 1.696905539178969047e+04
9.883384824900139781e-03 1.708286620924110684e+04
1.006740117508329001e-02 1.719370587276709557e+04
1.025484368115681978e-02 1.730142283044344731e+04
1.044577613388807981e-02 1.740588873408196378e+04
1.064026351174931183e-02 1.750698723878532837e+04
1.083837200303117664e-02 1.760460581834063851e+04
1.104016902836809852e-02 1.769863469012006317e+04
1.124572326368300859e-02 1.778892339654114767e+04
1.145510466355919785e-02 1.787527386016067248e+04
1.166838448504741235e-02 1.795748166711130034e+04
1.188563531191621191e-02 1.803533833868551301e+04
1.210693107935374886e-02 1.810865308345829180e+04
1.233234709912954356e-02 1.817729290735642644e+04
1.256196008522477044e-02 1.824114050332435363e+04
1.279584817993961038e-02 1.830008638069620065e+04
1.303409098048682532e-02 1.835402254724122395e+04
1.327676956608045238e-02 1.840279083382645331e+04
1.352396652552875778e-02 1.844620873119315002e+04
1.377576598534103851e-02 1.848409516040494782e+04
1.403225363835775182e-02 1.851627155241747823e+04
1.429351677291355351e-02 1.854256806232994859e+04
1.455964430254354063e-02 1.856282627254731051e+04
1.483072679624235397e-02 1.857689425546803614e+04
1.510685650928682983e-02 1.858462754759693780e+04
1.538812741463251900e-02 1.858588947583053596e+04
1.567463523489464813e-02 1.858055021539227891e+04
1.596647747492464450e-02 1.856849032821772562e+04
1.626375345499322250e-02 1.854960252970563306e+04
1.656656434459112537e-02 1.852378978964839189e+04
1.687501319685936682e-02 1.849093659929840578e+04
1.718920498366049293e-02 1.845092238552519484e+04
1.750924663130271758e-02 1.840363882632204695e+04
1.783524705692930007e-02 1.834899204742347501e+04
1.816731720558548493e-02 1.828690544281609255e+04
1.850557008797541758e-02 1.821732227693356253e+04
1.885012081892218153e-02 1.814020623950342997e+04
1.920108665654396071e-02 1.805554316181366448e+04
1.955858704215939978e-02 1.796333172855491648e+04
1.992274364093615108e-02 1.786355058012623340e+04
2.029368038329624341e-02 1.775619191820269043e+04
2.067152350709217101e-02 1.764127212299050007e+04
2.105640160056846191e-02 1.751883385239762356e+04
2.144844564612310642e-02 1.738893735739665499e+04
2.184778906488358055e-02 1.725166649146160125e+04
2.225456776211312895e-02 1.710713814150310645e+04
2.266892017346214608e-02 1.695550536223224117e+04
2.309098731208087882e-02 1.679693262167450303e+04
2.352091281660938227e-02 1.663158080422139392e+04
2.395884300006070194e-02 1.645964524756727405e+04
2.440492689961447359e-02 1.628136269488068319e+04
2.485931632733758001e-02 1.609699862809132537e+04
2.532216592184896586e-02 1.590679357081529088e+04
2.579363320094659948e-02 1.571101079066458260e+04
2.627387861521428281e-02 1.550995953133989315e+04
2.676306560262632639e-02 1.530399241558986068e+04
2.726136064416913654e-02 1.509347297309834539e+04
2.776893332049839777e-02 1.487878427756242309e+04
2.828595636965089075e-02 1.466036129376971803e+04
2.881260574583110329e-02 1.443869328067447168e+04
2.934906067929236861e-02 1.421424059646664136e+04
2.989550373733263280e-02 1.398735457314075029e+04
3.045212088642617818e-02 1.375841057882752648e+04
3.101910155551216783e-02 1.352782527006997225e+04
3.159663870046123396e-02 1.329602670392536675e+04
3.218492886974268219e-02 1.306331253593335532e+04
3.278417227131428385e-02 1.282995595566683369e+04
3.339457284075720428e-02 1.259625332960850392e+04
3.401633831067995412e-02 1.236254299360197547e+04
3.464968028141413720e-02 1.212945000844547576e+04
3.529481429302669393e-02 1.189787447829698613e+04
3.595195989867303044e-02 1.166880753552664646e+04
3.662134073931550687e-02 1.144333323511076742e+04
3.730318461983343770e-02 1.122233477883571504e+04
3.799772358655016669e-02 1.100613778828914838e+04
3.870519400620325845e-02 1.079499757100082024e+04
3.942583664638536767e-02 1.058917147659749935e+04
4.015989675748280613e-02 1.038891643233893592e+04
4.090762415613934111e-02 1.019447901390578954e+04
4.166927331027438924e-02 1.000610170921717327e+04
4.244510342568409006e-02 9.824022389536283299e+03
4.323537853425445804e-02 9.648469671767355976e+03
4.404036758381727618e-02 9.479535609427533927e+03
4.486034452967906094e-02 9.317168116529604958e+03
4.569558842785374775e-02 9.161274424233777609e+03
4.654638353003166112e-02 9.011720750194932407e+03
4.741301938031668856e-02 8.868333353260752119e+03
4.829579091376418054e-02 8.730910295555740959e+03
4.919499855675390360e-02 8.599200437124314703e+03
5.011094832923183862e-02 8.472898933868884342e+03
5.104395194885506803e-02 8.351655010320979272e+03
5.199432693707650016e-02 8.235140711626067059e+03
5.296239672720397945e-02 8.123005097956318423e+03
5.394849077447183561e-02 8.014840415249608668e+03
5.495294466816183498e-02 7.910173372192143688e+03
5.597610024581120558e-02 7.808381842787497590e+03
5.701830570954753707e-02 7.708674504948974572e+03
5.807991574458975376e-02 7.610160064133439846e+03
5.916129163995485080e-02 7.511847079001530801e+03
6.026280141141259622e-02 7.412721375717261253e+03
6.138481992672950582e-02 7.311907538552179176e+03
6.252772903324410603e-02 7.208483070659278383e+03
6.369191768781813645e-02 7.101435981329015704e+03
6.487778208920719214e-02 6.989739309571056765e+03
6.608572581289541559e-02 6.872958669826564801e+03
6.731615994844122874e-02 6.750964239897372863e+03
6.856950323938026948e-02 6.623629295582199120e+03
6.984618222573248103e-02 6.490833228893162413e+03
7.114663138916324514e-02 6.352605876008623454e+03
7.247129330084713106e-02 6.209189811770477718e+03
7.382061877208406786e-02 6.060875764869684645e+03
7.519506700772049523e-02 5.908012958007269845e+03
7.659510576242696545e-02 5.751078472791710738e+03
7.802121149988475168e-02 5.590820119160435752e+03
7.947386955493740412e-02 5.428114003732172932e+03
8.095357429876023914e-02 5.263926174855887439e+03
8.246082930710581238e-02 5.099331787057714791e+03
8.399614753168203884e-02 4.935690324746604347e+03
8.556005147472026118e-02 4.774504480795681957e+03
8.715307336679442574e-02 4.617285097543651318e+03
8.877575534795098533e-02 4.465606582255394642e+03
9.042864965221047990e-02 4.320490818200611102e+03
9.211231879550497992e-02 4.182266863328095496e+03
9.382733576711488332e-02 4.051538278252638065e+03
9.557428422466902884e-02 3.929655514044046868e+03
9.735375869277639038e-02 3.818297021528845562e+03
9.916636476535606315e-02 3.717961337769706006e+03
1.010127193117334454e-01 3.628382097613899987e+03
1.028934506865746418e-01 3.548236714156683774e+03
1.048091989437295174e-01 3.474880396862705766e+03
1.067606160540553323e-01 3.404846131820507708e+03
1.087483661272969776e-01 3.336805858035143501e+03
1.107731256380982965e-01 3.271002547174784468e+03
1.128355836562204700e-01 3.208341380731617392e+03
1.149364420810477933e-01 3.150120349498663927e+03
1.170764158804596805e-01 3.097207260316199608e+03
1.192562333341489894e-01 3.047601089548344589e+03
1.214766362814724415e-01 2.998069573734981532e+03
1.237383803739137977e-01 2.944911915852293532e+03
1.260422353322489530e-01 2.884084056032565513e+03
1.283889852084990069e-01 2.814101895480024723e+03
1.307794286527595162e-01 2.736897904110547643e+03
1.332143791849988712e-01 2.654881885393615903e+03
1.356946654719173029e-01 2.570763974880219848e+03
1.382211316089593522e-01 2.486856200701596663e+03
1.407946374075784157e-01 2.404401498526387968e+03
1.434160586878495958e-01 2.324633601933381215e+03
1.460862875765296387e-01 2.248896359159174153e+03
1.488062328106674881e-01 2.177924032716646252e+03
1.515768200468676774e-01 2.111528721906596729e+03
1.543989921763106177e-01 2.049413021507144549e+03
1.572737096456394423e-01 1.991251057148163454e+03
1.602019507838212953e-01 1.936864030359056414e+03
1.631847121350931962e-01 1.886131533072974889e+03
1.662230087981080573e-01 1.838901332886049886e+03
1.693178747713955379e-01 1.794918793675224833e+03
1.724703633052531437e-01 1.753793030322679442e+03
1.756815472601906958e-01 1.715066757983363232e+03
1.789525194720488210e-01 1.677960109653383370e+03
1.822843931239136461e-01 1.641019737667344316e+03
1.856783021249577281e-01 1.602547454626231001e+03
1.891354014963346764e-01 1.561667278439080519e+03
1.926568677642566674e-01 1.519750623427158416e+03
1.962438993603934922e-01 1.478639095689292162e+03
1.998977170297235872e-01 1.439233760617842108e+03
2.036195642459806276e-01 1.400753001633785743e+03
2.074107076348354617e-01 1.362253305620075707e+03
2.112724374049552156e-01 1.323837505784031009e+03
2.152060677870898386e-01 1.286457104766743441e+03
2.192129374813342746e-01 1.251042784532592123e+03
2.232944101127158631e-01 1.218115928808568469e+03
2.274518746952663151e-01 1.188069936375727821e+03
2.316867461047341648e-01 1.160266116250519872e+03
2.360004655600963508e-01 1.133114539221897758e+03
2.403945011140371790e-01 1.105555830074034930e+03
2.448703481525593140e-01 1.077977952303012444e+03
2.494295299038948310e-01 1.050899049344769992e+03
2.540735979568935488e-01 1.024391753496192678e+03
2.588041327890632792e-01 9.984432162599584899e+02
2.636227443044395491e-01 9.734143903149220023e+02
2.685310723814711698e-01 9.497693678824762173e+02
2.735307874311079801e-01 9.269466058530497321e+02
2.786235909652761689e-01 9.038507901590007805e+02
2.838112161759405172e-01 8.808681147310896904e+02
2.890954285249487388e-01 8.591958400414188191e+02
2.944780263448539270e-01 8.386189813616957736e+02
2.999608414509291610e-01 8.183111332559013817e+02
3.055457397645717776e-01 7.983968539054862958e+02
3.112346219483181908e-01 7.791279413635236324e+02
3.170294240526813079e-01 7.600355043500525198e+02
3.229321181750291481e-01 7.410215009771366113e+02
3.289447131307334793e-01 7.228541212628640551e+02
3.350692551368140704e-01 7.064826693988816260e+02
3.413078285083093744e-01 6.920157176910980752e+02
3.476625563676150610e-01 6.758796383033684378e+02
3.541356013670298175e-01 6.577298217765160189e+02
3.607291664247512242e-01 6.420425045014204670e+02
3.674454954745774993e-01 6.280149655959451138e+02
3.742868742295683004e-01 6.141640463709467213e+02
3.812556309599205995e-01 6.011249448153561161e+02
3.883541372853305251e-01 5.880051457794561429e+02
3.955848089821086822e-01 5.740466444838527877e+02
4.029501068053188972e-01 5.600446748389720142e+02
4.104525373262280508e-01 5.484790547164536747e+02
4.180946537853479361e-01 5.368514052397575824e+02
4.258790569613564725e-01 5.239059353075832632e+02
4.338083960562001962e-01 5.124416120898739564e+02
4.418853695966769579e-01 5.004596302393919132e+02
4.501127263528001410e-01 4.897516259075705420e+02
4.584932662732687514e-01 4.794020644763355108e+02
4.670298414383473595e-01 4.694805366997968008e+02
4.757253570304930124e-01 4.608706000635355622e+02
4.845827723230530792e-01 4.488831078035678388e+02
4.936051016873679309e-01 4.407750694797463780e+02
5.027954156186282830e-01 4.312070439141394331e+02
5.121568417808332052e-01 4.228808947895686856e+02
5.216925660711994039e-01 4.132738266568774748e+02
5.314058337043928715e-01 4.047447058422140458e+02
5.412999503169476645e-01 3.969084595275401171e+02
5.513782830922426825e-01 3.887056187761991737e+02
5.616442619064294650e-01 3.802993770846784400e+02
5.721013804956951443e-01 3.740968657444074097e+02
5.827531976452537954e-01 3.651838169989384824e+02
5.936033384004799629e-01 3.581374960863387855e+02
6.046554953005927047e-01 3.523314083005484463e+02
6.159134296353031557e-01 3.443732501861588275e+02
6.273809727248653711e-01 3.375439639301985721e+02
6.390620272239599942e-01 3.314191099573487804e+02
6.509605684498487310e-01 3.249672802859448666e+02
6.630806457352632632e-01 3.185811302812496137e+02
6.754263838064833436e-01 3.119875592434254372e+02
6.880019841870665953e-01 3.069168484556229828e+02
7.008117266277236190e-01 3.002375220201758452e+02
7.138599705628055903e-01 2.943875833554444057e+02
7.271511565939169364e-01 2.890459850434725126e+02
7.406898080011508068e-01 2.836229419840952346e+02
7.544805322824555960e-01 2.785272225631411516e+02
7.685280227216687576e-01 2.735258364285010657e+02
7.828370599857461531e-01 2.679495723906427429e+02
7.974125137517225070e-01 2.632660402673714088e+02
8.122593443639704036e-01 2.590424491387184958e+02
8.273826045223166004e-01 2.537633347750382597e+02
8.427874410015804285e-01 2.487849457394950718e+02
8.584790964031362437e-01 2.445298559072762714e+02
8.744629109390869015e-01 2.390881863020254912e+02
8.907443242496495550e-01 2.355729417325815405e+02
9.073288772543862679e-01 2.307813642101993139e+02
9.242222140379020567e-01 2.270711454534977918e+02
9.414300837706444103e-01 2.229596197044142230e+02
9.589583426654740839e-01 2.185156824016791859e+02
9.768129559706647536e-01 2.146538320675153670e+02
9.949999999999999956e-01 2.109348259999999868e+02
