4.999999999999999562e-06 -3.240027426272431805e-07
5.123761999065976960e-06 -3.240141793930733349e-07
5.250587404614506112e-06 -3.240258918311757436e-07
5.380552043307652942e-06 -3.240379080967088387e-07
5.513733618699310417e-06 -3.240502127999838881e-07
5.650211757692813556e-06 -3.240628167471283252e-07
5.790068058148432163e-06 -3.240757395055448673e-07
5.933386137669335411e-06 -3.240889832485541974e-07
6.080251683594999357e-06 -3.241025501924933552e-07
6.230752504232185491e-06 -3.241164513138701334e-07
6.384978581354009775e-06 -3.241306889128239408e-07
6.543022123998374620e-06 -3.241452914877079311e-07
6.704977623598166200e-06 -3.241602439852302838e-07
6.870941910475984582e-06 -3.241755662677945397e-07
7.041014211737327779e-06 -3.241912695189262556e-07
7.215296210596642166e-06 -3.242073562412255670e-07
7.393892107171950133e-06 -3.242238376953721444e-07
7.576908680784301237e-06 -3.242407251765592333e-07
7.764455353799146875e-06 -3.242580300162238247e-07
7.956644257048090408e-06 -3.242757548568309934e-07
8.153590296869894907e-06 -3.242939198065942470e-07
8.355411223811010571e-06 -3.243125362837087736e-07
8.562227703026441153e-06 -3.243315982869647765e-07
8.774163386423352733e-06 -3.243511347167526097e-07
8.991344986590405812e-06 -3.243711396063659404e-07
9.213902352556863231e-06 -3.243916418756204469e-07
9.441968547427095101e-06 -3.244126442918626591e-07
9.675679927936606776e-06 -3.244341583350074559e-07
9.915176225977406565e-06 -3.244561954792205330e-07
1.016060063214109063e-05 -3.244787671770770338e-07
1.041209988133003337e-05 -3.245018848462036812e-07
1.066982434048764078e-05 -3.245255685944275243e-07
1.093392809849995580e-05 -3.245498297510672307e-07
1.120456905832275983e-05 -3.245746708670885702e-07
1.148190903138890201e-05 -3.246001118540095479e-07
1.176611383435258073e-05 -3.246261725170072056e-07
1.205735338822804823e-05 -3.246528551154066696e-07
1.235580181998243229e-05 -3.246801704856578291e-07
1.266163756664324628e-05 -3.247081467650746731e-07
1.297504348198257679e-05 -3.247367944578381414e-07
1.329620694584220651e-05 -3.247661151138057104e-07
1.362531997616465331e-05 -3.247961275065763421e-07
1.396257934379740028e-05 -3.248268588367440003e-07
1.430818669013854015e-05 -3.248583098348129275e-07
1.466234864769466291e-05 -3.248904895897243158e-07
1.502527696362286941e-05 -3.249234329278643312e-07
1.539718862633045865e-05 -3.249571306265652905e-07
1.577830599520857935e-05 -3.249916078113679962e-07
1.616885693357688857e-05 -3.250268716020494969e-07
1.656907494491914346e-05 -3.250629459112681833e-07
1.697919931249058204e-05 -3.250998364213816397e-07
1.739947524238128659e-05 -3.251375567710634492e-07
1.783015401012046991e-05 -3.251761108761314687e-07
1.827149311090982359e-05 -3.252155278337521291e-07
1.872375641357511034e-05 -3.252558006961085109e-07
1.918721431832876771e-05 -3.252969386363781739e-07
1.966214391843751331e-05 -3.253389669569476299e-07
2.014882916589126916e-05 -3.253818831138927059e-07
2.064756104117318597e-05 -3.254256828677111686e-07
2.115863772723162149e-05 -3.254703949189633179e-07
2.168236478775862429e-05 -3.255159932459360583e-07
2.221905534988077803e-05 -3.255625019145311811e-07
2.276903029137250381e-05 -3.256099158586939685e-07
2.333261843250331711e-05 -3.256582270575686403e-07
2.391015673263337520e-05 -3.257074246125383831e-07
2.450199049167568635e-05 -3.257575033116735234e-07
2.510847355654470702e-05 -3.258084540277152165e-07
2.572996853271535312e-05 -3.258602601322469607e-07
2.636684700101806408e-05 -3.259128897546069711e-07
2.701948973980056258e-05 -3.259663285950051435e-07
2.768828695258864362e-05 -3.260205504474983458e-07
2.837363850138160308e-05 -3.260755312301860279e-07
2.907595414572287904e-05 -3.261312085369609303e-07
2.979565378768789260e-05 -3.261875012803008563e-07
3.053316772293630235e-05 -3.262443300646351508e-07
3.128893689797778083e-05 -3.263016615309319447e-07
3.206341317380630650e-05 -3.263594322328435038e-07
3.285705959606004153e-05 -3.264175832780635535e-07
3.367035067186771141e-05 -3.264759594382643245e-07
3.450377265354828411e-05 -3.265344576082705798e-07
3.535782382933243717e-05 -3.265929303004791701e-07
3.623301482128061320e-05 -3.266512327740981685e-07
3.712986889057438877e-05 -3.267091954146088469e-07
3.804892225036534233e-05 -3.267666243925786379e-07
3.899072438636757865e-05 -3.268233108721028996e-07
3.995583838538506135e-05 -3.268790095958397991e-07
4.094484127197153920e-05 -3.269334473644940402e-07
4.195832435342312851e-05 -3.269863248127307049e-07
4.299689357331079695e-05 -3.270372977305247673e-07
4.406116987376280605e-05 -3.270860007302667504e-07
4.515178956671521334e-05 -3.271319968253025083e-07
4.626940471435182138e-05 -3.271748382896875554e-07
4.741468351896001608e-05 -3.272139924938637296e-07
4.858831072243744765e-05 -3.272488838641868932e-07
4.979098801568689975e-05 -3.272788575778213517e-07
5.102343445814520976e-05 -3.273032147368689917e-07
5.228638690769549170e-05 -3.273211643410117415e-07
5.358060046122220619e-05 -3.273318258803887966e-07
5.490684890606946876e-05 -3.273341845376818942e-07
5.626592518267521946e-05 -3.273271649015273838e-07
5.765864185865614614e-05 -3.273096185593525811e-07
5.908583161462733449e-05 -3.272802767782990278e-07
6.054834774204774630e-05 -3.272376805646382629e-07
6.204706465338730972e-05 -3.271801570426637088e-07
6.358287840492302014e-05 -3.271058847024855774e-07
6.515670723247547508e-05 -3.270127396957351257e-07
6.676949210040503222e-05 -3.268984083579149806e-07
6.842219726419826551e-05 -3.267605539593167365e-07
7.011581084697889076e-05 -3.265967460486215718e-07
7.185134543028970562e-05 -3.264041407747308442e-07
7.362983865949625619e-05 -3.261791559451386112e-07
7.545235386417703733e-05 -3.259177805926252680e-07
7.731998069386987167e-05 -3.256161440981548282e-07
7.923383576955309797e-05 -3.252704706285607679e-07
8.119506335125414474e-05 -3.248763070580930984e-07
8.320483602218196851e-05 -3.244278078357175265e-07
8.526435538979439111e-05 -3.239184038301011642e-07
8.737485280421698145e-05 -3.233413657418750879e-07
8.953759009444588874e-05 -3.226897060882534003e-07
9.175386032277363401e-05 -3.219557069566233869e-07
9.402498855788703159e-05 -3.211305620381147271e-07
9.635233266710298641e-05 -3.202045393700230305e-07
9.873728412821294149e-05 -3.191666921504409225e-07
1.011812688614235548e-04 -3.180047632808317967e-07
1.036857480818879473e-04 -3.167056537112350790e-07
1.062522191733409059e-04 -3.152561431333663599e-07
1.088822165833587156e-04 -3.136419072732143720e-07
1.115773127407769662e-04 -3.118444765533364514e-07
1.143391189958185199e-04 -3.098411452126726600e-07
1.171692865834914510e-04 -3.076081758451185835e-07
1.200695076108329162e-04 -3.051242257368620142e-07
1.230415160685898021e-04 -3.023669246628885528e-07
1.260870888679409881e-04 -2.993085828057799970e-07
1.292080469028821996e-04 -2.959158214842054315e-07
1.324062561389044445e-04 -2.921523139696866052e-07
1.356836287286228705e-04 -2.879796343502463347e-07
1.390421241550187867e-04 -2.833560895037772045e-07
1.424837504029797966e-04 -2.782353792455247831e-07
1.460105651598378939e-04 -2.725661897492032931e-07
1.496246770456245636e-04 -2.662919847595428427e-07
1.533282468737781135e-04 -2.593492003447001764e-07
1.571234889430542367e-04 -2.516679291997500968e-07
1.610126723614167690e-04 -2.431721023855323677e-07
1.649981224026974289e-04 -2.337790036581440204e-07
1.690822218968356008e-04 -2.233975699641115597e-07
1.732674126545295042e-04 -2.119252345850364868e-07
1.775561969271520133e-04 -1.992490882648458295e-07
1.819511389028033693e-04 -1.852451699776995515e-07
1.864548662393918359e-04 -1.697774518336901074e-07
1.910700716356649820e-04 -1.526966711001585276e-07
1.957995144411266608e-04 -1.338368902339651451e-07
2.006460223058030004e-04 -1.130160291718749860e-07
2.056124928708435941e-04 -9.003329416304098201e-08
2.107018955009701039e-04 -6.466731130065259349e-08
2.159172730598082847e-04 -3.667472561079186916e-08
2.212617437291595785e-04 -5.783115349941299074e-09
2.267385028733083258e-04 2.830702112728291310e-08
2.323508249494735968e-04 6.592090554166576223e-08
2.381020654655487991e-04 1.074113431127351966e-07
2.439956629862997277e-04 1.531674866878134382e-07
2.500351411892220575e-04 2.036347679676342512e-07
2.562241109712862426e-04 2.593061225986768770e-07
2.625662726078281228e-04 3.207148476428683321e-07
2.690654179648773077e-04 3.884367696542199607e-07
2.757254327662482323e-04 4.631032243257907419e-07
2.825502989167447739e-04 5.454199707259534189e-07
2.895440968828699767e-04 6.361636145260325345e-07
2.967110081324650915e-04 7.362087366324281174e-07
3.040553176347359117e-04 8.465442467603197019e-07
3.115814164221590815e-04 9.682397344050753300e-07
3.192938042158018162e-04 1.102388643772794759e-06
3.271970921156271833e-04 1.250159279901886057e-06
3.352960053573881541e-04 1.412920131422185706e-06
3.435953861377616099e-04 1.592291539881720320e-06
3.521001965094124140e-04 1.790051945833068212e-06
3.608155213477177710e-04 2.008122931904782545e-06
3.697465713909230817e-04 2.248592942153113035e-06
3.788986863555490726e-04 2.513586530605539628e-06
3.882773381289158403e-04 2.805202787372385645e-06
3.978881340406860987e-04 3.125834876706800381e-06
4.077368202153874854e-04 3.478879110954684570e-06
4.178292850079193786e-04 3.868346277490214317e-06
4.281715625240966163e-04 4.298158886826003585e-06
4.387698362283337433e-04 4.771908522185308149e-06
4.496304426406273476e-04 5.293540670040303258e-06
4.607598751250517816e-04 5.867981081543299489e-06
4.721647877720250904e-04 6.500852852344307409e-06
4.838519993766709224e-04 7.198175156957481858e-06
4.958284975156558669e-04 7.966324064954241390e-06
5.081014427249389096e-04 8.812294727534452729e-06
5.206781727809280244e-04 9.744094915297113634e-06
5.335662070876051686e-04 1.077061999474482757e-05
5.467732511722473527e-04 1.190131981493340825e-05
5.603072012924236074e-04 1.314608027960753559e-05
5.741761491570257329e-04 1.451579726278602161e-05
5.883883867641614062e-04 1.602353411074172414e-05
6.029524113587885273e-04 1.768407639337231591e-05
6.178769305130716021e-04 1.951353067772448912e-05
6.331708673324805327e-04 2.152938114651668509e-05
6.488433657907619057e-04 2.375052213475072012e-05
6.649037961969537450e-04 2.619614032692077962e-05
6.813617607977314654e-04 2.888648439114726020e-05
6.982270995184199211e-04 3.184539733135721224e-05
7.155098958461069553e-04 3.510204593866406359e-05
7.332204828583877444e-04 3.868846622764627197e-05
7.513694494013221405e-04 4.263801918187856617e-05
7.699676464203242601e-04 4.698633536824237995e-05
7.890261934477445487e-04 5.177242396072358861e-05
8.085564852510460391e-04 5.703911507517750305e-05
8.285701986455321424e-04 6.283344926938539278e-05
8.490792994757043058e-04 6.920937320813947617e-05
8.700960497694349913e-04 7.622709931663773229e-05
8.916330150692093007e-04 8.395209358057856037e-05
9.137030719448474081e-04 9.245519410879893480e-05
9.363194156921702659e-04 1.018130633155114395e-04
9.594955682222395393e-04 1.121046061237750005e-04
9.832453861458657126e-04 1.234132701670975481e-04
1.007583069058227065e-03 1.358408942961142948e-04
1.032523168028562886e-03 1.495207684504677736e-04
1.058080594299992119e-03 1.645983382313994433e-04
1.084270628204689032e-03 1.811997110276014861e-04
1.111108928299715066e-03 1.994439747884152643e-04
1.138611540728999864e-03 2.194803613562475294e-04
1.166794908817042533e-03 2.415145123360642446e-04
1.195675882900081814e-03 2.657713225478623752e-04
1.225271730400620410e-03 2.924377697229723640e-04
1.255600146151301293e-03 3.216830109285639516e-04
1.286679262974344982e-03 3.537501778620035062e-04
1.318527662522832496e-03 3.890386695911036714e-04
1.351164386390354358e-03 4.279913338942834943e-04
1.384608947495639519e-03 4.709260885140945292e-04
1.418881341748978167e-03 5.180872201241595431e-04
1.454002060007432212e-03 5.697986467359620342e-04
1.489992100325944696e-03 6.265598418129653124e-04
1.526872980511715522e-03 6.889332930077451001e-04
1.564666750989305395e-03 7.574747740336589506e-04
1.603396007984204865e-03 8.327531821271351919e-04
1.643083907032711569e-03 9.154090278582275014e-04
1.683754176826210988e-03 1.006193573751324724e-03
1.725431133398151393e-03 1.105932582574103767e-03
1.768139694662155658e-03 1.215498647928466925e-03
1.811905395310014913e-03 1.335823992956567969e-03
1.856754402078412839e-03 1.467930751718887327e-03
1.902713529393566631e-03 1.612951321503836846e-03
1.949810255403092510e-03 1.772123945172767974e-03
1.998072738404696805e-03 1.946823113058138459e-03
2.047529833681536321e-03 2.138563894407091801e-03
2.098211110754265567e-03 2.348990239557311507e-03
2.150146871060144502e-03 2.579873239915792850e-03
2.203368166069714223e-03 2.833141891013008125e-03
2.257906815851936852e-03 3.110959653041503632e-03
2.313795428098843702e-03 3.415728492710832891e-03
2.371067417621087591e-03 3.750027518609058436e-03
2.429757026326086113e-03 4.116555804620596754e-03
2.489899343690627886e-03 4.518240487151581851e-03
2.551530327740271758e-03 4.958461184111493357e-03
2.614686826547989954e-03 5.441045990063832390e-03
2.679406600264998793e-03 5.970102543371557519e-03
2.745728343696873276e-03 6.549900147723584226e-03
2.813691709438478558e-03 7.185048349471170187e-03
2.883337331581573536e-03 7.880681513213730685e-03
2.954706850009189856e-03 8.642479788203604602e-03
3.027842935291405295e-03 9.476650278408486894e-03
3.102789314197294378e-03 1.039002393101419106e-02
3.179590795838413766e-03 1.139003866714446631e-02
3.258293298459362906e-03 1.248464373206329553e-02
3.338943876891481335e-03 1.368236132545360036e-02
3.421590750686120432e-03 1.499255681046430914e-02
3.506283332944231876e-03 1.642578063766440832e-02
3.593072259859611366e-03 1.799356276403908314e-02
3.682009420993354737e-03 1.970808830565518380e-02
3.773147990297731104e-03 2.158228700025905875e-02
3.866542457907936117e-03 2.363033930020913553e-02
3.962248662720765230e-03 2.586820988153093470e-02
4.060323825779728682e-03 2.831335685164999838e-02
4.160826584486468187e-03 3.098457781432338576e-02
4.263817027659050872e-03 3.390213084972046320e-02
4.369356731457973639e-03 3.708786861498328952e-02
4.477508796201494327e-03 4.056506184028511180e-02
4.588337884092174093e-03 4.435885518705789954e-02
4.701910257877250920e-03 4.849720189696306305e-02
4.818293820465994158e-03 5.301107699010990104e-02
4.937558155527612368e-03 5.793375431918575819e-02
5.059774569094136788e-03 6.329995918708358760e-02
5.185016132192988951e-03 6.914698728016983875e-02
5.313357724534893342e-03 7.551617258626436291e-02
5.444876079283111729e-03 8.245323405319114618e-02
5.579649828930826651e-03 9.000787795665696200e-02
5.717759552314150354e-03 9.823443171231739657e-02
5.859287822788742869e-03 1.071917292608873251e-01
6.004319257598997837e-03 1.169396080195290455e-01
6.152940568469151932e-03 1.275387221228531098e-01
6.305240613446724124e-03 1.390558182080058047e-01
6.461310450029155925e-03 1.515698200701943998e-01
6.621243389605450079e-03 1.651677413330362165e-01
6.785135053245442208e-03 1.799375697238015104e-01
6.953083428869894118e-03 1.959676258319092979e-01
7.125188929835786673e-03 2.133547923269940028e-01
7.301554454971629846e-03 2.322134183445309086e-01
7.482285450098899102e-03 2.526696499927233996e-01
7.667489971076203378e-03 2.748523167206077256e-01
7.857278748403940041e-03 2.988918849498223840e-01
8.051765253428159325e-03 3.249282688315940915e-01
8.251065766183000860e-03 3.531126890514989514e-01
8.455299444912533352e-03 3.836078522395370838e-01
8.664588397313290752e-03 4.165875219127470053e-01
8.879057753540356077e-03 4.522371110626954294e-01
9.098835741020440751e-03 4.907555200129484763e-01
9.324053761116762179e-03 5.323558577794380575e-01
9.554846467691655021e-03 5.772665536421046628e-01
9.791351847613647894e-03 6.257265762329632386e-01
1.003371130325745285e-02 6.779845268443693840e-01
1.028206973704584928e-02 7.343046712091528816e-01
1.053657563808435733e-02 7.949640673281078707e-01
1.079738117094019775e-02 8.602566654954436620e-01
1.106464226661876826e-02 9.304950341972237915e-01
1.133851871579209802e-02 1.006011298210375715e+00
1.161917426433477230e-02 1.087158530554356961e+00
1.190677671122477958e-02 1.174307949287167752e+00
1.220149800886744830e-02 1.267852700539519040e+00
1.250351436590284478e-02 1.368192853266053444e+00
1.281300635255769489e-02 1.475728628998742575e+00
1.313015900860520398e-02 1.590882399007750081e+00
1.345516195399703088e-02 1.714108852232884006e+00
1.378820950223364969e-02 1.845891358284532657e+00
1.412950077654103950e-02 1.986724721322846055e+00
1.447923982892282586e-02 2.137108290627641516e+00
1.483763576215946928e-02 2.297562759679662392e+00
1.520490285482699322e-02 2.468622023072099214e+00
1.558126068941045363e-02 2.650840131307261593e+00
1.596693428358837014e-02 2.844783837651098324e+00
1.636215422476675063e-02 3.051026288332948866e+00
1.676715680794334598e-02 3.270159121513890543e+00
1.718218417698408329e-02 3.502780470970531468e+00
1.760748446939675721e-02 3.749502618209249238e+00
1.804331196468788104e-02 4.010948341313067544e+00
1.848992723639203070e-02 4.287745033998114685e+00
1.894759730786409885e-02 4.580533548175864667e+00
1.941659581192775944e-02 4.889960976418544547e+00
1.989720315447581628e-02 5.216683377946931266e+00
2.038970668211975701e-02 5.561342660755226319e+00
2.089440085398936928e-02 5.924547080336114213e+00
2.141158741778446950e-02 6.306906825622283996e+00
2.194157559018463516e-02 6.709077024289094915e+00
2.248468224172433735e-02 7.131733613094343838e+00
2.304123208624413513e-02 7.575545338412603691e+00
2.361155787503147960e-02 8.041164691863128766e+00
2.419600059576663964e-02 8.529239363776367711e+00
2.479490967639337226e-02 9.040440092021473362e+00
2.540864319403550800e-02 9.575442935902771069e+00
2.603756808908508011e-02 1.013495560508616045e+01
2.668206038458941637e-02 1.071975113870933605e+01
2.734250541106857113e-02 1.133061317904195775e+01
2.801929803689780576e-02 1.196836789549995395e+01
2.871284290439215722e-02 1.263386337269737325e+01
2.942355467173514774e-02 1.332804053261255994e+01
3.015185826089532284e-02 1.405201841532267437e+01
3.089818911167977605e-02 1.480697799226187428e+01
3.166299344207579997e-02 1.559423127108587792e+01
3.244672851503661859e-02 1.641518860464696772e+01
3.324986291187101428e-02 1.727140542843504889e+01
3.407287681239955929e-02 1.816467170554735233e+01
3.491626228204582766e-02 1.909691574142389925e+01
3.578052356603339534e-02 2.007032551033438139e+01
3.666617739086527883e-02 2.108730753542332792e+01
3.757375327326552966e-02 2.215047143509088912e+01
3.850379383676772599e-02 2.326268243519020018e+01
3.945685513614025780e-02 2.442697920526776656e+01
4.043350698984130021e-02 2.564621507194574335e+01
4.143433332070348835e-02 2.692320445811704488e+01
4.245993250505070843e-02 2.826129526249693669e+01
4.351091773045697580e-02 2.966484372273435710e+01
4.458791736236030617e-02 3.113860239733247326e+01
4.569157531975112652e-02 3.268717932725826358e+01
4.682255146016035124e-02 3.431521678703524003e+01
4.798152197417611398e-02 3.602581216967682565e+01
4.916917978972654840e-02 3.781807076791393030e+01
5.038623498636865539e-02 3.969056087623285123e+01
5.163341521983287608e-02 4.164685692666949279e+01
5.291146615707491285e-02 4.369398527607815907e+01
5.422115192209719936e-02 4.583526238521929486e+01
5.556325555280485634e-02 4.806401444975376336e+01
5.693857946917063595e-02 5.037118985192442722e+01
5.834794595298695846e-02 5.275114251386390407e+01
5.979219763949389366e-02 5.520023162762100100e+01
6.127219802117625513e-02 5.771172835853194272e+01
6.278883196402970657e-02 6.027214403709069046e+01
6.434300623660692275e-02 6.286530583409039252e+01
6.593565005215822061e-02 6.547815026678239292e+01
6.756771562419218446e-02 6.809934092174557918e+01
6.924017873578650062e-02 7.071646485745381483e+01
7.095403932299181038e-02 7.331654695564088797e+01
7.271032207267555392e-02 7.588576522113017120e+01
7.451007703516462910e-02 7.841286665464789962e+01
7.635438025205103230e-02 8.089084231213671217e+01
7.824433439953840108e-02 8.331905329405506677e+01
8.018106944771315192e-02 8.571073454260537972e+01
8.216574333613255177e-02 8.808390807412814638e+01
8.419954266613691174e-02 9.046070359262931504e+01
8.628368341029717115e-02 9.284304918464101775e+01
8.841941163942404480e-02 9.520720946790072503e+01
9.060800426757058268e-02 9.751874443225374023e+01
9.285076981547703279e-02 9.975577221838838682e+01
9.514904919291271301e-02 1.019975670195522213e+02
9.750421650038110233e-02 1.045063725327120210e+02
9.991767985067090407e-02 1.074651023203524574e+02
1.023908822107413852e-01 1.108523451448771482e+02
1.049253022644474620e-01 1.143430854164837456e+02
1.075224552966174696e-01 1.174300820656206668e+02
1.101838940990155641e-01 1.201822394473072961e+02
1.129112098987292007e-01 1.230866143586912074e+02
1.157060333095341897e-01 1.268144917236757863e+02
1.185700353068107060e-01 1.317120724150722708e+02
1.215049282265893565e-01 1.372359933366129212e+02
1.245124667893275222e-01 1.425996322147772162e+02
1.275944491490242083e-01 1.470155400425209109e+02
1.307527179683050378e-01 1.504659756816361664e+02
1.339891615201185271e-01 1.533137991129352997e+02
1.373057148166993147e-01 1.559633212779480687e+02
1.407043607664788809e-01 1.585959406492427775e+02
1.441871313596305715e-01 1.612412223887166363e+02
1.477561088829618952e-01 1.639427876383051341e+02
1.514134271648750474e-01 1.668511688878677433e+02
1.551612728511458650e-01 1.701901443948108863e+02
1.590018867122817703e-01 1.741117071164033234e+02
1.629375649832365824e-01 1.784052358416743402e+02
1.669706607362902162e-01 1.827478044484352608e+02
1.711035852879079500e-01 1.870362512373495747e+02
1.753388096404254470e-01 1.914434931883216677e+02
1.796788659594150406e-01 1.961125661759289471e+02
1.841263490876236808e-01 2.009755005607007092e+02
1.886839180963845730e-01 2.058798103047629979e+02
1.933542978754265451e-01 2.104582464784070339e+02
1.981402807620387951e-01 2.142698756603560923e+02
2.030447282105591889e-01 2.176798021994330270e+02
2.080705725031885833e-01 2.216459944056493896e+02
2.132208185031480019e-01 2.262110201714192783e+02
2.184985454512342884e-01 2.306511341042240986e+02
2.239069088068449398e-01 2.349845490381923128e+02
2.294491421345686843e-01 2.397120959114690493e+02
2.351285590374782575e-01 2.445180527791071938e+02
2.409485551382739843e-01 2.489785464701800777e+02
2.469126101094683556e-01 2.539890111950608116e+02
2.530242897538175773e-01 2.597841243293049729e+02
2.592872481362533676e-01 2.648984733257285029e+02
2.657052297685851827e-01 2.694627062249776372e+02
2.722820718482741875e-01 2.744011461017492479e+02
2.790217065526279239e-01 2.793053371908510485e+02
2.859281633897781116e-01 2.843700679933155016e+02
2.930055716078546202e-01 2.900090219859278591e+02
3.002581626637861323e-01 2.952694340278316645e+02
3.076902727532150328e-01 3.007291572154955475e+02
3.153063454030338164e-01 3.067493147912367704e+02
3.231109341280872793e-01 3.122185213376009187e+02
3.311087051536407699e-01 3.179150715521993220e+02
3.393044402052324826e-01 3.240994277976755029e+02
3.477030393675849540e-01 3.299218587065454358e+02
3.563095240142746811e-01 3.353201665844844115e+02
3.651290398099246715e-01 3.416226209130632583e+02
3.741668597867081059e-01 3.479533769356984862e+02
3.834283874969965922e-01 3.540166773842675525e+02
3.929191602440511577e-01 3.613759668246965475e+02
4.026448523926761669e-01 3.677576746715665763e+02
4.126112787618247957e-01 3.746708055315290835e+02
4.228243981011713393e-01 3.809310705328016411e+02
4.332903166537444561e-01 3.888059191394609115e+02
4.440152918067440391e-01 3.961182109945266347e+02
4.550057358327172508e-01 4.039787182597797823e+02
4.662682197233459225e-01 4.116142077587367680e+02
4.778094771181241596e-01 4.187542532530080166e+02
4.896364083302858772e-01 4.273053804768696295e+02
5.017560844723741864e-01 4.347232110882994789e+02
5.141757516839369213e-01 4.435287332933127118e+02
5.269028354638680689e-01 4.526387449836371957e+02
5.399449451099761488e-01 4.606812372891477594e+02
5.533098782684522376e-01 4.713330215604628393e+02
5.670056255959423641e-01 4.794454343147894519e+02
5.810403755370241452e-01 4.888146157893050940e+02
5.954225192199259498e-01 4.992941842268289179e+02
6.101606554734363419e-01 5.093997863827100900e+02
6.252635959679964106e-01 5.198390179567657015e+02
6.407403704840325398e-01 5.298255386503711861e+02
6.566002323107084093e-01 5.416763466857748881e+02
6.728526637782987763e-01 5.517391514413817504e+02
6.895073819275129301e-01 5.640012341277251835e+02
7.065743443191324635e-01 5.751475249937545868e+02
7.240637549874646695e-01 5.872854715345089289e+02
7.419860705411580604e-01 6.008067448495778535e+02
7.603520064150147695e-01 6.129510927984015325e+02
7.791725432765645998e-01 6.258069171172639926e+02
7.984589335912090080e-01 6.387698774204267238e+02
8.182227083498763154e-01 6.528140561218891662e+02
8.384756839631881675e-01 6.669783832214660606e+02
8.592299693262859250e-01 6.823084537472656166e+02
8.804979730585298370e-01 6.972715523353002709e+02
9.022924109223828815e-01 7.124955651314890019e+02
9.246263134259459227e-01 7.285515053640680208e+02
9.475130336136640130e-01 7.447779733607859498e+02
9.709662550498833200e-01 7.617525362581210402e+02
9.949999999999999956e-01 7.787586151250000057e+02
