  0.5000022E-02  0.8021035E+04  0.8021035E+04  0.8021035E+04  0.8021035E+04  0.8021035E+04  0.8021035E+04  0.8021035E+04  0.8021035E+04  0.8021035E+04  0.8021035E+04  0.8021035E+04  0.1118777E+04
  0.1500002E-01  0.1066321E+05  0.1066321E+05  0.1066321E+05  0.1066321E+05  0.1066321E+05  0.1066321E+05  0.1066321E+05  0.1066321E+05  0.1066321E+05  0.1066321E+05  0.1066321E+05  0.7513027E+03
  0.2500002E-01  0.9301045E+04  0.9301045E+04  0.9301045E+04  0.9301045E+04  0.9301045E+04  0.9301045E+04  0.9301045E+04  0.9301045E+04  0.9301045E+04  0.9301045E+04  0.9301045E+04  0.3216728E+03
  0.3500002E-01  0.7097270E+04  0.7097270E+04  0.7097270E+04  0.7097270E+04  0.7097270E+04  0.7097270E+04  0.7097270E+04  0.7097270E+04  0.7097270E+04  0.7097270E+04  0.7097270E+04  0.1844386E+03
  0.4500002E-01  0.5499281E+04  0.5499281E+04  0.5499281E+04  0.5499281E+04  0.5499281E+04  0.5499281E+04  0.5499281E+04  0.5499281E+04  0.5499281E+04  0.5499281E+04  0.5499281E+04  0.1122911E+03
  0.5500002E-01  0.4639028E+04  0.4639028E+04  0.4639028E+04  0.4639028E+04  0.4639028E+04  0.4639028E+04  0.4639028E+04  0.4639028E+04  0.4639028E+04  0.4639028E+04  0.4639028E+04  0.7778927E+02
  0.6500002E-01  0.4148785E+04  0.4148785E+04  0.4148785E+04  0.4148785E+04  0.4148785E+04  0.4148785E+04  0.4148785E+04  0.4148785E+04  0.4148785E+04  0.4148785E+04  0.4148785E+04  0.5648228E+02
  0.7500002E-01  0.3499858E+04  0.3499858E+04  0.3499858E+04  0.3499858E+04  0.3499858E+04  0.3499858E+04  0.3499858E+04  0.3499858E+04  0.3499858E+04  0.3499858E+04  0.3499858E+04  0.4137324E+02
  0.8500002E-01  0.2833490E+04  0.2833490E+04  0.2833490E+04  0.2833490E+04  0.2833490E+04  0.2833490E+04  0.2833490E+04  0.2833490E+04  0.2833490E+04  0.2833490E+04  0.2833490E+04  0.3053310E+02
  0.9500002E-01  0.2302062E+04  0.2302062E+04  0.2302062E+04  0.2302062E+04  0.2302062E+04  0.2302062E+04  0.2302062E+04  0.2302062E+04  0.2302062E+04  0.2302062E+04  0.2302062E+04  0.2549061E+02
  0.1050000E+00  0.2005894E+04  0.2005894E+04  0.2005894E+04  0.2005894E+04  0.2005894E+04  0.2005894E+04  0.2005894E+04  0.2005894E+04  0.2005894E+04  0.2005894E+04  0.2005894E+04  0.1971972E+02
  0.1150000E+00  0.1822101E+04  0.1822101E+04  0.1822101E+04  0.1822101E+04  0.1822101E+04  0.1822101E+04  0.1822101E+04  0.1822101E+04  0.1822101E+04  0.1822101E+04  0.1822101E+04  0.1501799E+02
  0.1250000E+00  0.1678862E+04  0.1678862E+04  0.1678862E+04  0.1678862E+04  0.1678862E+04  0.1678862E+04  0.1678862E+04  0.1678862E+04  0.1678862E+04  0.1678862E+04  0.1678862E+04  0.1321904E+02
  0.1350000E+00  0.1492889E+04  0.1492889E+04  0.1492889E+04  0.1492889E+04  0.1492889E+04  0.1492889E+04  0.1492889E+04  0.1492889E+04  0.1492889E+04  0.1492889E+04  0.1492889E+04  0.1097731E+02
  0.1450000E+00  0.1291986E+04  0.1291986E+04  0.1291986E+04  0.1291986E+04  0.1291986E+04  0.1291986E+04  0.1291986E+04  0.1291986E+04  0.1291986E+04  0.1291986E+04  0.1291986E+04  0.8363931E+01
  0.1550000E+00  0.1133858E+04  0.1133858E+04  0.1133858E+04  0.1133858E+04  0.1133858E+04  0.1133858E+04  0.1133858E+04  0.1133858E+04  0.1133858E+04  0.1133858E+04  0.1133858E+04  0.6666305E+01
  0.1650000E+00  0.1028736E+04  0.1028736E+04  0.1028736E+04  0.1028736E+04  0.1028736E+04  0.1028736E+04  0.1028736E+04  0.1028736E+04  0.1028736E+04  0.1028736E+04  0.1028736E+04  0.5603646E+01
  0.1750000E+00  0.9529425E+03  0.9529425E+03  0.9529425E+03  0.9529425E+03  0.9529425E+03  0.9529425E+03  0.9529425E+03  0.9529425E+03  0.9529425E+03  0.9529425E+03  0.9529425E+03  0.5258828E+01
  0.1850000E+00  0.8902868E+03  0.8902868E+03  0.8902868E+03  0.8902868E+03  0.8902868E+03  0.8902868E+03  0.8902868E+03  0.8902868E+03  0.8902868E+03  0.8902868E+03  0.8902868E+03  0.5011877E+01
  0.1950000E+00  0.8188323E+03  0.8188323E+03  0.8188323E+03  0.8188323E+03  0.8188323E+03  0.8188323E+03  0.8188323E+03  0.8188323E+03  0.8188323E+03  0.8188323E+03  0.8188323E+03  0.4066451E+01
  0.2050000E+00  0.7499014E+03  0.7499014E+03  0.7499014E+03  0.7499014E+03  0.7499014E+03  0.7499014E+03  0.7499014E+03  0.7499014E+03  0.7499014E+03  0.7499014E+03  0.7499014E+03  0.3378865E+01
  0.2150000E+00  0.6855648E+03  0.6855648E+03  0.6855648E+03  0.6855648E+03  0.6855648E+03  0.6855648E+03  0.6855648E+03  0.6855648E+03  0.6855648E+03  0.6855648E+03  0.6855648E+03  0.3000153E+01
  0.2250000E+00  0.6348679E+03  0.6348679E+03  0.6348679E+03  0.6348679E+03  0.6348679E+03  0.6348679E+03  0.6348679E+03  0.6348679E+03  0.6348679E+03  0.6348679E+03  0.6348679E+03  0.2487366E+01
  0.2350000E+00  0.5979390E+03  0.5979390E+03  0.5979390E+03  0.5979390E+03  0.5979390E+03  0.5979390E+03  0.5979390E+03  0.5979390E+03  0.5979390E+03  0.5979390E+03  0.5979390E+03  0.2171100E+01
  0.2450000E+00  0.5634255E+03  0.5634255E+03  0.5634255E+03  0.5634255E+03  0.5634255E+03  0.5634255E+03  0.5634255E+03  0.5634255E+03  0.5634255E+03  0.5634255E+03  0.5634255E+03  0.2056821E+01
  0.2550000E+00  0.5289143E+03  0.5289143E+03  0.5289143E+03  0.5289143E+03  0.5289143E+03  0.5289143E+03  0.5289143E+03  0.5289143E+03  0.5289143E+03  0.5289143E+03  0.5289143E+03  0.2084407E+01
  0.2650000E+00  0.4957025E+03  0.4957025E+03  0.4957025E+03  0.4957025E+03  0.4957025E+03  0.4957025E+03  0.4957025E+03  0.4957025E+03  0.4957025E+03  0.4957025E+03  0.4957025E+03  0.1785522E+01
  0.2750000E+00  0.4654090E+03  0.4654090E+03  0.4654090E+03  0.4654090E+03  0.4654090E+03  0.4654090E+03  0.4654090E+03  0.4654090E+03  0.4654090E+03  0.4654090E+03  0.4654090E+03  0.1536187E+01
  0.2850000E+00  0.4379640E+03  0.4379640E+03  0.4379640E+03  0.4379640E+03  0.4379640E+03  0.4379640E+03  0.4379640E+03  0.4379640E+03  0.4379640E+03  0.4379640E+03  0.4379640E+03  0.1314094E+01
  0.2950000E+00  0.4159678E+03  0.4159678E+03  0.4159678E+03  0.4159678E+03  0.4159678E+03  0.4159678E+03  0.4159678E+03  0.4159678E+03  0.4159678E+03  0.4159678E+03  0.4159678E+03  0.1351473E+01
  0.3050000E+00  0.3953128E+03  0.3953128E+03  0.3953128E+03  0.3953128E+03  0.3953128E+03  0.3953128E+03  0.3953128E+03  0.3953128E+03  0.3953128E+03  0.3953128E+03  0.3953128E+03  0.1261396E+01
  0.3150000E+00  0.3757282E+03  0.3757282E+03  0.3757282E+03  0.3757282E+03  0.3757282E+03  0.3757282E+03  0.3757282E+03  0.3757282E+03  0.3757282E+03  0.3757282E+03  0.3757282E+03  0.1162333E+01
  0.3250000E+00  0.3567068E+03  0.3567068E+03  0.3567068E+03  0.3567068E+03  0.3567068E+03  0.3567068E+03  0.3567068E+03  0.3567068E+03  0.3567068E+03  0.3567068E+03  0.3567068E+03  0.1082388E+01
  0.3350000E+00  0.3397432E+03  0.3397432E+03  0.3397432E+03  0.3397432E+03  0.3397432E+03  0.3397432E+03  0.3397432E+03  0.3397432E+03  0.3397432E+03  0.3397432E+03  0.3397432E+03  0.9272809E+00
  0.3450000E+00  0.3255433E+03  0.3255433E+03  0.3255433E+03  0.3255433E+03  0.3255433E+03  0.3255433E+03  0.3255433E+03  0.3255433E+03  0.3255433E+03  0.3255433E+03  0.3255433E+03  0.9125694E+00
  0.3550000E+00  0.3097536E+03  0.3097536E+03  0.3097536E+03  0.3097536E+03  0.3097536E+03  0.3097536E+03  0.3097536E+03  0.3097536E+03  0.3097536E+03  0.3097536E+03  0.3097536E+03  0.8117798E+00
  0.3650000E+00  0.2966475E+03  0.2966475E+03  0.2966475E+03  0.2966475E+03  0.2966475E+03  0.2966475E+03  0.2966475E+03  0.2966475E+03  0.2966475E+03  0.2966475E+03  0.2966475E+03  0.7361885E+00
  0.3750000E+00  0.2855311E+03  0.2855311E+03  0.2855311E+03  0.2855311E+03  0.2855311E+03  0.2855311E+03  0.2855311E+03  0.2855311E+03  0.2855311E+03  0.2855311E+03  0.2855311E+03  0.6673108E+00
  0.3850000E+00  0.2739537E+03  0.2739537E+03  0.2739537E+03  0.2739537E+03  0.2739537E+03  0.2739537E+03  0.2739537E+03  0.2739537E+03  0.2739537E+03  0.2739537E+03  0.2739537E+03  0.6978883E+00
  0.3950000E+00  0.2635453E+03  0.2635453E+03  0.2635453E+03  0.2635453E+03  0.2635453E+03  0.2635453E+03  0.2635453E+03  0.2635453E+03  0.2635453E+03  0.2635453E+03  0.2635453E+03  0.7257994E+00
  0.4050000E+00  0.2534837E+03  0.2534837E+03  0.2534837E+03  0.2534837E+03  0.2534837E+03  0.2534837E+03  0.2534837E+03  0.2534837E+03  0.2534837E+03  0.2534837E+03  0.2534837E+03  0.6059421E+00
  0.4150000E+00  0.2439440E+03  0.2439440E+03  0.2439440E+03  0.2439440E+03  0.2439440E+03  0.2439440E+03  0.2439440E+03  0.2439440E+03  0.2439440E+03  0.2439440E+03  0.2439440E+03  0.4895823E+00
  0.4250000E+00  0.2352299E+03  0.2352299E+03  0.2352299E+03  0.2352299E+03  0.2352299E+03  0.2352299E+03  0.2352299E+03  0.2352299E+03  0.2352299E+03  0.2352299E+03  0.2352299E+03  0.5812582E+00
  0.4350000E+00  0.2264255E+03  0.2264255E+03  0.2264255E+03  0.2264255E+03  0.2264255E+03  0.2264255E+03  0.2264255E+03  0.2264255E+03  0.2264255E+03  0.2264255E+03  0.2264255E+03  0.5026694E+00
  0.4450000E+00  0.2192249E+03  0.2192249E+03  0.2192249E+03  0.2192249E+03  0.2192249E+03  0.2192249E+03  0.2192249E+03  0.2192249E+03  0.2192249E+03  0.2192249E+03  0.2192249E+03  0.4694120E+00
  0.4550000E+00  0.2115009E+03  0.2115009E+03  0.2115009E+03  0.2115009E+03  0.2115009E+03  0.2115009E+03  0.2115009E+03  0.2115009E+03  0.2115009E+03  0.2115009E+03  0.2115009E+03  0.4851535E+00
  0.4650000E+00  0.2045140E+03  0.2045140E+03  0.2045140E+03  0.2045140E+03  0.2045140E+03  0.2045140E+03  0.2045140E+03  0.2045140E+03  0.2045140E+03  0.2045140E+03  0.2045140E+03  0.3954358E+00
  0.4750000E+00  0.1986112E+03  0.1986112E+03  0.1986112E+03  0.1986112E+03  0.1986112E+03  0.1986112E+03  0.1986112E+03  0.1986112E+03  0.1986112E+03  0.1986112E+03  0.1986112E+03  0.3937174E+00
  0.4850000E+00  0.1916049E+03  0.1916049E+03  0.1916049E+03  0.1916049E+03  0.1916049E+03  0.1916049E+03  0.1916049E+03  0.1916049E+03  0.1916049E+03  0.1916049E+03  0.1916049E+03  0.3520948E+00
  0.4950000E+00  0.1868076E+03  0.1868076E+03  0.1868076E+03  0.1868076E+03  0.1868076E+03  0.1868076E+03  0.1868076E+03  0.1868076E+03  0.1868076E+03  0.1868076E+03  0.1868076E+03  0.3382224E+00
  0.5050000E+00  0.1811501E+03  0.1811501E+03  0.1811501E+03  0.1811501E+03  0.1811501E+03  0.1811501E+03  0.1811501E+03  0.1811501E+03  0.1811501E+03  0.1811501E+03  0.1811501E+03  0.3780403E+00
  0.5150000E+00  0.1761770E+03  0.1761770E+03  0.1761770E+03  0.1761770E+03  0.1761770E+03  0.1761770E+03  0.1761770E+03  0.1761770E+03  0.1761770E+03  0.1761770E+03  0.1761770E+03  0.3403209E+00
  0.5250000E+00  0.1706887E+03  0.1706887E+03  0.1706887E+03  0.1706887E+03  0.1706887E+03  0.1706887E+03  0.1706887E+03  0.1706887E+03  0.1706887E+03  0.1706887E+03  0.1706887E+03  0.3067219E+00
  0.5350000E+00  0.1664577E+03  0.1664577E+03  0.1664577E+03  0.1664577E+03  0.1664577E+03  0.1664577E+03  0.1664577E+03  0.1664577E+03  0.1664577E+03  0.1664577E+03  0.1664577E+03  0.3102816E+00
  0.5450000E+00  0.1618869E+03  0.1618869E+03  0.1618869E+03  0.1618869E+03  0.1618869E+03  0.1618869E+03  0.1618869E+03  0.1618869E+03  0.1618869E+03  0.1618869E+03  0.1618869E+03  0.2735997E+00
  0.5550000E+00  0.1578630E+03  0.1578630E+03  0.1578630E+03  0.1578630E+03  0.1578630E+03  0.1578630E+03  0.1578630E+03  0.1578630E+03  0.1578630E+03  0.1578630E+03  0.1578630E+03  0.2807676E+00
  0.5650000E+00  0.1539138E+03  0.1539138E+03  0.1539138E+03  0.1539138E+03  0.1539138E+03  0.1539138E+03  0.1539138E+03  0.1539138E+03  0.1539138E+03  0.1539138E+03  0.1539138E+03  0.2947038E+00
  0.5750000E+00  0.1496597E+03  0.1496597E+03  0.1496597E+03  0.1496597E+03  0.1496597E+03  0.1496597E+03  0.1496597E+03  0.1496597E+03  0.1496597E+03  0.1496597E+03  0.1496597E+03  0.2240417E+00
  0.5850000E+00  0.1461929E+03  0.1461929E+03  0.1461929E+03  0.1461929E+03  0.1461929E+03  0.1461929E+03  0.1461929E+03  0.1461929E+03  0.1461929E+03  0.1461929E+03  0.1461929E+03  0.2199065E+00
  0.5950000E+00  0.1426493E+03  0.1426493E+03  0.1426493E+03  0.1426493E+03  0.1426493E+03  0.1426493E+03  0.1426493E+03  0.1426493E+03  0.1426493E+03  0.1426493E+03  0.1426493E+03  0.2431643E+00
  0.6050000E+00  0.1392415E+03  0.1392415E+03  0.1392415E+03  0.1392415E+03  0.1392415E+03  0.1392415E+03  0.1392415E+03  0.1392415E+03  0.1392415E+03  0.1392415E+03  0.1392415E+03  0.2151584E+00
  0.6150000E+00  0.1358016E+03  0.1358016E+03  0.1358016E+03  0.1358016E+03  0.1358016E+03  0.1358016E+03  0.1358016E+03  0.1358016E+03  0.1358016E+03  0.1358016E+03  0.1358016E+03  0.2180722E+00
  0.6250000E+00  0.1326081E+03  0.1326081E+03  0.1326081E+03  0.1326081E+03  0.1326081E+03  0.1326081E+03  0.1326081E+03  0.1326081E+03  0.1326081E+03  0.1326081E+03  0.1326081E+03  0.1985185E+00
  0.6350000E+00  0.1302121E+03  0.1302121E+03  0.1302121E+03  0.1302121E+03  0.1302121E+03  0.1302121E+03  0.1302121E+03  0.1302121E+03  0.1302121E+03  0.1302121E+03  0.1302121E+03  0.2121499E+00
  0.6450000E+00  0.1279626E+03  0.1279626E+03  0.1279626E+03  0.1279626E+03  0.1279626E+03  0.1279626E+03  0.1279626E+03  0.1279626E+03  0.1279626E+03  0.1279626E+03  0.1279626E+03  0.1971276E+00
  0.6550000E+00  0.1244825E+03  0.1244825E+03  0.1244825E+03  0.1244825E+03  0.1244825E+03  0.1244825E+03  0.1244825E+03  0.1244825E+03  0.1244825E+03  0.1244825E+03  0.1244825E+03  0.1811603E+00
  0.6650000E+00  0.1222651E+03  0.1222651E+03  0.1222651E+03  0.1222651E+03  0.1222651E+03  0.1222651E+03  0.1222651E+03  0.1222651E+03  0.1222651E+03  0.1222651E+03  0.1222651E+03  0.2000614E+00
  0.6750000E+00  0.1195732E+03  0.1195732E+03  0.1195732E+03  0.1195732E+03  0.1195732E+03  0.1195732E+03  0.1195732E+03  0.1195732E+03  0.1195732E+03  0.1195732E+03  0.1195732E+03  0.1971836E+00
  0.6850000E+00  0.1168875E+03  0.1168875E+03  0.1168875E+03  0.1168875E+03  0.1168875E+03  0.1168875E+03  0.1168875E+03  0.1168875E+03  0.1168875E+03  0.1168875E+03  0.1168875E+03  0.1680713E+00
  0.6950000E+00  0.1144319E+03  0.1144319E+03  0.1144319E+03  0.1144319E+03  0.1144319E+03  0.1144319E+03  0.1144319E+03  0.1144319E+03  0.1144319E+03  0.1144319E+03  0.1144319E+03  0.1616416E+00
  0.7050000E+00  0.1122930E+03  0.1122930E+03  0.1122930E+03  0.1122930E+03  0.1122930E+03  0.1122930E+03  0.1122930E+03  0.1122930E+03  0.1122930E+03  0.1122930E+03  0.1122930E+03  0.1477586E+00
  0.7150000E+00  0.1105303E+03  0.1105303E+03  0.1105303E+03  0.1105303E+03  0.1105303E+03  0.1105303E+03  0.1105303E+03  0.1105303E+03  0.1105303E+03  0.1105303E+03  0.1105303E+03  0.1492821E+00
  0.7250000E+00  0.1081928E+03  0.1081928E+03  0.1081928E+03  0.1081928E+03  0.1081928E+03  0.1081928E+03  0.1081928E+03  0.1081928E+03  0.1081928E+03  0.1081928E+03  0.1081928E+03  0.1498510E+00
  0.7350000E+00  0.1060830E+03  0.1060830E+03  0.1060830E+03  0.1060830E+03  0.1060830E+03  0.1060830E+03  0.1060830E+03  0.1060830E+03  0.1060830E+03  0.1060830E+03  0.1060830E+03  0.1352406E+00
  0.7450000E+00  0.1044102E+03  0.1044102E+03  0.1044102E+03  0.1044102E+03  0.1044102E+03  0.1044102E+03  0.1044102E+03  0.1044102E+03  0.1044102E+03  0.1044102E+03  0.1044102E+03  0.1387513E+00
  0.7550000E+00  0.1023012E+03  0.1023012E+03  0.1023012E+03  0.1023012E+03  0.1023012E+03  0.1023012E+03  0.1023012E+03  0.1023012E+03  0.1023012E+03  0.1023012E+03  0.1023012E+03  0.1480016E+00
  0.7650000E+00  0.1007686E+03  0.1007686E+03  0.1007686E+03  0.1007686E+03  0.1007686E+03  0.1007686E+03  0.1007686E+03  0.1007686E+03  0.1007686E+03  0.1007686E+03  0.1007686E+03  0.1330848E+00
  0.7750000E+00  0.9870366E+02  0.9870366E+02  0.9870366E+02  0.9870366E+02  0.9870366E+02  0.9870366E+02  0.9870366E+02  0.9870366E+02  0.9870366E+02  0.9870366E+02  0.9870366E+02  0.1273593E+00
  0.7850000E+00  0.9704677E+02  0.9704677E+02  0.9704677E+02  0.9704677E+02  0.9704677E+02  0.9704677E+02  0.9704677E+02  0.9704677E+02  0.9704677E+02  0.9704677E+02  0.9704677E+02  0.1205232E+00
  0.7950000E+00  0.9547650E+02  0.9547650E+02  0.9547650E+02  0.9547650E+02  0.9547650E+02  0.9547650E+02  0.9547650E+02  0.9547650E+02  0.9547650E+02  0.9547650E+02  0.9547650E+02  0.1256880E+00
  0.8050000E+00  0.9438168E+02  0.9438168E+02  0.9438168E+02  0.9438168E+02  0.9438168E+02  0.9438168E+02  0.9438168E+02  0.9438168E+02  0.9438168E+02  0.9438168E+02  0.9438168E+02  0.1143399E+00
  0.8150000E+00  0.9237528E+02  0.9237528E+02  0.9237528E+02  0.9237528E+02  0.9237528E+02  0.9237528E+02  0.9237528E+02  0.9237528E+02  0.9237528E+02  0.9237528E+02  0.9237528E+02  0.1121874E+00
  0.8250000E+00  0.9100013E+02  0.9100013E+02  0.9100013E+02  0.9100013E+02  0.9100013E+02  0.9100013E+02  0.9100013E+02  0.9100013E+02  0.9100013E+02  0.9100013E+02  0.9100013E+02  0.1155371E+00
  0.8350000E+00  0.8956485E+02  0.8956485E+02  0.8956485E+02  0.8956485E+02  0.8956485E+02  0.8956485E+02  0.8956485E+02  0.8956485E+02  0.8956485E+02  0.8956485E+02  0.8956485E+02  0.1074491E+00
  0.8450000E+00  0.8800382E+02  0.8800382E+02  0.8800382E+02  0.8800382E+02  0.8800382E+02  0.8800382E+02  0.8800382E+02  0.8800382E+02  0.8800382E+02  0.8800382E+02  0.8800382E+02  0.1265599E+00
  0.8550000E+00  0.8671950E+02  0.8671950E+02  0.8671950E+02  0.8671950E+02  0.8671950E+02  0.8671950E+02  0.8671950E+02  0.8671950E+02  0.8671950E+02  0.8671950E+02  0.8671950E+02  0.1075587E+00
  0.8650000E+00  0.8520053E+02  0.8520053E+02  0.8520053E+02  0.8520053E+02  0.8520053E+02  0.8520053E+02  0.8520053E+02  0.8520053E+02  0.8520053E+02  0.8520053E+02  0.8520053E+02  0.1023848E+00
  0.8750000E+00  0.8387171E+02  0.8387171E+02  0.8387171E+02  0.8387171E+02  0.8387171E+02  0.8387171E+02  0.8387171E+02  0.8387171E+02  0.8387171E+02  0.8387171E+02  0.8387171E+02  0.1038520E+00
  0.8850000E+00  0.8324279E+02  0.8324279E+02  0.8324279E+02  0.8324279E+02  0.8324279E+02  0.8324279E+02  0.8324279E+02  0.8324279E+02  0.8324279E+02  0.8324279E+02  0.8324279E+02  0.9146696E-01
  0.8950000E+00  0.8191008E+02  0.8191008E+02  0.8191008E+02  0.8191008E+02  0.8191008E+02  0.8191008E+02  0.8191008E+02  0.8191008E+02  0.8191008E+02  0.8191008E+02  0.8191008E+02  0.9413552E-01
  0.9050000E+00  0.8042132E+02  0.8042132E+02  0.8042132E+02  0.8042132E+02  0.8042132E+02  0.8042132E+02  0.8042132E+02  0.8042132E+02  0.8042132E+02  0.8042132E+02  0.8042132E+02  0.9970912E-01
  0.9150000E+00  0.7967411E+02  0.7967411E+02  0.7967411E+02  0.7967411E+02  0.7967411E+02  0.7967411E+02  0.7967411E+02  0.7967411E+02  0.7967411E+02  0.7967411E+02  0.7967411E+02  0.9012600E-01
  0.9250000E+00  0.7848501E+02  0.7848501E+02  0.7848501E+02  0.7848501E+02  0.7848501E+02  0.7848501E+02  0.7848501E+02  0.7848501E+02  0.7848501E+02  0.7848501E+02  0.7848501E+02  0.9268649E-01
  0.9350000E+00  0.7717901E+02  0.7717901E+02  0.7717901E+02  0.7717901E+02  0.7717901E+02  0.7717901E+02  0.7717901E+02  0.7717901E+02  0.7717901E+02  0.7717901E+02  0.7717901E+02  0.8581505E-01
  0.9450000E+00  0.7613909E+02  0.7613909E+02  0.7613909E+02  0.7613909E+02  0.7613909E+02  0.7613909E+02  0.7613909E+02  0.7613909E+02  0.7613909E+02  0.7613909E+02  0.7613909E+02  0.8722177E-01
  0.9550000E+00  0.7517616E+02  0.7517616E+02  0.7517616E+02  0.7517616E+02  0.7517616E+02  0.7517616E+02  0.7517616E+02  0.7517616E+02  0.7517616E+02  0.7517616E+02  0.7517616E+02  0.8514611E-01
  0.9650000E+00  0.7422947E+02  0.7422947E+02  0.7422947E+02  0.7422947E+02  0.7422947E+02  0.7422947E+02  0.7422947E+02  0.7422947E+02  0.7422947E+02  0.7422947E+02  0.7422947E+02  0.7534248E-01
  0.9750000E+00  0.7303202E+02  0.7303202E+02  0.7303202E+02  0.7303202E+02  0.7303202E+02  0.7303202E+02  0.7303202E+02  0.7303202E+02  0.7303202E+02  0.7303202E+02  0.7303202E+02  0.8197163E-01
  0.9850000E+00  0.7215635E+02  0.7215635E+02  0.7215635E+02  0.7215635E+02  0.7215635E+02  0.7215635E+02  0.7215635E+02  0.7215635E+02  0.7215635E+02  0.7215635E+02  0.7215635E+02  0.7978002E-01
  0.9950000E+00  0.7114487E+02  0.7114487E+02  0.7114487E+02  0.7114487E+02  0.7114487E+02  0.7114487E+02  0.7114487E+02  0.7114487E+02  0.7114487E+02  0.7114487E+02  0.7114487E+02  0.7157692E-01
