9.999999999999999547e-07 1.814779481268576022e+00
1.028062896708320958e-06 1.863643311478591524e+00
1.056913319588303903e-06 1.913822819908678641e+00
1.086573368905558963e-06 1.965353431709484955e+00
1.117065765123167987e-06 2.018271525867275873e+00
1.148413866306221038e-06 2.072614460884909526e+00
1.180641686014776057e-06 2.128420601156710834e+00
1.213773911698949190e-06 2.185729344051537737e+00
1.247835923610211339e-06 2.244581147726340653e+00
1.282853814243417146e-06 2.305017559687989159e+00
1.318854408324405767e-06 2.367081246124071114e+00
1.355865283358527202e-06 2.430816022024107959e+00
1.393914790755815947e-06 2.496266882110770968e+00
1.433032077548997290e-06 2.563480032604274594e+00
1.473247108720965359e-06 2.632502923842949372e+00
1.514590690158834321e-06 2.703384283780680963e+00
1.557094492252146268e-06 2.776174152386901017e+00
1.600791074153313606e-06 2.850923916973254091e+00
1.645713908718880276e-06 2.927686348470142974e+00
1.691897408150705343e-06 3.006515638681767744e+00
1.739376950356714640e-06 3.087467438542464748e+00
1.788188906051409476e-06 3.170598897404517835e+00
1.838370666616899334e-06 3.255968703382333462e+00
1.889960672745776478e-06 3.343637124784588632e+00
1.942998443887830115e-06 3.433666052660202084e+00
1.997524608523082492e-06 3.526119044491036192e+00
2.053580935284395229e-06 3.621061369060205593e+00
2.111210364953458521e-06 3.718560052529238824e+00
2.170457043354683971e-06 3.818683925754672526e+00
2.231366355172194137e-06 3.921503672879551150e+00
2.293984958715813823e-06 4.027091881233220150e+00
2.358360821662697630e-06 4.135523092573584414e+00
2.424543257801969034e-06 4.246873855710015633e+00
2.492582964810521700e-06 4.361222780542999722e+00
2.562532063088919802e-06 4.478650593557604864e+00
2.634444135687144721e-06 4.599240194812792559e+00
2.708374269350775322e-06 4.723076716463086910e+00
2.784379096719045798e-06 4.850247582857964090e+00
2.862516839707080559e-06 4.980842572256625189e+00
2.942847354105609816e-06 5.114953880207311343e+00
3.025432175432230969e-06 5.252676184630435507e+00
3.110334566069416387e-06 5.394106712655540647e+00
3.197619563725343130e-06 5.539345309256037631e+00
3.287354031254673449e-06 5.688494507734013439e+00
3.379606707877455920e-06 5.841659602100472526e+00
3.474448261835369917e-06 5.998948721404836704e+00
3.571951344525660982e-06 6.160472906066310372e+00
3.672190646154232758e-06 6.326346186259163673e+00
3.775242952950521563e-06 6.496685662408416384e+00
3.881187205987988825e-06 6.671611587852972036e+00
3.990104561655294390e-06 6.851247453733472881e+00
4.102078453824427070e-06 7.035720076165545400e+00
4.217194657763531206e-06 7.225159685760718986e+00
4.335541355843231908e-06 7.419700019554743342e+00
4.457209205086914588e-06 7.619478415413571959e+00
4.582291406616646448e-06 7.824635908977993992e+00
4.710883777047956455e-06 8.035317333219785141e+00
4.843084821888157401e-06 8.251671420676608193e+00
4.978995810994442029e-06 8.473850908438647522e+00
5.118720856149542040e-06 8.702012645962936332e+00
5.262366990814394768e-06 8.936317705786784416e+00
5.410044252118897051e-06 9.176931497224124712e+00
5.561865765153555496e-06 9.424023883120014489e+00
5.717947829626605849e-06 9.677769299748694820e+00
5.878410008952985973e-06 9.938346879937752121e+00
6.043375221843405347e-06 1.020594057950713740e+01
6.212969836463623392e-06 1.048073930710975254e+01
6.387323767236215628e-06 1.076293705756765107e+01
6.566570574358769415e-06 1.105273304879585083e+01
6.750847566114899789e-06 1.135033186241067149e+01
6.940295904056402051e-06 1.165594358812220932e+01
7.135060711137120214e-06 1.196978397201275079e+01
7.335291182881360103e-06 1.229207456880398119e+01
7.541140701672017137e-06 1.262304289822250070e+01
7.752766954245954545e-06 1.296292260557179610e+01
7.970332052486641988e-06 1.331195362662477599e+01
8.194002657606595474e-06 1.367038235695230775e+01
8.423950107814716636e-06 1.403846182580788238e+01
8.660350549566388269e-06 1.441645187468884792e+01
8.903385072496702044e-06 1.480461934070255481e+01
9.153239848140602819e-06 1.520323824486357900e+01
9.410106272545459364e-06 1.561258998545617516e+01
9.674181112886226584e-06 1.603296353659741413e+01
9.945666658194741649e-06 1.646465565214054649e+01
1.022477087431905183e-05 1.690797076004390220e+01
1.051170756323131633e-05 1.736322210310692427e+01
1.080669652680635304e-05 1.783073112346346534e+01
1.110996373519629119e-05 1.831082781736711240e+01
1.142174149993029558e-05 1.880385106281911689e+01
1.174226865187198410e-05 1.931014885852430751e+01
1.207179072417082283e-05 1.983007856927407175e+01
1.241056014034771979e-05 2.036400717795809356e+01
1.275883640765867756e-05 2.091231154814368409e+01
1.311688631588519449e-05 2.147537870125223591e+01
1.348498414170264223e-05 2.205360609749769552e+01
1.386341185878461820e-05 2.264740190008354404e+01
1.425245935380260327e-05 2.325718526021774224e+01
1.465242464848790891e-05 2.388338659661130237e+01
1.506361412792488139e-05 2.452644795110648701e+01
1.548634277525084131e-05 2.518682324774270853e+01
1.592093441294235994e-05 2.586497863042142242e+01
1.636772195087271182e-05 2.656139277817170452e+01
1.682704764133057104e-05 2.727655723725420600e+01
1.729926334119522629e-05 2.801097677846419742e+01
1.778473078146923075e-05 2.876516975792292641e+01
1.828382184437490039e-05 2.953966848296532177e+01
1.879691884822697450e-05 3.033501958750435890e+01
1.932441484029941731e-05 3.115178441748918559e+01
1.986671389791152582e-05 3.199053942653188543e+01
2.042423143796238152e-05 3.285187658009952116e+01
2.099739453515276334e-05 3.373640376702579147e+01
2.158664224913661749e-05 3.464474522968200176e+01
2.219242596085361572e-05 3.557754200253837240e+01
2.281520971830011351e-05 3.653545232928431830e+01
2.345547059200345016e-05 3.751915226157054661e+01
2.411369904047190149e-05 3.852933599627705519e+01
2.479039928590020259e-05 3.956671641058832023e+01
2.548608970041845560e-05 4.063202555873834143e+01
2.620130320318030118e-05 4.172601515743519229e+01
2.693658766859454714e-05 4.284945712326862122e+01
2.769250634601294809e-05 4.400314413174401551e+01
2.846963829119569363e-05 4.518789018100368793e+01
2.926857880988471757e-05 4.640453116498027697e+01
3.008993991382592482e-05 4.765392546192156686e+01
3.093435078958720296e-05 4.893695453871502821e+01
3.180245828053436205e-05 5.025452356736542470e+01
3.269492738233168344e-05 5.160756204100464828e+01
3.361244175234811031e-05 5.299702438844972363e+01
3.455570423335871144e-05 5.442389064378911456e+01
3.552543739194274279e-05 5.588916708961914281e+01
3.652238407199075734e-05 5.739388736060445950e+01
3.754730796374465952e-05 5.893911272547121882e+01
3.860099418880674288e-05 6.052593298351683160e+01
3.968424990156572393e-05 6.215546723022788456e+01
4.079790490750064604e-05 6.382886458975977462e+01
4.194281229883565018e-05 6.554730495445348026e+01
4.311984910803445890e-05 6.731199985811784359e+01
4.432991697963161934e-05 6.912419337239262518e+01
4.557394286091946532e-05 7.098516298587520623e+01
4.685287971201636557e-05 7.289622050003542597e+01
4.816770723586207258e-05 7.485871294909084384e+01
4.951943262869871234e-05 7.687402354320909126e+01
5.090909135161254356e-05 7.894357261025629668e+01
5.233774792372732245e-05 8.106881844015336469e+01
5.380649673765702237e-05 8.325125802985755286e+01
5.531646289784249718e-05 8.549242835106907989e+01
5.686880308241432195e-05 8.779390851022051834e+01
5.846470642924196155e-05 9.015731946761191296e+01
6.010539544684808614e-05 9.258432565991728325e+01
6.179212695088590046e-05 9.507663616279958774e+01
6.352619302689592787e-05 9.763600585485519900e+01
6.530892202008271169e-05 1.002642363269888790e+02
6.714167955286408026e-05 1.029631770716217005e+02
6.902586957097929337e-05 1.057347269553664404e+02
7.096293541895171847e-05 1.085808356690943128e+02
7.295436094573301208e-05 1.115035050849430007e+02
7.500167164137467365e-05 1.145047906462528857e+02
7.710643580559797925e-05 1.175868027942881326e+02
7.927026574915726348e-05 1.207517084118081527e+02
8.149481902891700998e-05 1.240017321416239895e+02
8.378179971758882539e-05 1.273391559976231378e+02
8.613295970910075840e-05 1.307663225517881358e+02
8.855010006059939787e-05 1.342856394681922723e+02
9.103507237211129965e-05 1.378995770362756730e+02
9.358978020492457993e-05 1.416106714227181840e+02
9.621618053976964575e-05 1.454215264149487723e+02
9.891628527592656540e-05 1.493348152102320228e+02
1.016921627723955935e-04 1.533532818330548366e+02
1.045459394323232019e-04 1.574797419011457862e+02
1.074798013318868650e-04 1.617170847029846357e+02
1.104959958948944696e-04 1.660682759812801521e+02
1.135968336143759478e-04 1.705363601593864189e+02
1.167846898224885041e-04 1.751244624036759490e+02
1.200620065100902947e-04 1.798357907390805508e+02
1.234312941973767105e-04 1.846736382170216757e+02
1.268951338570122229e-04 1.896413850473172715e+02
1.304561788912301026e-04 1.947424943851466992e+02
1.341171571644169552e-04 1.999805197919606030e+02
1.378808730927356160e-04 2.053591147302831530e+02
1.417502097923901689e-04 2.108820239022398937e+02
1.457281312881768612e-04 2.165530904847682905e+02
1.498176847840135978e-04 2.223762586692981529e+02
1.540220029971873204e-04 2.283555762651260466e+02
1.583443065581060898e-04 2.344951972423734787e+02
1.627879064773969273e-04 2.407993814392087302e+02
1.673562066822359298e-04 2.472724948275270265e+02
1.720527066238559304e-04 2.539190138634594689e+02
1.768810039582282656e-04 2.607435310863839391e+02
1.818447973019721273e-04 2.677507582135380630e+02
1.869478890656031179e-04 2.749455291366711549e+02
1.921941883662897936e-04 2.823328029905554217e+02
1.975877140223525731e-04 2.899176672603078941e+02
2.031325976317951184e-04 2.977053206929801377e+02
2.088330867372290912e-04 3.057011033540923108e+02
2.146935480796158030e-04 3.139104977883626475e+02
2.207184709433169872e-04 3.223391118775501241e+02
2.269124705950180713e-04 3.309926961126905098e+02
2.332802918191559870e-04 3.398771470451077334e+02
2.398268125525639203e-04 3.489985108081331759e+02
2.465570476211124073e-04 3.583629867160314006e+02
2.534761525812122425e-04 3.679769286123930101e+02
2.605894276691213978e-04 3.778468367418774960e+02
2.679023218610804150e-04 3.879793571103253385e+02
2.754204370473875541e-04 3.983812947420269097e+02
2.831495323236090300e-04 4.090596224666203398e+02
2.910955284022158666e-04 4.200214847249133072e+02
2.992645121480213524e-04 4.312742014396739592e+02
3.076627412408973255e-04 4.428252719604283243e+02
3.162966489693395120e-04 4.546823037582784082e+02
3.251728491585541649e-04 4.668531776685270529e+02
3.342981412368414124e-04 4.793459360162061103e+02
3.436795154441545899e-04 4.921687663457526583e+02
3.533241581868297042e-04 5.053300487983690914e+02
3.632394575425811978e-04 5.188383604524944985e+02
3.734330089199851938e-04 5.327024793115742796e+02
3.839126208767842095e-04 5.469313883478451999e+02
3.946863211014702238e-04 5.615342794161435904e+02
4.057623625627283705e-04 5.765205423626987340e+02
4.171492298314505428e-04 5.918997428196946657e+02
4.288556455801661614e-04 6.076816246567320832e+02
4.408905772648626900e-04 6.238761430111386517e+02
4.532632439943184836e-04 6.404934717829335113e+02
4.659831235922095465e-04 6.575440073133016767e+02
4.790599598573984743e-04 6.750383720790098323e+02
4.925037700279695941e-04 6.929871657788875154e+02
5.063248524547231833e-04 7.114016074758234254e+02
5.205337944900158753e-04 7.302930402314331104e+02
5.351414805979795358e-04 7.496728990653642768e+02
5.501591006923386247e-04 7.695528437594335855e+02
5.655981587082104748e-04 7.899447671745066373e+02
5.814704814144555558e-04 8.108607984310232268e+02
5.977882274733270973e-04 8.323133056428895316e+02
6.145638967543618934e-04 8.543148985963612176e+02
6.318103399096428692e-04 8.768784266800079195e+02
6.495407682177762763e-04 9.000169366085220872e+02
6.677687637041152544e-04 9.237436281560212592e+02
6.865082895449870068e-04 9.480718883543094080e+02
7.057737007638941037e-04 9.730153355951889580e+02
7.255797552278806265e-04 9.985878212078675915e+02
7.459416249524902223e-04 1.024803430162515269e+03
7.668749077239690867e-04 1.051675810780641541e+03
7.883956390476300289e-04 1.079219996228147693e+03
8.105203044315142978e-04 1.107450876391085785e+03
8.332658520147727789e-04 1.136383273159365444e+03
8.566497055504343917e-04 1.166032153751353917e+03
8.806897777525097854e-04 1.196412680407106336e+03
9.054044840176536007e-04 1.227540216654448159e+03
9.308127565318916486e-04 1.259430324529269001e+03
9.569340587732336721e-04 1.292098761465051211e+03
9.837884004212612329e-04 1.325561476791933728e+03
1.011396352685127323e-03 1.359834547281545838e+03
1.039779064061702781e-03 1.394933978036937560e+03
1.068958276535940909e-03 1.430875555666171294e+03
1.098956342235874947e-03 1.467675094859418095e+03
1.129796240554994512e-03 1.505348495099758338e+03
1.161501595755138694e-03 1.543911729955232431e+03
1.194096695063365113e-03 1.583379240426129854e+03
1.227606507276675753e-03 1.623768445241533527e+03
1.262056701888843819e-03 1.665095611941690777e+03
1.297473668753994615e-03 1.707376762383682490e+03
1.333884538302005643e-03 1.750627671739000789e+03
1.371317202321201177e-03 1.794864009483836071e+03
1.409800335324284731e-03 1.840101373064251675e+03
1.449363416513846370e-03 1.886355275210627042e+03
1.490036752364293617e-03 1.933641124598065744e+03
1.531851499837494834e-03 1.981974205768864522e+03
1.574839690249920992e-03 2.031369647271671965e+03
1.619034253809570464e-03 2.081842186694107113e+03
1.664469044841461942e-03 2.133405711962722762e+03
1.711178867721045455e-03 2.186073258297177290e+03
1.759199503535362847e-03 2.239857448649759590e+03
1.808567737492405327e-03 2.294770446675553103e+03
1.859321387099656300e-03 2.350820974552624193e+03
1.911499331133406166e-03 2.408023214685003040e+03
1.965141539421029655e-03 2.466387947628564234e+03
2.020289103459032773e-03 2.525925320618600836e+03
2.076984267890350129e-03 2.586644149679817019e+03
2.135270462864964549e-03 2.648552005410676884e+03
2.195192337308672637e-03 2.711655519899486535e+03
2.256795793125463551e-03 2.775960454747325457e+03
2.320128020359716811e-03 2.841471654976046921e+03
2.385237533345155054e-03 2.908192999283308382e+03
2.452174207868230548e-03 2.976127348652514684e+03
2.520989319374445682e-03 3.045276425271157677e+03
2.591735582246831003e-03 3.115640378024811071e+03
2.664467190186703850e-03 3.187217066932068064e+03
2.739239857727623385e-03 3.260002602419544473e+03
2.816110862914349491e-03 3.333991224064443941e+03
2.895139091179495510e-03 3.409173026625427156e+03
2.976385080451491184e-03 3.485543186893705297e+03
3.059911067528388925e-03 3.563091708729991751e+03
3.145781035753086093e-03 3.641806890168871178e+03
3.234060764026420228e-03 3.721674734877905848e+03
3.324817877195726957e-03 3.802677852801979952e+03
3.418121897857449940e-03 3.884796084418466762e+03
3.514044299613473376e-03 3.968006960340660498e+03
3.612658561821994237e-03 4.052285737654421155e+03
3.714040225884836059e-03 4.137605332885053940e+03
3.818266953114391512e-03 4.223936257549417860e+03
3.925418584224436153e-03 4.311246547673986242e+03
4.035577200490450024e-03 4.399501268080765840e+03
4.148827186626268156e-03 4.488660816819609863e+03
4.265255295425235404e-03 4.578679809245936667e+03
4.384950714215377250e-03 4.669509491720003098e+03
4.508005133179481157e-03 4.761098781279038121e+03
4.634512815592478456e-03 4.853392873616165161e+03
4.764570670029839861e-03 4.946333534305266767e+03
4.898278324602382133e-03 5.039859198405005372e+03
5.035738203274306782e-03 5.133904901173200415e+03
5.177055604322939632e-03 5.228401513406469348e+03
5.322338781000293326e-03 5.323275506059589134e+03
5.471699024458195892e-03 5.418449440515982133e+03
5.625250749000586421e-03 5.513842276056231640e+03
5.783111579728195638e-03 5.609369376370008467e+03
5.945402442642802425e-03 5.704942536071932409e+03
6.112247657280086600e-03 5.800470074527593169e+03
6.283775031942015130e-03 5.895856625487715974e+03
6.460115961601736387e-03 5.991000598844499109e+03
6.641405528555941601e-03 6.085784823232062990e+03
6.827782605901879139e-03 6.180086725621755249e+03
7.019389963918173589e-03 6.273784641278583877e+03
7.216374379431034561e-03 6.366727658384485039e+03
7.418886748249581622e-03 6.458774854111623426e+03
7.627082200756440424e-03 6.549781195523886709e+03
7.841120220742150287e-03 6.639597753223662039e+03
8.061164767574364315e-03 6.728070892452989028e+03
8.287384401795558700e-03 6.815038500706624291e+03
8.519952414245298561e-03 6.900331345776649869e+03
8.759046958806073965e-03 6.983776018212216513e+03
9.004851188874382628e-03 7.065196138821830573e+03
9.257553397661565098e-03 7.144412677306007936e+03
9.517347162431917529e-03 7.221244346222768399e+03
9.784431492788474641e-03 7.295508117913577735e+03
1.005901098312023123e-02 7.367018477912650269e+03
1.034129596932739995e-02 7.435578532849779549e+03
1.063150268994483318e-02 7.500990454956440772e+03
1.092985345178699129e-02 7.563047500410825705e+03
1.123657680024157425e-02 7.621475383070989665e+03
1.155190769434186887e-02 7.676044783079466470e+03
1.187608768675224406e-02 7.726527926292580560e+03
1.220936510880453463e-02 7.772699543382487718e+03
1.255199526072709425e-02 7.814337705615555933e+03
1.290424060721221365e-02 7.851215736958705747e+03
1.326637097847173027e-02 7.883094569080785732e+03
1.363866377693485031e-02 7.909730995979468389e+03
1.402140418974649055e-02 7.930888354693028305e+03
1.441488540722896637e-02 7.946338914994606967e+03
1.481940884747431561e-02 7.955865392971711117e+03
1.523528438723936555e-02 7.959262298451562856e+03
1.566283059932039104e-02 7.956337429159596468e+03
1.610237499658904656e-02 7.946912057625659145e+03
1.655425428287697620e-02 7.930900159748373881e+03
1.701881461090063233e-02 7.908159832759840356e+03
1.749641184742440139e-02 7.878436798134590390e+03
1.798741184586491459e-02 7.841599142634418058e+03
1.849219072654545090e-02 7.797537925608745354e+03
1.901113516481506630e-02 7.746168557045753005e+03
1.954464268725319975e-02 7.687432566470214624e+03
2.009312197618662657e-02 7.621302221716307940e+03
2.065699318275204810e-02 7.547806786538665619e+03
2.123668824874410874e-02 7.467035816878443256e+03
2.183265123749542763e-02 7.379118184024724542e+03
2.244533867404205699e-02 7.284209774286448919e+03
2.307521989483502997e-02 7.182493296400966756e+03
2.372277740726557935e-02 7.074177978630862526e+03
2.438850725928016355e-02 6.959498206871609000e+03
2.507291941936747731e-02 6.838713603374804734e+03
2.577653816720924113e-02 6.712448700187077520e+03
2.649990249529372843e-02 6.581297592219172657e+03
2.724356652179973221e-02 6.445678335851348493e+03
2.800809991506727006e-02 6.306220238908364081e+03
2.879408832998013590e-02 6.163535942018684182e+03
2.960213385659463819e-02 6.018219641425887858e+03
3.043285548135814603e-02 5.870844780562026244e+03
3.128688956127075732e-02 5.721961787749743962e+03
3.216489031135334742e-02 5.572178731564826194e+03
3.306753030579533126e-02 5.422305157741650874e+03
3.399550099316620694e-02 5.273290481195203029e+03
3.494951322608504801e-02 5.126027513592743162e+03
3.593029780575477533e-02 4.981317391131432487e+03
3.693860604177687940e-02 4.839870527491202665e+03
3.797521032767662424e-02 4.702309580770051980e+03
3.904090473257897792e-02 4.569174563431827664e+03
4.013650560948874013e-02 4.441606935327811698e+03
4.126285222064077218e-02 4.319735331966781814e+03
4.242080738039932797e-02 4.203538371893489966e+03
4.361125811619905035e-02 4.093312590201871444e+03
4.483511634803386686e-02 3.989302477074478247e+03
4.609331958701429893e-02 3.891684092680019603e+03
4.738683165352830517e-02 3.800344711451694820e+03
4.871664341555586447e-02 3.714933040629010975e+03
5.008377354770271461e-02 3.635046220994398936e+03
5.148926931153494091e-02 3.560202881639975658e+03
5.293420735781146497e-02 3.489708884349755863e+03
5.441969455123057270e-02 3.422709709184966414e+03
5.594686881832013070e-02 3.358301645482983531e+03
5.751690001912263678e-02 3.295421700865157163e+03
5.913099084334209887e-02 3.232976416006208183e+03
6.079037773163947778e-02 3.169799620098159266e+03
6.249633182278229587e-02 3.104893253129882851e+03
6.425015992737398429e-02 3.037086531016453591e+03
6.605320552890898977e-02 2.965417969785125479e+03
6.790684981292025024e-02 2.889063632186984705e+03
6.981251272500769989e-02 2.807699913036648923e+03
7.177165405855792657e-02 2.721397355170902301e+03
7.378577457298858555e-02 2.630482325564253188e+03
7.585641714337397479e-02 2.535566793387350572e+03
7.798516794233179006e-02 2.437634288054807712e+03
8.017365765507851461e-02 2.338023467932215226e+03
8.242356272858127053e-02 2.238293714616842408e+03
8.473660665576525364e-02 2.140093085610922117e+03
8.711456129575961826e-02 2.045165798056456879e+03
8.955924823119322531e-02 1.955232589924291233e+03
9.207254016358007442e-02 1.871854118656959827e+03
9.465636234786335701e-02 1.796257376435704145e+03
9.731269406721684834e-02 1.729438297496429641e+03
1.000435701492335822e-01 1.670807505580500219e+03
1.028510825246631982e-01 1.619452137208435261e+03
1.057373818298918133e-01 1.574069837717735936e+03
1.087046790543923641e-01 1.533238189230408125e+03
1.117552472344071901e-01 1.495338780360922101e+03
1.148914231941592229e-01 1.458575077045192302e+03
1.181156093359289061e-01 1.421188584918272682e+03
1.214302754803634754e-01 1.382515711516486135e+03
1.248379607584318707e-01 1.342206845671988958e+03
1.283412755564731778e-01 1.299947189064547047e+03
1.319429035158286301e-01 1.255857524796083453e+03
1.356456035885892919e-01 1.210233771326339593e+03
1.394522121510337331e-01 1.163926822816867798e+03
1.433656451763750395e-01 1.119191977214663893e+03
1.473889004684814652e-01 1.078662717327305700e+03
1.515250599582814439e-01 1.042143010992645941e+03
1.557772920646128545e-01 1.006682379986100841e+03
1.601488541213240135e-01 9.705688055910146659e+02
1.646430948724870447e-01 9.363548764213099957e+02
1.692634570376319314e-01 9.069244798572650552e+02
1.740134799489723161e-01 8.814472938756299527e+02
1.788968022626358234e-01 8.576392051990361551e+02
1.839171647459810766e-01 8.336742977466137745e+02
1.890784131431348103e-01 8.082433308966220693e+02
1.943845011209438256e-01 7.832383048569791981e+02
1.998394932975993965e-01 7.614724329829512044e+02
2.054475683562531074e-01 7.399509079059727128e+02
2.112130222460103512e-01 7.152736163651719608e+02
2.171402714727524441e-01 6.914264749769922673e+02
2.232338564823090621e-01 6.708476653524144240e+02
2.294984451385722601e-01 6.509710590232663208e+02
2.359388362992162758e-01 6.334529377315833472e+02
2.425599634917631198e-01 6.194679615581658254e+02
2.493668986928065934e-01 6.009646048334550414e+02
2.563648562132971320e-01 5.797095141473795366e+02
2.635591966928544916e-01 5.631292031324261416e+02
2.709554312061741022e-01 5.501252576091150104e+02
2.785592254846715465e-01 5.361041389773580477e+02
2.863764042565977719e-01 5.203345053231155362e+02
2.944129557089510407e-01 5.061887880343202823e+02
3.026750360746027768e-01 4.927964681174436237e+02
3.111689743481517167e-01 4.800912628898130947e+02
3.199012771341180339e-01 4.669591011548214965e+02
3.288786336311927405e-01 4.529161232126248819e+02
3.381079207563586486e-01 4.401298561560369080e+02
3.475962084128095264e-01 4.302586815239013731e+02
3.573507649057022229e-01 4.199499166488901096e+02
3.673790625098911633e-01 4.075209578544256033e+02
3.776887831939060303e-01 3.982377915160371344e+02
3.882878245045680576e-01 3.873814617200712291e+02
3.991843056167383996e-01 3.758258493329449834e+02
4.103865735528437475e-01 3.667714596856694698e+02
4.219032095769389978e-01 3.600026602927733848e+02
4.337430357682057203e-01 3.478368244513352465e+02
4.459151217789224519e-01 3.395648685679679488e+02
4.584287917820827341e-01 3.281821159592952313e+02
4.712936316139836879e-01 3.219694827505375656e+02
4.845194961172563652e-01 3.123121118658027058e+02
4.981165166899626517e-01 3.045484797530362471e+02
5.120951090465417632e-01 2.965097374371850378e+02
5.264659811965511915e-01 2.862649250638855847e+02
5.412401416473159310e-01 2.826839152909119548e+02
5.564289078367615771e-01 2.690904462248393543e+02
5.720439148029085041e-01 2.674423709631739712e+02
5.880971240966460512e-01 2.575359784728545947e+02
6.046008329446308505e-01 2.482093535770710844e+02
6.215676836693208029e-01 2.430490104531182851e+02
6.390106733733633693e-01 2.346245478281141743e+02
6.569431638957546893e-01 2.250606925112712986e+02
6.753788920473987600e-01 2.213334576962179483e+02
6.943319801339051800e-01 2.120639555510066714e+02
7.138169467736869001e-01 2.057239161959714124e+02
7.338487180196460180e-01 1.965936654625747906e+02
7.544426387929650257e-01 1.890733119525924621e+02
7.756144846377651669e-01 1.844974810596048655e+02
7.973804738056339270e-01 1.807578399750661617e+02
8.197572796792734762e-01 1.723412513048984351e+02
8.427620435448071046e-01 1.661421696974639701e+02
8.664123877224986225e-01 1.607802841756523549e+02
8.907264290659647754e-01 1.502428288892407977e+02
9.157227928402145167e-01 1.458890761698290248e+02
9.414206269891446377e-01 1.359733931526130846e+02
9.678396168034237856e-01 1.309870715450865930e+02
9.949999999999999956e-01 1.226737007424999888e+02
