  0.5000022E-02  0.1595177E+03  0.1116624E+04  0.3030837E+04  0.5902156E+04  0.9730581E+04  0.1196378E+06  0.3589133E+06  0.5981889E+06  0.8374644E+06  0.1076740E+07  0.1196378E+07  0.1928329E+06
  0.1500002E-01  0.3072083E+03  0.2150458E+04  0.5836958E+04  0.1136671E+05  0.1873971E+05  0.7680198E+05  0.2304059E+06  0.3840099E+06  0.5376139E+06  0.6912178E+06  0.7680198E+06  0.5880246E+05
  0.2500002E-01  0.2844626E+03  0.1991238E+04  0.5404789E+04  0.1052512E+05  0.1735222E+05  0.4266935E+05  0.1280081E+06  0.2133468E+06  0.2986855E+06  0.3840242E+06  0.4266935E+06  0.1512497E+05
  0.3500002E-01  0.1904111E+03  0.1332878E+04  0.3617811E+04  0.7045210E+04  0.1161508E+05  0.2040118E+05  0.6120353E+05  0.1020059E+06  0.1428082E+06  0.1836106E+06  0.2040118E+06  0.5691137E+04
  0.4500002E-01  0.1702746E+03  0.1191922E+04  0.3235217E+04  0.6300160E+04  0.1038675E+05  0.1418954E+05  0.4256863E+05  0.7094771E+05  0.9932680E+05  0.1277059E+06  0.1418954E+06  0.3039768E+04
  0.5500002E-01  0.1363614E+03  0.9545297E+03  0.2590866E+04  0.5045371E+04  0.8318044E+04  0.9297364E+04  0.2789209E+05  0.4648682E+05  0.6508155E+05  0.8367628E+05  0.9297364E+05  0.1581540E+04
  0.6500002E-01  0.1205059E+03  0.8435410E+03  0.2289611E+04  0.4458717E+04  0.7350857E+04  0.6952259E+04  0.2085678E+05  0.3476129E+05  0.4866581E+05  0.6257033E+05  0.6952259E+05  0.9688005E+03
  0.7500002E-01  0.9951247E+02  0.6965873E+03  0.1890737E+04  0.3681961E+04  0.6070260E+04  0.4975622E+04  0.1492687E+05  0.2487811E+05  0.3482935E+05  0.4478060E+05  0.4975622E+05  0.6093275E+03
  0.8500002E-01  0.8268205E+02  0.5787743E+03  0.1570959E+04  0.3059236E+04  0.5043605E+04  0.3647736E+04  0.1094321E+05  0.1823868E+05  0.2553415E+05  0.3282963E+05  0.3647736E+05  0.4056473E+03
  0.9500002E-01  0.6602389E+02  0.4621672E+03  0.1254454E+04  0.2442884E+04  0.4027457E+04  0.2606206E+04  0.7818617E+04  0.1303103E+05  0.1824344E+05  0.2345585E+05  0.2606206E+05  0.2917107E+03
  0.1050000E+00  0.5667584E+02  0.3967309E+03  0.1076841E+04  0.2097006E+04  0.3457226E+04  0.2024137E+04  0.6072411E+04  0.1012069E+05  0.1416896E+05  0.1821723E+05  0.2024137E+05  0.2002072E+03
  0.1150000E+00  0.5075461E+02  0.3552823E+03  0.9643376E+03  0.1877921E+04  0.3096031E+04  0.1655042E+04  0.4965125E+04  0.8275208E+04  0.1158529E+05  0.1489537E+05  0.1655042E+05  0.1372795E+03
  0.1250000E+00  0.4733284E+02  0.3313299E+03  0.8993239E+03  0.1751315E+04  0.2887303E+04  0.1419985E+04  0.4259955E+04  0.7099926E+04  0.9939896E+04  0.1277987E+05  0.1419985E+05  0.1158615E+03
  0.1350000E+00  0.4126068E+02  0.2888248E+03  0.7839529E+03  0.1526645E+04  0.2516901E+04  0.1146130E+04  0.3438390E+04  0.5730650E+04  0.8022910E+04  0.1031517E+05  0.1146130E+05  0.8754602E+02
  0.1450000E+00  0.3527851E+02  0.2469496E+03  0.6702917E+03  0.1305305E+04  0.2151989E+04  0.9123753E+03  0.2737126E+04  0.4561877E+04  0.6386627E+04  0.8211378E+04  0.9123753E+04  0.6082649E+02
  0.1550000E+00  0.3083029E+02  0.2158120E+03  0.5857754E+03  0.1140721E+04  0.1880647E+04  0.7458940E+03  0.2237682E+04  0.3729470E+04  0.5221258E+04  0.6713046E+04  0.7458940E+04  0.4473737E+02
  0.1650000E+00  0.2794810E+02  0.1956367E+03  0.5310140E+03  0.1034080E+04  0.1704834E+04  0.6351841E+03  0.1905552E+04  0.3175921E+04  0.4446289E+04  0.5716657E+04  0.6351841E+04  0.3589541E+02
  0.1750000E+00  0.2543932E+02  0.1780753E+03  0.4833471E+03  0.9412549E+03  0.1551799E+04  0.5451283E+03  0.1635385E+04  0.2725642E+04  0.3815898E+04  0.4906155E+04  0.5451283E+04  0.3032063E+02
  0.1850000E+00  0.2337828E+02  0.1636480E+03  0.4441873E+03  0.8649964E+03  0.1426075E+04  0.4738840E+03  0.1421652E+04  0.2369420E+04  0.3317188E+04  0.4264956E+04  0.4738840E+04  0.2684801E+02
  0.1950000E+00  0.2132210E+02  0.1492547E+03  0.4051198E+03  0.7889175E+03  0.1300648E+04  0.4100403E+03  0.1230121E+04  0.2050202E+04  0.2870282E+04  0.3690363E+04  0.4100403E+04  0.2077652E+02
  0.2050000E+00  0.1950519E+02  0.1365363E+03  0.3705986E+03  0.7216920E+03  0.1189816E+04  0.3568022E+03  0.1070407E+04  0.1784011E+04  0.2497616E+04  0.3211220E+04  0.3568022E+04  0.1675673E+02
  0.2150000E+00  0.1763154E+02  0.1234208E+03  0.3349993E+03  0.6523671E+03  0.1075524E+04  0.3075269E+03  0.9225808E+03  0.1537635E+04  0.2152688E+04  0.2767742E+04  0.3075269E+04  0.1405602E+02
  0.2250000E+00  0.1611354E+02  0.1127948E+03  0.3061573E+03  0.5962011E+03  0.9829261E+03  0.2685591E+03  0.8056772E+03  0.1342795E+04  0.1879913E+04  0.2417032E+04  0.2685591E+04  0.1075964E+02
  0.2350000E+00  0.1498107E+02  0.1048675E+03  0.2846403E+03  0.5542996E+03  0.9138453E+03  0.2390596E+03  0.7171789E+03  0.1195298E+04  0.1673417E+04  0.2151537E+04  0.2390596E+04  0.9337957E+01
  0.2450000E+00  0.1400869E+02  0.9806084E+02  0.2661651E+03  0.5183216E+03  0.8545302E+03  0.2144187E+03  0.6432562E+03  0.1072094E+04  0.1500931E+04  0.1929769E+04  0.2144187E+04  0.8257836E+01
  0.2550000E+00  0.1295150E+02  0.9066047E+02  0.2460784E+03  0.4792053E+03  0.7900412E+03  0.1904632E+03  0.5713895E+03  0.9523158E+03  0.1333242E+04  0.1714169E+04  0.1904632E+04  0.7794734E+01
  0.2650000E+00  0.1197923E+02  0.8385464E+02  0.2276055E+03  0.4432317E+03  0.7307333E+03  0.1695175E+03  0.5085524E+03  0.8475874E+03  0.1186622E+04  0.1525657E+04  0.1695175E+04  0.6276822E+01
  0.2750000E+00  0.1115074E+02  0.7805520E+02  0.2118641E+03  0.4125775E+03  0.6801953E+03  0.1520556E+03  0.4561667E+03  0.7602779E+03  0.1064389E+04  0.1368500E+04  0.1520556E+04  0.5162010E+01
  0.2850000E+00  0.1039060E+02  0.7273417E+02  0.1974213E+03  0.3844520E+03  0.6338263E+03  0.1367184E+03  0.4101551E+03  0.6835918E+03  0.9570286E+03  0.1230465E+04  0.1367184E+04  0.4201230E+01
  0.2950000E+00  0.9719468E+01  0.6803627E+02  0.1846699E+03  0.3596203E+03  0.5928875E+03  0.1235526E+03  0.3706577E+03  0.6177628E+03  0.8648679E+03  0.1111973E+04  0.1235526E+04  0.4349342E+01
  0.3050000E+00  0.9077821E+01  0.6354474E+02  0.1724786E+03  0.3358794E+03  0.5537471E+03  0.1116125E+03  0.3348376E+03  0.5580627E+03  0.7812878E+03  0.1004513E+04  0.1116125E+04  0.3677144E+01
  0.3150000E+00  0.8540423E+01  0.5978296E+02  0.1622680E+03  0.3159957E+03  0.5209658E+03  0.1016717E+03  0.3050151E+03  0.5083585E+03  0.7117020E+03  0.9150454E+03  0.1016717E+04  0.3306712E+01
  0.3250000E+00  0.8000124E+01  0.5600087E+02  0.1520024E+03  0.2960046E+03  0.4880076E+03  0.9230913E+02  0.2769274E+03  0.4615456E+03  0.6461639E+03  0.8307821E+03  0.9230913E+03  0.3181847E+01
  0.3350000E+00  0.7494349E+01  0.5246045E+02  0.1423926E+03  0.2772909E+03  0.4571553E+03  0.8389197E+02  0.2516759E+03  0.4194598E+03  0.5872438E+03  0.7550277E+03  0.8389197E+03  0.2449465E+01
  0.3450000E+00  0.7056624E+01  0.4939637E+02  0.1340759E+03  0.2610951E+03  0.4304541E+03  0.7670243E+02  0.2301073E+03  0.3835122E+03  0.5369170E+03  0.6903219E+03  0.7670243E+03  0.2379814E+01
  0.3550000E+00  0.6638647E+01  0.4647053E+02  0.1261343E+03  0.2456299E+03  0.4049574E+03  0.7012655E+02  0.2103796E+03  0.3506327E+03  0.4908858E+03  0.6311389E+03  0.7012655E+03  0.2001468E+01
  0.3650000E+00  0.6252106E+01  0.4376474E+02  0.1187900E+03  0.2313279E+03  0.3813785E+03  0.6423397E+02  0.1927019E+03  0.3211698E+03  0.4496378E+03  0.5781057E+03  0.6423397E+03  0.1703127E+01
  0.3750000E+00  0.5915019E+01  0.4140514E+02  0.1123854E+03  0.2188557E+03  0.3608162E+03  0.5915019E+02  0.1774506E+03  0.2957510E+03  0.4140514E+03  0.5323517E+03  0.5915019E+03  0.1494443E+01
  0.3850000E+00  0.5573940E+01  0.3901758E+02  0.1059049E+03  0.2062358E+03  0.3400104E+03  0.5429163E+02  0.1628749E+03  0.2714581E+03  0.3800414E+03  0.4886247E+03  0.5429163E+03  0.1516603E+01
  0.3950000E+00  0.5280732E+01  0.3696512E+02  0.1003339E+03  0.1953871E+03  0.3221246E+03  0.5013353E+02  0.1504006E+03  0.2506676E+03  0.3509347E+03  0.4512018E+03  0.5013353E+03  0.1495586E+01
  0.4050000E+00  0.4975770E+01  0.3483039E+02  0.9453962E+02  0.1841035E+03  0.3035219E+03  0.4607194E+02  0.1382158E+03  0.2303597E+03  0.3225036E+03  0.4146475E+03  0.4607194E+03  0.1233792E+01
  0.4150000E+00  0.4699368E+01  0.3289558E+02  0.8928800E+02  0.1738766E+03  0.2866615E+03  0.4246417E+02  0.1273925E+03  0.2123209E+03  0.2972492E+03  0.3821775E+03  0.4246417E+03  0.9801615E+00
  0.4250000E+00  0.4439129E+01  0.3107390E+02  0.8434345E+02  0.1642478E+03  0.2707869E+03  0.3916879E+02  0.1175064E+03  0.1958439E+03  0.2741815E+03  0.3525191E+03  0.3916879E+03  0.1088483E+01
  0.4350000E+00  0.4205079E+01  0.2943555E+02  0.7989650E+02  0.1555879E+03  0.2565098E+03  0.3625068E+02  0.1087520E+03  0.1812534E+03  0.2537548E+03  0.3262561E+03  0.3625068E+03  0.9900614E+00
  0.4450000E+00  0.3981041E+01  0.2786728E+02  0.7563977E+02  0.1472985E+03  0.2428435E+03  0.3354810E+02  0.1006443E+03  0.1677405E+03  0.2348367E+03  0.3019329E+03  0.3354810E+03  0.8594187E+00
  0.4550000E+00  0.3755406E+01  0.2628784E+02  0.7135271E+02  0.1389500E+03  0.2290798E+03  0.3095115E+02  0.9285344E+02  0.1547557E+03  0.2166580E+03  0.2785603E+03  0.3095115E+03  0.7655220E+00
  0.4650000E+00  0.3554314E+01  0.2488020E+02  0.6753196E+02  0.1315096E+03  0.2168131E+03  0.2866382E+02  0.8599146E+02  0.1433191E+03  0.2006467E+03  0.2579744E+03  0.2866382E+03  0.6310813E+00
  0.4750000E+00  0.3388014E+01  0.2371609E+02  0.6437226E+02  0.1253565E+03  0.2066688E+03  0.2674748E+02  0.8024243E+02  0.1337374E+03  0.1872323E+03  0.2407273E+03  0.2674748E+03  0.5895997E+00
  0.4850000E+00  0.3180118E+01  0.2226083E+02  0.6042224E+02  0.1176644E+03  0.1939872E+03  0.2458854E+02  0.7376562E+02  0.1229427E+03  0.1721198E+03  0.2212969E+03  0.2458854E+03  0.5173546E+00
  0.4950000E+00  0.3028306E+01  0.2119814E+02  0.5753781E+02  0.1120473E+03  0.1847267E+03  0.2294171E+02  0.6882513E+02  0.1147086E+03  0.1605920E+03  0.2064754E+03  0.2294171E+03  0.5153710E+00
  0.5050000E+00  0.2857988E+01  0.2000591E+02  0.5430176E+02  0.1057455E+03  0.1743372E+03  0.2122268E+02  0.6366804E+02  0.1061134E+03  0.1485588E+03  0.1910041E+03  0.2122268E+03  0.5023605E+00
  0.5150000E+00  0.2711313E+01  0.1897919E+02  0.5151495E+02  0.1003186E+03  0.1653901E+03  0.1974257E+02  0.5922772E+02  0.9871287E+02  0.1381980E+03  0.1776832E+03  0.1974257E+03  0.4742273E+00
  0.5250000E+00  0.2551347E+01  0.1785943E+02  0.4847560E+02  0.9439985E+02  0.1556322E+03  0.1822391E+02  0.5467173E+02  0.9111955E+02  0.1275674E+03  0.1640152E+03  0.1822391E+03  0.3826249E+00
  0.5350000E+00  0.2426268E+01  0.1698387E+02  0.4609909E+02  0.8977190E+02  0.1480023E+03  0.1700655E+02  0.5101964E+02  0.8503274E+02  0.1190458E+03  0.1530589E+03  0.1700655E+03  0.3930550E+00
  0.5450000E+00  0.2282587E+01  0.1597811E+02  0.4336915E+02  0.8445571E+02  0.1392378E+03  0.1570587E+02  0.4711761E+02  0.7852936E+02  0.1099411E+03  0.1413528E+03  0.1570587E+03  0.3335921E+00
  0.5550000E+00  0.2165598E+01  0.1515919E+02  0.4114637E+02  0.8012714E+02  0.1321015E+03  0.1463242E+02  0.4389726E+02  0.7316211E+02  0.1024269E+03  0.1316918E+03  0.1463242E+03  0.3730777E+00
  0.5650000E+00  0.2041807E+01  0.1429265E+02  0.3879432E+02  0.7554684E+02  0.1245502E+03  0.1355181E+02  0.4065544E+02  0.6775907E+02  0.9486269E+02  0.1219663E+03  0.1355181E+03  0.2958761E+00
  0.5750000E+00  0.1931766E+01  0.1352236E+02  0.3670356E+02  0.7147535E+02  0.1178377E+03  0.1259847E+02  0.3779542E+02  0.6299237E+02  0.8818932E+02  0.1133863E+03  0.1259847E+03  0.2618685E+00
  0.5850000E+00  0.1812048E+01  0.1268433E+02  0.3442891E+02  0.6704577E+02  0.1105349E+03  0.1161569E+02  0.3484707E+02  0.5807846E+02  0.8130984E+02  0.1045412E+03  0.1161569E+03  0.2475533E+00
  0.5950000E+00  0.1711847E+01  0.1198293E+02  0.3252508E+02  0.6333832E+02  0.1044226E+03  0.1078895E+02  0.3236685E+02  0.5394474E+02  0.7552264E+02  0.9710054E+02  0.1078895E+03  0.2334224E+00
  0.6050000E+00  0.1614808E+01  0.1130366E+02  0.3068136E+02  0.5974791E+02  0.9850331E+02  0.1000914E+02  0.3002743E+02  0.5004571E+02  0.7006400E+02  0.9008228E+02  0.1000914E+03  0.2197030E+00
  0.6150000E+00  0.1510214E+01  0.1057150E+02  0.2869407E+02  0.5587793E+02  0.9212307E+02  0.9208623E+01  0.2762587E+02  0.4604312E+02  0.6446036E+02  0.8287761E+02  0.9208623E+02  0.2115639E+00
  0.6250000E+00  0.1419527E+01  0.9936688E+01  0.2697101E+02  0.5252250E+02  0.8659114E+02  0.8517161E+01  0.2555148E+02  0.4258581E+02  0.5962013E+02  0.7665445E+02  0.8517161E+02  0.1786556E+00
  0.6350000E+00  0.1333405E+01  0.9333835E+01  0.2533470E+02  0.4933599E+02  0.8133771E+02  0.7874439E+01  0.2362332E+02  0.3937220E+02  0.5512108E+02  0.7086995E+02  0.7874439E+02  0.1786369E+00
  0.6450000E+00  0.1251093E+01  0.8757648E+01  0.2377076E+02  0.4629042E+02  0.7631664E+02  0.7273794E+01  0.2182138E+02  0.3636897E+02  0.5091656E+02  0.6546415E+02  0.7273794E+02  0.1725244E+00
  0.6550000E+00  0.1163420E+01  0.8143939E+01  0.2210498E+02  0.4304654E+02  0.7096861E+02  0.6660801E+01  0.1998240E+02  0.3330401E+02  0.4662561E+02  0.5994721E+02  0.6660801E+02  0.1538309E+00
  0.6650000E+00  0.1085568E+01  0.7598975E+01  0.2062579E+02  0.4016601E+02  0.6621964E+02  0.6121623E+01  0.1836487E+02  0.3060812E+02  0.4285136E+02  0.5509461E+02  0.6121623E+02  0.1559154E+00
  0.6750000E+00  0.1006716E+01  0.7047009E+01  0.1912759E+02  0.3724847E+02  0.6140965E+02  0.5592864E+01  0.1677859E+02  0.2796432E+02  0.3915005E+02  0.5033577E+02  0.5592864E+02  0.1382940E+00
  0.6850000E+00  0.9342076E+00  0.6539453E+01  0.1774994E+02  0.3456568E+02  0.5698666E+02  0.5114275E+01  0.1534283E+02  0.2557138E+02  0.3579993E+02  0.4602848E+02  0.5114275E+02  0.1299735E+00
  0.6950000E+00  0.8611174E+00  0.6027822E+01  0.1636123E+02  0.3186134E+02  0.5252816E+02  0.4646317E+01  0.1393895E+02  0.2323158E+02  0.3252422E+02  0.4181685E+02  0.4646317E+02  0.1257334E+00
  0.7050000E+00  0.7964686E+00  0.5575280E+01  0.1513290E+02  0.2946934E+02  0.4858458E+02  0.4236535E+01  0.1270961E+02  0.2118268E+02  0.2965575E+02  0.3812882E+02  0.4236535E+02  0.1243644E+00
  0.7150000E+00  0.7326784E+00  0.5128749E+01  0.1392089E+02  0.2710910E+02  0.4469338E+02  0.3842719E+01  0.1152816E+02  0.1921360E+02  0.2689903E+02  0.3458447E+02  0.3842719E+02  0.1018227E+00
  0.7250000E+00  0.6629396E+00  0.4640577E+01  0.1259585E+02  0.2452877E+02  0.4043932E+02  0.3428998E+01  0.1028699E+02  0.1714499E+02  0.2400299E+02  0.3086098E+02  0.3428998E+02  0.1048887E+00
  0.7350000E+00  0.6090812E+00  0.4263569E+01  0.1157254E+02  0.2253601E+02  0.3715396E+02  0.3107557E+01  0.9322672E+01  0.1553779E+02  0.2175290E+02  0.2796802E+02  0.3107557E+02  0.1005504E+00
  0.7450000E+00  0.5490599E+00  0.3843420E+01  0.1043214E+02  0.2031522E+02  0.3349266E+02  0.2763725E+01  0.8291174E+01  0.1381862E+02  0.1934607E+02  0.2487352E+02  0.2763725E+02  0.8628073E-01
  0.7550000E+00  0.4921819E+00  0.3445273E+01  0.9351455E+01  0.1821073E+02  0.3002309E+02  0.2444612E+01  0.7333836E+01  0.1222306E+02  0.1711228E+02  0.2200151E+02  0.2444612E+02  0.8895196E-01
  0.7650000E+00  0.4414111E+00  0.3089878E+01  0.8386810E+01  0.1633221E+02  0.2692608E+02  0.2163780E+01  0.6491340E+01  0.1081890E+02  0.1514646E+02  0.1947402E+02  0.2163780E+02  0.8252448E-01
  0.7750000E+00  0.3913981E+00  0.2739787E+01  0.7436564E+01  0.1448173E+02  0.2387529E+02  0.1893862E+01  0.5681586E+01  0.9469310E+01  0.1325703E+02  0.1704476E+02  0.1893862E+02  0.7901116E-01
  0.7850000E+00  0.3370178E+00  0.2359125E+01  0.6403339E+01  0.1246966E+02  0.2055809E+02  0.1609958E+01  0.4829873E+01  0.8049789E+01  0.1126970E+02  0.1448962E+02  0.1609958E+02  0.7908821E-01
  0.7950000E+00  0.2875472E+00  0.2012830E+01  0.5463396E+01  0.1063924E+02  0.1754038E+02  0.1356354E+01  0.4069063E+01  0.6781772E+01  0.9494481E+01  0.1220719E+02  0.1356354E+02  0.7813846E-01
  0.8050000E+00  0.2433525E+00  0.1703467E+01  0.4623697E+01  0.9004042E+01  0.1484450E+02  0.1133630E+01  0.3400889E+01  0.5668148E+01  0.7935407E+01  0.1020267E+02  0.1133630E+02  0.6988278E-01
  0.8150000E+00  0.1930723E+00  0.1351506E+01  0.3668375E+01  0.7143677E+01  0.1177741E+02  0.8883697E+00  0.2665109E+01  0.4441849E+01  0.6218588E+01  0.7995327E+01  0.8883697E+01  0.7595594E-01
  0.8250000E+00  0.1515599E+00  0.1060919E+01  0.2879638E+01  0.5607716E+01  0.9245153E+01  0.6889086E+00  0.2066726E+01  0.3444543E+01  0.4822360E+01  0.6200177E+01  0.6889086E+01  0.7547182E-01
  0.8350000E+00  0.1173451E+00  0.8214158E+00  0.2229557E+01  0.4341769E+01  0.7158052E+01  0.5269990E+00  0.1580997E+01  0.2634995E+01  0.3688993E+01  0.4742991E+01  0.5269990E+01  0.6159091E-01
  0.8450000E+00  0.7673237E-01  0.5371266E+00  0.1457915E+01  0.2839098E+01  0.4680675E+01  0.3405283E+00  0.1021585E+01  0.1702641E+01  0.2383698E+01  0.3064754E+01  0.3405283E+01  0.5936676E-01
  0.8550000E+00  0.2768723E-01  0.1938106E+00  0.5260573E+00  0.1024427E+01  0.1688921E+01  0.1214352E+00  0.3643056E+00  0.6071761E+00  0.8500465E+00  0.1092917E+01  0.1214352E+01  0.6475146E-01
  0.8650000E+00 -0.1046927E-01 -0.7328489E-01 -0.1989161E+00 -0.3873630E+00 -0.6386255E+00 -0.4538701E-01 -0.1361610E+00 -0.2269350E+00 -0.3177091E+00 -0.4084831E+00 -0.4538701E+00  0.6738780E-01
  0.8750000E+00 -0.4865631E-01 -0.3405941E+00 -0.9244698E+00 -0.1800283E+01 -0.2968035E+01 -0.2085270E+00 -0.6255811E+00 -0.1042635E+01 -0.1459689E+01 -0.1876743E+01 -0.2085270E+01  0.6283777E-01
  0.8850000E+00 -0.7726341E-01 -0.5408439E+00 -0.1468005E+01 -0.2858746E+01 -0.4713068E+01 -0.3273874E+00 -0.9821621E+00 -0.1636937E+01 -0.2291711E+01 -0.2946486E+01 -0.3273874E+01  0.6857334E-01
  0.8950000E+00 -0.1068437E+00 -0.7479061E+00 -0.2030031E+01 -0.3953218E+01 -0.6517467E+01 -0.4476692E+00 -0.1343008E+01 -0.2238346E+01 -0.3133685E+01 -0.4029023E+01 -0.4476692E+01  0.6420973E-01
  0.9050000E+00 -0.1370380E+00 -0.9592658E+00 -0.2603721E+01 -0.5070405E+01 -0.8359316E+01 -0.5678369E+00 -0.1703511E+01 -0.2839184E+01 -0.3974858E+01 -0.5110532E+01 -0.5678369E+01  0.6126377E-01
  0.9150000E+00 -0.1666639E+00 -0.1166648E+01 -0.3166615E+01 -0.6166566E+01 -0.1016650E+02 -0.6830489E+00 -0.2049147E+01 -0.3415245E+01 -0.4781342E+01 -0.6147440E+01 -0.6830489E+01  0.6755338E-01
  0.9250000E+00 -0.1928379E+00 -0.1349865E+01 -0.3663920E+01 -0.7135002E+01 -0.1176311E+02 -0.7817752E+00 -0.2345326E+01 -0.3908876E+01 -0.5472426E+01 -0.7035977E+01 -0.7817752E+01  0.6328531E-01
  0.9350000E+00 -0.2292264E+00 -0.1604585E+01 -0.4355302E+01 -0.8481378E+01 -0.1398281E+02 -0.9193573E+00 -0.2758072E+01 -0.4596787E+01 -0.6435501E+01 -0.8274216E+01 -0.9193573E+01  0.6575276E-01
  0.9450000E+00 -0.2648259E+00 -0.1853782E+01 -0.5031693E+01 -0.9798560E+01 -0.1615438E+02 -0.1050897E+01 -0.3152690E+01 -0.5254483E+01 -0.7356276E+01 -0.9458069E+01 -0.1050897E+02  0.6264488E-01
  0.9550000E+00 -0.2818318E+00 -0.1972823E+01 -0.5354805E+01 -0.1042778E+02 -0.1719174E+02 -0.1106669E+01 -0.3320008E+01 -0.5533347E+01 -0.7746686E+01 -0.9960025E+01 -0.1106669E+02  0.5762770E-01
  0.9650000E+00 -0.2995327E+00 -0.2096729E+01 -0.5691121E+01 -0.1108271E+02 -0.1827149E+02 -0.1163987E+01 -0.3491962E+01 -0.5819936E+01 -0.8147910E+01 -0.1047588E+02 -0.1163987E+02  0.5831962E-01
  0.9750000E+00 -0.3365299E+00 -0.2355709E+01 -0.6394067E+01 -0.1245160E+02 -0.2052832E+02 -0.1294346E+01 -0.3883037E+01 -0.6471728E+01 -0.9060419E+01 -0.1164911E+02 -0.1294346E+02  0.5945911E-01
  0.9850000E+00 -0.3531400E+00 -0.2471980E+01 -0.6709661E+01 -0.1306618E+02 -0.2154154E+02 -0.1344442E+01 -0.4033325E+01 -0.6722209E+01 -0.9411092E+01 -0.1209998E+02 -0.1344442E+02  0.5734792E-01
  0.9950000E+00 -0.3784624E+00 -0.2649237E+01 -0.7190786E+01 -0.1400311E+02 -0.2308621E+02 -0.1426366E+01 -0.4279098E+01 -0.7131830E+01 -0.9984562E+01 -0.1283729E+02 -0.1426366E+02  0.5943844E-01
