1.000000000000000048e-04 -1.759268034609710583e+02
1.018618757990636889e-04 -1.790682008345393683e+02
1.037584174130386683e-04 -1.822656432453557898e+02
1.056902702763435280e-04 -1.855201320312849589e+02
1.076580918405837677e-04 -1.888326868692848279e+02
1.096625517982972484e-04 -1.922043426272259978e+02
1.117043323108654298e-04 -1.956361355742484989e+02
1.137841282406671159e-04 -1.991291124612261569e+02
1.159026473875555805e-04 -2.026843346629259486e+02
1.180606107297385961e-04 -2.063028779879073511e+02
1.202587526691423979e-04 -2.099858346839119179e+02
1.224978212813448823e-04 -2.137343491078646878e+02
1.247785785701625405e-04 -2.175496186254544284e+02
1.271018007269759508e-04 -2.214328690995097588e+02
1.294682783948856639e-04 -2.253853553670390113e+02
1.318788169377844424e-04 -2.294083624474947385e+02
1.343342367144404262e-04 -2.335031747807089744e+02
1.368353733576835286e-04 -2.376710307274301499e+02
1.393830780587886845e-04 -2.419131732474090768e+02
1.419782178571551826e-04 -2.462308574750327637e+02
1.446216759353794693e-04 -2.506253497914715069e+02
1.473143519198206292e-04 -2.550979378739385766e+02
1.500571621867631414e-04 -2.596499963746806543e+02
1.528510401742802342e-04 -2.642829559641189690e+02
1.556969366999022759e-04 -2.689982779611571004e+02
1.585958202842011142e-04 -2.737974554813524719e+02
1.615486774803991923e-04 -2.786820133315613930e+02
1.645565132101141912e-04 -2.836534706391252598e+02
1.676203511053561853e-04 -2.887133293981766542e+02
1.707412338568923985e-04 -2.938631097422166931e+02
1.739202235690966278e-04 -2.991043515957416048e+02
1.771584021214069331e-04 -3.044386142747278541e+02
1.804568715365133496e-04 -3.098675001247752334e+02
1.838167543553991402e-04 -3.153927101276869394e+02
1.872391940193664781e-04 -3.210159969092766801e+02
1.907253552591749841e-04 -3.267391542219340863e+02
1.942764244914237906e-04 -3.325640189407910725e+02
1.978936102223156684e-04 -3.384924640461970284e+02
2.015781434589383866e-04 -3.445263176108114180e+02
2.053312781282022484e-04 -3.506673866731633211e+02
2.091542915035791929e-04 -3.569174996959908981e+02
2.130484846397874728e-04 -3.632785063018329197e+02
2.170151828155673804e-04 -3.697522767410023903e+02
2.210557359847042556e-04 -3.763407185491040536e+02
2.251715192354455768e-04 -3.830457883334884741e+02
2.293639332584741688e-04 -3.898694708085253069e+02
2.336344048235943036e-04 -3.968137765334619189e+02
2.379843872652912906e-04 -4.038807414845866219e+02
2.424153609773335033e-04 -4.110724513075037407e+02
2.469288339165833478e-04 -4.183911297224960322e+02
2.515263421161864177e-04 -4.258390796382070675e+02
2.562094502083175928e-04 -4.334186609581960283e+02
2.609797519566604005e-04 -4.411322937188265882e+02
2.658388707987978817e-04 -4.489824509943062480e+02
2.707884603987046170e-04 -4.569715138798993053e+02
2.758302052095252827e-04 -4.651017803314046546e+02
2.809658210468288773e-04 -4.733755626487699715e+02
2.861970556725403872e-04 -4.817951877783008285e+02
2.915256893897402246e-04 -4.903629953456087947e+02
2.969535356485410670e-04 -4.990814166181812652e+02
3.024824416632452238e-04 -5.079530761249955617e+02
3.081142890409901557e-04 -5.169806715197364611e+02
3.138509944221012080e-04 -5.261669582023627072e+02
3.196945101323670456e-04 -5.355147519287334035e+02
3.256468248474567954e-04 -5.450269052825707377e+02
3.317099642697105932e-04 -5.547061681207271704e+02
3.378859918175311614e-04 -5.645552605735481393e+02
3.441770093276080573e-04 -5.745769236308179870e+02
3.505851577702196234e-04 -5.847739169154955334e+02
3.571126179778526255e-04 -5.951490232323778855e+02
3.637616113873850436e-04 -6.057052135749066792e+02
3.705344007960904894e-04 -6.164456854972349902e+02
3.774332911317185486e-04 -6.273737232566929833e+02
3.844606302369096319e-04 -6.384926956144424821e+02
3.916188096682179866e-04 -6.498060609271396970e+02
3.989102655100118587e-04 -6.613172520150891387e+02
4.063374792035234838e-04 -6.730294325923425731e+02
4.139029783913389295e-04 -6.849457227076466097e+02
4.216093377776110925e-04 -6.970692459109205856e+02
4.294591800042851142e-04 -7.094031240697679550e+02
4.374551765436418527e-04 -7.219505043201326089e+02
4.456000486074592469e-04 -7.347148187192960904e+02
4.538965680730975877e-04 -7.476996951305177390e+02
4.623475584268307609e-04 -7.609088316615647045e+02
4.709558957247417807e-04 -7.743459986784743023e+02
4.797245095715044075e-04 -7.880150410879923584e+02
4.886563841173926972e-04 -8.019198345923228999e+02
4.977545590738541520e-04 -8.160642605237339922e+02
5.070221307479864242e-04 -8.304522597585054200e+02
5.164622530962796956e-04 -8.450878389065611600e+02
5.260781387979784549e-04 -8.599750724144183778e+02
5.358730603484221930e-04 -8.751180582536615020e+02
5.458503511727514279e-04 -8.905207706521663340e+02
5.560134067603410713e-04 -9.061871672802121793e+02
5.663656858203607774e-04 -9.221212252760883530e+02
5.769107114588511737e-04 -9.383269374837815349e+02
5.876520723777091089e-04 -9.548083255972569532e+02
5.985934240960059461e-04 -9.715696523787092929e+02
6.097384901940361554e-04 -9.886153956424833495e+02
6.210910635805346565e-04 -1.005950116108002589e+03
6.326550077834879179e-04 -1.023578458389252546e+03
6.444342582649731452e-04 -1.041505154034545740e+03
6.564328237604836330e-04 -1.059734898579377614e+03
6.686547876431904415e-04 -1.078272214144824147e+03
6.811043093135997744e-04 -1.097121625842414232e+03
6.937856256150888535e-04 -1.116287681922379761e+03
7.067030522757988559e-04 -1.135774950457840532e+03
7.198609853773664091e-04 -1.155588056659286167e+03
7.332639028510082053e-04 -1.175731877976291116e+03
7.469163660014610474e-04 -1.196211433495696838e+03
7.608230210592882006e-04 -1.217031818675300656e+03
7.749886007620955617e-04 -1.238198208827672033e+03
7.894179259651873870e-04 -1.259715854243814874e+03
8.041159072822036792e-04 -1.281589904771192550e+03
8.190875467563116935e-04 -1.303825384878168506e+03
8.343379395625119847e-04 -1.326427335675682798e+03
8.498722757416329746e-04 -1.349400817968522006e+03
8.656958419666173962e-04 -1.372750909129227693e+03
8.818140233416945414e-04 -1.396482737537456387e+03
8.982323052350434057e-04 -1.420601548168768886e+03
9.149562751455856497e-04 -1.445112634097711634e+03
9.319916246045359138e-04 -1.470021322141058363e+03
9.493441511123482980e-04 -1.495332972148240060e+03
9.670197601117347906e-04 -1.521052991667408151e+03
9.850244669974189595e-04 -1.547186947063964226e+03
1.003364399163299931e-03 -1.573740522872159772e+03
1.022045798087741148e-03 -1.600719475507660718e+03
1.041075021457684184e-03 -1.628129637562170274e+03
1.060458545332302119e-03 -1.655976916576961230e+03
1.080202966346945981e-03 -1.684267064245110305e+03
1.100315003958127810e-03 -1.713005563297248955e+03
1.120801502730290819e-03 -1.742197866955115614e+03
1.141669434665167245e-03 -1.771849411448981073e+03
1.162925901574505139e-03 -1.801965610759674973e+03
1.184578137496964268e-03 -1.832551854910667089e+03
1.206633511160018317e-03 -1.863613515126910897e+03
1.229099528487698038e-03 -1.895155929490977314e+03
1.251983835155017540e-03 -1.927184394222395667e+03
1.275294219189957150e-03 -1.959704157389268403e+03
1.299038613623911854e-03 -1.992720442325091881e+03
1.323225099191469196e-03 -2.026238775042285170e+03
1.347861907080450360e-03 -2.060264924159214388e+03
1.372957421733178281e-03 -2.094804711050913284e+03
1.398520183699878544e-03 -2.129864013473753403e+03
1.424558892545206177e-03 -2.165448769726190676e+03
1.451082409808913606e-03 -2.201564671002020077e+03
1.478099762021616026e-03 -2.238216866030857091e+03
1.505620143776714541e-03 -2.275410371737589230e+03
1.533652920859519646e-03 -2.313150113805209003e+03
1.562207633434636476e-03 -2.351440918999285714e+03
1.591293999292681506e-03 -2.390287517729588672e+03
1.620921917157463034e-03 -2.429694581594205829e+03
1.651101470054736975e-03 -2.469666688515447277e+03
1.681842928743670961e-03 -2.510208301336517252e+03
1.713156755212211745e-03 -2.551323761030484548e+03
1.745053606237532712e-03 -2.593017290989242156e+03
1.777544337012757587e-03 -2.635293186951209009e+03
1.810640004841223422e-03 -2.678155827545425382e+03
1.844351872899527766e-03 -2.721609527752986651e+03
1.878691414070622016e-03 -2.765658536610089868e+03
1.913670314848288411e-03 -2.810307040561095619e+03
1.949300479314314532e-03 -2.855558971484266749e+03
1.985594033189700368e-03 -2.901417695473005551e+03
2.022563327961310244e-03 -2.947886338088599132e+03
2.060220945085358690e-03 -2.994967837298356699e+03
2.098579700269144477e-03 -3.042664937490460488e+03
2.137652647832516666e-03 -3.090980163558228014e+03
2.177453085150554777e-03 -3.139915682767574253e+03
2.217994557178938446e-03 -3.189473355116584571e+03
2.259290861063600799e-03 -3.239654780548468352e+03
2.301356050836201629e-03 -3.290461290708875822e+03
2.344204442197008950e-03 -3.341893948402762817e+03
2.387850617386848631e-03 -3.393953772119861696e+03
2.432309430149767054e-03 -3.446641822443012643e+03
2.477596010788069535e-03 -3.499958981975336428e+03
2.523725771311497411e-03 -3.553905947963115068e+03
2.570714410682279835e-03 -3.608483240965545974e+03
2.618577920157816232e-03 -3.663690907250917007e+03
2.667332588732856859e-03 -3.719527744639216962e+03
2.716995008683013337e-03 -3.775991947360014365e+03
2.767582081211450527e-03 -3.833081274290455440e+03
2.819111022200746896e-03 -3.890793035903403052e+03
2.871599368071836751e-03 -3.949124161248342261e+03
2.925064981752035359e-03 -4.008071977587269885e+03
2.979526058754160094e-03 -4.067634023976767821e+03
3.035001133368896934e-03 -4.127807635396894511e+03
3.091509084972404210e-03 -4.188589959346888463e+03
3.149069144451357560e-03 -4.249977963957160682e+03
3.207700900747676494e-03 -4.311967295427427416e+03
3.267424307525048505e-03 -4.374551347958846236e+03
3.328259689959578698e-03 -4.437722696226559492e+03
3.390227751656924634e-03 -4.501473219907645216e+03
3.453349581698166287e-03 -4.565794080188177759e+03
3.517646661816871412e-03 -4.630675933461048771e+03
3.583140873709807911e-03 -4.696109834837595372e+03
3.649854506483770408e-03 -4.762086628888483574e+03
3.717810264241027274e-03 -4.828596682596853498e+03
3.787031273806032699e-03 -4.895629899714082967e+03
3.857541092596000667e-03 -4.963175715953510007e+03
3.929363716637983284e-03 -5.031222761768390228e+03
4.002523588735250673e-03 -5.099758885976415513e+03
4.077045606785728062e-03 -5.168771429363938296e+03
4.152955132255261271e-03 -5.238247254424376479e+03
4.230277998808691306e-03 -5.308172767227162694e+03
4.309040521101625484e-03 -5.378533050877607820e+03
4.389269503735864983e-03 -5.449310637893832791e+03
4.470992250381601758e-03 -5.520486920922566242e+03
4.554236573069470051e-03 -5.592042364925613583e+03
4.639030801655557625e-03 -5.663956494684504833e+03
4.725403793462688330e-03 -5.736208080283000527e+03
4.813384943101207784e-03 -5.808776279457935743e+03
4.903004192472584614e-03 -5.881640092584835656e+03
4.994292040959304527e-03 -5.954777943770942329e+03
5.087279555804490212e-03 -6.028167720912924779e+03
5.181998382684728684e-03 -6.101786759140178219e+03
5.278480756479801868e-03 -6.175610157879355029e+03
5.376759512242933886e-03 -6.249610320761581534e+03
5.476868096375239574e-03 -6.323758542231074898e+03
5.578840578008285173e-03 -6.398025097990169343e+03
5.682711660598566313e-03 -6.472379244704584380e+03
5.788516693737821156e-03 -6.546789310458678301e+03
5.896291685183281325e-03 -6.621222877008476644e+03
6.006073313111913795e-03 -6.695646642657649863e+03
6.117898938602767643e-03 -6.770026418657573231e+03
6.231806618351780694e-03 -6.844327163598772131e+03
6.347835117623322129e-03 -6.918512883910908386e+03
6.466023923442816568e-03 -6.992545476864212105e+03
6.586413258035060496e-03 -7.066385127672702765e+03
6.709044092512730928e-03 -7.139990950786937901e+03
6.833958160819744894e-03 -7.213321028706993275e+03
6.961197973934178662e-03 -7.286332419108436625e+03
7.090806834335763517e-03 -7.358980730135377598e+03
7.222828850742622764e-03 -7.431219837595276658e+03
7.357308953122382138e-03 -7.503002461923647388e+03
7.494292907982906364e-03 -7.574280246068329689e+03
7.633827333947594551e-03 -7.645003796763333412e+03
7.775959717620665838e-03 -7.715122350789224583e+03
7.920738429747978607e-03 -7.784582521851750244e+03
8.068212741678602168e-03 -7.853329258595263127e+03
8.218432842132880264e-03 -7.921306229306239402e+03
8.371449854282847144e-03 -7.988455842657085668e+03
8.527315853150491815e-03 -8.054719338935015912e+03
8.686083883330022667e-03 -8.120037636932059286e+03
8.847807977040106006e-03 -8.184351313966032649e+03
9.012543172512243669e-03 -8.247600117307089022e+03
9.180345532721415069e-03 -8.309723039425794923e+03
9.351272164465570386e-03 -8.370658368959109794e+03
9.525381237800334411e-03 -8.430341747574531837e+03
9.702732005835492182e-03 -8.488703808287555148e+03
9.883384824900139781e-03 -8.545673264571576510e+03
1.006740117508329001e-02 -8.601177219048780898e+03
1.025484368115681978e-02 -8.655141365879269870e+03
1.044577613388807981e-02 -8.707490289643415963e+03
1.064026351174931183e-02 -8.758150156612309729e+03
1.083837200303117664e-02 -8.807047138825819275e+03
1.104016902836809852e-02 -8.854106751135666855e+03
1.124572326368300859e-02 -8.899253889834215443e+03
1.145510466355919785e-02 -8.942412880755680817e+03
1.166838448504741235e-02 -8.983506728287566148e+03
1.188563531191621191e-02 -9.022457053544003429e+03
1.210693107935374886e-02 -9.059184924131073785e+03
1.233234709912954356e-02 -9.093610945559963511e+03
1.256196008522477044e-02 -9.125655407156171350e+03
1.279584817993961038e-02 -9.155238092739286003e+03
1.303409098048682532e-02 -9.182277969572847724e+03
1.327676956608045238e-02 -9.206693699465009558e+03
1.352396652552875778e-02 -9.228403851246162958e+03
1.377576598534103851e-02 -9.247327012069163175e+03
1.403225363835775182e-02 -9.263382189448591816e+03
1.429351677291355351e-02 -9.276491265070357258e+03
1.455964430254354063e-02 -9.286578285087523909e+03
1.483072679624235397e-02 -9.293568460863578366e+03
1.510685650928682983e-02 -9.297388323157865671e+03
1.538812741463251900e-02 -9.297965958995328037e+03
1.567463523489464813e-02 -9.295232033643249451e+03
1.596647747492464450e-02 -9.289120433766634960e+03
1.626375345499322250e-02 -9.279567600389167637e+03
1.656656434459112537e-02 -9.266512640022097912e+03
1.687501319685936682e-02 -9.249897566412739252e+03
1.718920498366049293e-02 -9.229668563575040025e+03
1.750924663130271758e-02 -9.205778662757791608e+03
1.783524705692930007e-02 -9.178186127678942285e+03
1.816731720558548493e-02 -9.146853883336976651e+03
1.850557008797541758e-02 -9.111750093102707979e+03
1.885012081892218153e-02 -9.072848370692345270e+03
1.920108665654396071e-02 -9.030129309721902246e+03
1.955858704215939978e-02 -8.983580695309758084e+03
1.992274364093615108e-02 -8.933197105682291294e+03
2.029368038329624341e-02 -8.878980272985938427e+03
2.067152350709217101e-02 -8.820939516635064138e+03
2.105640160056846191e-02 -8.759094552869290055e+03
2.144844564612310642e-02 -8.693478347149402907e+03
2.184778906488358055e-02 -8.624133968634532721e+03
2.225456776211312895e-02 -8.551114671767691107e+03
2.266892017346214608e-02 -8.474484291172671874e+03
2.309098731208087882e-02 -8.394317349265875237e+03
2.352091281660938227e-02 -8.310698085351688860e+03
2.395884300006070194e-02 -8.223721772481909284e+03
2.440492689961447359e-02 -8.133495584670608878e+03
2.485931632733758001e-02 -8.040138959674593025e+03
2.532216592184896586e-02 -7.943783966774441069e+03
2.579363320094659948e-02 -7.844575045637540825e+03
2.627387861521428281e-02 -7.742669433278237193e+03
2.676306560262632639e-02 -7.638237704652419779e+03
2.726136064416913654e-02 -7.531464167882639231e+03
2.776893332049839777e-02 -7.422547020080599395e+03
2.828595636965089075e-02 -7.311694602539200787e+03
2.881260574583110329e-02 -7.199118742350852699e+03
2.934906067929236861e-02 -7.085042548792153866e+03
2.989550373733263280e-02 -6.969701752873776968e+03
3.045212088642617818e-02 -6.853344877370358518e+03
3.101910155551216783e-02 -6.736230334645410039e+03
3.159663870046123396e-02 -6.618607800403662623e+03
3.218492886974268219e-02 -6.500726949086112654e+03
3.278417227131428385e-02 -6.382846075266890693e+03
3.339457284075720428e-02 -6.265232053379650097e+03
3.401633831067995412e-02 -6.148159560559166493e+03
3.464968028141413720e-02 -6.031900371963491125e+03
3.529481429302669393e-02 -5.916718967915588109e+03
3.595195989867303044e-02 -5.802883661457192829e+03
3.662134073931550687e-02 -5.690667050452624608e+03
3.730318461983343770e-02 -5.580345700402871444e+03
3.799772358655016669e-02 -5.472173106214465406e+03
3.870519400620325845e-02 -5.366308311161957135e+03
3.942583664638536767e-02 -5.262879152379941843e+03
4.015989675748280613e-02 -5.162000012092566976e+03
4.090762415613934111e-02 -5.063770411178089489e+03
4.166927331027438924e-02 -4.968282255016823910e+03
4.244510342568409006e-02 -4.875711326814439417e+03
4.323537853425445804e-02 -4.786290526729443627e+03
4.404036758381727618e-02 -4.700252230818800854e+03
4.486034452967906094e-02 -4.617826921027662138e+03
4.569558842785374775e-02 -4.539233704693478103e+03
4.654638353003166112e-02 -4.464482637031711420e+03
4.741301938031668856e-02 -4.393351208437478817e+03
4.829579091376418054e-02 -4.325555328294298306e+03
4.919499855675390360e-02 -4.260752293328227097e+03
5.011094832923183862e-02 -4.198565374592429180e+03
5.104395194885506803e-02 -4.138792654134434997e+03
5.199432693707650016e-02 -4.081298799233669342e+03
5.296239672720397945e-02 -4.025911981502878461e+03
5.394849077447183561e-02 -3.972416905365984803e+03
5.495294466816183498e-02 -3.920517546610134104e+03
5.597610024581120558e-02 -3.869822816479002995e+03
5.701830570954753707e-02 -3.819874932691177492e+03
5.807991574458975376e-02 -3.770150512800762499e+03
5.916129163995485080e-02 -3.720195533129393425e+03
6.026280141141259622e-02 -3.669666129321873086e+03
6.138481992672950582e-02 -3.618180070763206913e+03
6.252772903324410603e-02 -3.565314349162813414e+03
6.369191768781813645e-02 -3.510699680349326627e+03
6.487778208920719214e-02 -3.453987758002199826e+03
6.608572581289541559e-02 -3.394794011497222073e+03
6.731615994844122874e-02 -3.332786544150640566e+03
6.856950323938026948e-02 -3.267811684722323207e+03
6.984618222573248103e-02 -3.199736406584922861e+03
7.114663138916324514e-02 -3.128459434779339972e+03
7.247129330084713106e-02 -3.054074535514564104e+03
7.382061877208406786e-02 -2.976757760069640881e+03
7.519506700772049523e-02 -2.896728845203494984e+03
7.659510576242696545e-02 -2.814380531769710160e+03
7.802121149988475168e-02 -2.730204549844957455e+03
7.947386955493740412e-02 -2.644739748211292863e+03
8.095357429876023914e-02 -2.558594355762114446e+03
8.246082930710581238e-02 -2.472427637446310200e+03
8.399614753168203884e-02 -2.386932127975337153e+03
8.556005147472026118e-02 -2.302811546905108571e+03
8.715307336679442574e-02 -2.220790926239500095e+03
8.877575534795098533e-02 -2.141548832785870218e+03
9.042864965221047990e-02 -2.065682316063213420e+03
9.211231879550497992e-02 -1.993736700864187242e+03
9.382733576711488332e-02 -1.926050528756326685e+03
9.557428422466902884e-02 -1.862806555498053513e+03
9.735375869277639038e-02 -1.804491905158379041e+03
9.916636476535606315e-02 -1.751611913616616448e+03
1.010127193117334454e-01 -1.704412466243848939e+03
1.028934506865746418e-01 -1.662291819322379069e+03
1.048091989437295174e-01 -1.623415290234575195e+03
1.067606160540553323e-01 -1.585694021006351932e+03
1.087483661272969776e-01 -1.549107872239797416e+03
1.107731256380982965e-01 -1.514675041255767837e+03
1.128355836562204700e-01 -1.483540561921641483e+03
1.149364420810477933e-01 -1.456902843989004396e+03
1.170764158804596805e-01 -1.435436907798424272e+03
1.192562333341489894e-01 -1.417143297568349226e+03
1.214766362814724415e-01 -1.399009205580890693e+03
1.237383803739137977e-01 -1.377673036918147773e+03
1.260422353322489530e-01 -1.349487935989145399e+03
1.283889852084990069e-01 -1.313193837801543168e+03
1.307794286527595162e-01 -1.270676852560221278e+03
1.332143791849988712e-01 -1.224249395679955569e+03
1.356946654719173029e-01 -1.176498668471760766e+03
1.382211316089593522e-01 -1.129408378468092451e+03
1.407946374075784157e-01 -1.083508429647901721e+03
1.434160586878495958e-01 -1.039203638781581731e+03
1.460862875765296387e-01 -9.969391119986431704e+02
1.488062328106674881e-01 -9.572419019392041264e+02
1.515768200468676774e-01 -9.207412713821983061e+02
1.543989921763106177e-01 -8.881294954558552490e+02
1.572737096456394423e-01 -8.599836688718214646e+02
1.602019507838212953e-01 -8.355187182833860788e+02
1.631847121350931962e-01 -8.131724467080989598e+02
1.662230087981080573e-01 -7.912165893720728036e+02
1.693178747713955379e-01 -7.689068378448376961e+02
1.724703633052531437e-01 -7.469984245653802191e+02
1.756815472601906958e-01 -7.264378060311288436e+02
1.789525194720488210e-01 -7.076005462925254506e+02
1.822843931239136461e-01 -6.893948373340608669e+02
1.856783021249577281e-01 -6.703992972519210980e+02
1.891354014963346764e-01 -6.498117055294675311e+02
1.926568677642566674e-01 -6.285459491384256125e+02
1.962438993603934922e-01 -6.078596840365464686e+02
1.998977170297235872e-01 -5.881673365109188580e+02
2.036195642459806276e-01 -5.684007684727931746e+02
2.074107076348354617e-01 -5.473599164314546215e+02
2.112724374049552156e-01 -5.253701520868037278e+02
2.152060677870898386e-01 -5.040007581966235648e+02
2.192129374813342746e-01 -4.846462332631254526e+02
2.232944101127158631e-01 -4.675142923714466860e+02
2.274518746952663151e-01 -4.525173128544060432e+02
2.316867461047341648e-01 -4.393020504747466362e+02
2.360004655600963508e-01 -4.272645456013901253e+02
2.403945011140371790e-01 -4.156651485877411005e+02
2.448703481525593140e-01 -4.035613592517239567e+02
2.494295299038948310e-01 -3.901784587348870446e+02
2.540735979568935488e-01 -3.759597373256739274e+02
2.588041327890632792e-01 -3.617243995986213463e+02
2.636227443044395491e-01 -3.480556354363787364e+02
2.685310723814711698e-01 -3.353803881543512375e+02
2.735307874311079801e-01 -3.234696395900540438e+02
2.786235909652761689e-01 -3.117414165249015241e+02
2.838112161759405172e-01 -3.003884134476244867e+02
2.890954285249487388e-01 -2.899936647828367313e+02
2.944780263448539270e-01 -2.801191706449191656e+02
2.999608414509291610e-01 -2.699993241051211044e+02
3.055457397645717776e-01 -2.602454825927740103e+02
3.112346219483181908e-01 -2.515141415858298615e+02
3.170294240526813079e-01 -2.429214232918222933e+02
3.229321181750291481e-01 -2.338387080548194774e+02
3.289447131307334793e-01 -2.246053978755217599e+02
3.350692551368140704e-01 -2.158302239362747628e+02
3.413078285083093744e-01 -2.079927313977363212e+02
3.476625563676150610e-01 -2.004634607646769666e+02
3.541356013670298175e-01 -1.928304989830972147e+02
3.607291664247512242e-01 -1.854053224362382366e+02
3.674454954745774993e-01 -1.787055465877952827e+02
3.742868742295683004e-01 -1.724570881335252182e+02
3.812556309599205995e-01 -1.655044128968958432e+02
3.883541372853305251e-01 -1.590962118395810023e+02
3.955848089821086822e-01 -1.533512499135404994e+02
4.029501068053188972e-01 -1.468910527229033960e+02
4.104525373262280508e-01 -1.409342217512907496e+02
4.180946537853479361e-01 -1.351861860093861196e+02
4.258790569613564725e-01 -1.293282097947285934e+02
4.338083960562001962e-01 -1.242119446493738906e+02
4.418853695966769579e-01 -1.193611037025277568e+02
4.501127263528001410e-01 -1.142292652091826426e+02
4.584932662732687514e-01 -1.088814583507500942e+02
4.670298414383473595e-01 -1.043610444653593419e+02
4.757253570304930124e-01 -1.005048838279001302e+02
4.845827723230530792e-01 -9.522169164211048553e+01
4.936051016873679309e-01 -9.147272957402100246e+01
5.027954156186282830e-01 -8.730419150066775558e+01
5.121568417808332052e-01 -8.342154033908086319e+01
5.216925660711994039e-01 -7.932383329770614466e+01
5.314058337043928715e-01 -7.576619043809397169e+01
5.412999503169476645e-01 -7.205661797738289920e+01
5.513782830922426825e-01 -6.846010429296013911e+01
5.616442619064294650e-01 -6.522381158682225077e+01
5.721013804956951443e-01 -6.164807422590270392e+01
5.827531976452537954e-01 -5.849376700600480206e+01
5.936033384004799629e-01 -5.551801818474807959e+01
6.046554953005927047e-01 -5.247527601285913335e+01
6.159134296353031557e-01 -4.933366417154648076e+01
6.273809727248653711e-01 -4.674159075626306503e+01
6.390620272239599942e-01 -4.404496913887997778e+01
6.509605684498487310e-01 -4.121652041123525834e+01
6.630806457352632632e-01 -3.874109418548688666e+01
6.754263838064833436e-01 -3.611984632343749979e+01
6.880019841870665953e-01 -3.356549014164820477e+01
7.008117266277236190e-01 -3.114005092187284163e+01
7.138599705628055903e-01 -2.907560641116316447e+01
7.271511565939169364e-01 -2.676839483287188770e+01
7.406898080011508068e-01 -2.449722346576048082e+01
7.544805322824555960e-01 -2.221139963057429156e+01
7.685280227216687576e-01 -2.060908465887327523e+01
7.828370599857461531e-01 -1.834786817142601834e+01
7.974125137517225070e-01 -1.648041611281996310e+01
8.122593443639704036e-01 -1.469654071794553118e+01
8.273826045223166004e-01 -1.291398474617492731e+01
8.427874410015804285e-01 -1.137311011052545950e+01
8.584790964031362437e-01 -9.444918478703867137e+00
8.744629109390869015e-01 -7.756696602905108762e+00
8.907443242496495550e-01 -6.533162795271969969e+00
9.073288772543862679e-01 -4.748792065754665614e+00
9.242222140379020567e-01 -3.384317616909017445e+00
9.414300837706444103e-01 -1.854280082811524455e+00
9.589583426654740839e-01 -5.155744251647909060e-01
9.768129559706647536e-01 8.718356441580463745e-01
9.949999999999999956e-01 2.039370904999999734e+00
