1.000000000000000048e-04 5.223843617726540742e+02
1.018618757990636889e-04 5.317112248633434319e+02
1.037584174130386683e-04 5.412035534268873107e+02
1.056902702763435280e-04 5.508644001483969532e+02
1.076580918405837677e-04 5.606974677521700414e+02
1.096625517982972484e-04 5.707068421632717445e+02
1.117043323108654298e-04 5.808967855873345343e+02
1.137841282406671159e-04 5.912716815164862965e+02
1.159026473875555805e-04 6.018344135220047519e+02
1.180606107297385961e-04 6.125860475670797314e+02
1.202587526691423979e-04 6.235273617231841854e+02
1.224978212813448823e-04 6.346589085909016603e+02
1.247785785701625405e-04 6.459824394560430392e+02
1.271018007269759508e-04 6.575036271919663022e+02
1.294682783948856639e-04 6.692291754870819886e+02
1.318788169377844424e-04 6.811662267035613922e+02
1.343342367144404262e-04 6.933219137515785633e+02
1.368353733576835286e-04 7.056999067525338205e+02
1.393830780587886845e-04 7.183019974139501755e+02
1.419782178571551826e-04 7.311297854988233667e+02
1.446216759353794693e-04 7.441847049740041484e+02
1.473143519198206292e-04 7.574691184390629815e+02
1.500571621867631414e-04 7.709866951263271631e+02
1.528510401742802342e-04 7.847412307320551008e+02
1.556969366999022759e-04 7.987365706568789392e+02
1.585958202842011142e-04 8.129772869391451877e+02
1.615486774803991923e-04 8.274702773962380888e+02
1.645565132101141912e-04 8.422232664034154368e+02
1.676203511053561853e-04 8.572444357227254841e+02
1.707412338568923985e-04 8.725418457111718453e+02
1.739202235690966278e-04 8.881180858116375703e+02
1.771584021214069331e-04 9.039722101895745254e+02
1.804568715365133496e-04 9.201026526149740903e+02
1.838167543553991402e-04 9.365073373082431090e+02
1.872391940193664781e-04 9.531894790953305119e+02
1.907253552591749841e-04 9.701606842215031747e+02
1.942764244914237906e-04 9.874340766672625023e+02
1.978936102223156684e-04 1.005023802295159840e+03
2.015781434589383866e-04 1.022942189845782650e+03
2.053312781282022484e-04 1.041191316859334847e+03
2.091542915035791929e-04 1.059770273692220599e+03
2.130484846397874728e-04 1.078677472127436431e+03
2.170151828155673804e-04 1.097911186493823834e+03
2.210557359847042556e-04 1.117475930453973433e+03
2.251715192354455768e-04 1.137380733133232297e+03
2.293639332584741688e-04 1.157635193451910482e+03
2.336344048235943036e-04 1.178249416886157633e+03
2.379843872652912906e-04 1.199231931467361846e+03
2.424153609773335033e-04 1.220588125877238781e+03
2.469288339165833478e-04 1.242323063294994199e+03
2.515263421161864177e-04 1.264441758518918050e+03
2.562094502083175928e-04 1.286949510285997576e+03
2.609797519566604005e-04 1.309853112687591420e+03
2.658388707987978817e-04 1.333159917425268759e+03
2.707884603987046170e-04 1.356877460985446760e+03
2.758302052095252827e-04 1.381013414857870657e+03
2.809658210468288773e-04 1.405574831512061564e+03
2.861970556725403872e-04 1.430568267939062252e+03
2.915256893897402246e-04 1.456000311457863745e+03
2.969535356485410670e-04 1.481877602419423283e+03
3.024824416632452238e-04 1.508208230454535169e+03
3.081142890409901557e-04 1.535003136882730132e+03
3.138509944221012080e-04 1.562274056087540430e+03
3.196945101323670456e-04 1.590033288433517555e+03
3.256468248474567954e-04 1.618292376003435720e+03
3.317099642697105932e-04 1.647056251551031437e+03
3.378859918175311614e-04 1.676327255041389435e+03
3.441770093276080573e-04 1.706107147826719256e+03
3.505851577702196234e-04 1.736397435698575464e+03
3.571126179778526255e-04 1.767205484781396990e+03
3.637616113873850436e-04 1.798544244883612009e+03
3.705344007960904894e-04 1.830427491455775453e+03
3.774332911317185486e-04 1.862869700749672802e+03
3.844606302369096319e-04 1.895883499427905235e+03
3.916188096682179866e-04 1.929476376466846204e+03
3.989102655100118587e-04 1.963654995777772001e+03
4.063374792035234838e-04 1.998425832401590469e+03
4.139029783913389295e-04 2.033795914481229602e+03
4.216093377776110925e-04 2.069776802803767168e+03
4.294591800042851142e-04 2.106382187939707364e+03
4.374551765436418527e-04 2.143626339334965451e+03
4.456000486074592469e-04 2.181523974642208941e+03
4.538965680730975877e-04 2.220086873902051593e+03
4.623475584268307609e-04 2.259323586088892625e+03
4.709558957247417807e-04 2.299242399737268443e+03
4.797245095715044075e-04 2.339851450711334110e+03
4.886563841173926972e-04 2.381158953984916025e+03
4.977545590738541520e-04 2.423173593650333714e+03
5.070221307479864242e-04 2.465904029241956323e+03
5.164622530962796956e-04 2.509358788235434076e+03
5.260781387979784549e-04 2.553547063759883713e+03
5.358730603484221930e-04 2.598483838730566731e+03
5.458503511727514279e-04 2.644187234413857823e+03
5.560134067603410713e-04 2.690676273465790018e+03
5.663656858203607774e-04 2.737970718909489278e+03
5.769107114588511737e-04 2.786085425259678686e+03
5.876520723777091089e-04 2.835029022075412286e+03
5.985934240960059461e-04 2.884809456878836045e+03
6.097384901940361554e-04 2.935434263015197757e+03
6.210910635805346565e-04 2.986912255568204728e+03
6.326550077834879179e-04 3.039257011678736944e+03
6.444342582649731452e-04 3.092483251379363992e+03
6.564328237604836330e-04 3.146606030885659493e+03
6.686547876431904415e-04 3.201640640636491298e+03
6.811043093135997744e-04 3.257601729398010320e+03
6.937856256150888535e-04 3.314503698423445712e+03
7.067030522757988559e-04 3.372361154288318176e+03
7.198609853773664091e-04 3.431188902771692938e+03
7.332639028510082053e-04 3.491001459148817958e+03
7.469163660014610474e-04 3.551812850689479546e+03
7.608230210592882006e-04 3.613637152778498148e+03
7.749886007620955617e-04 3.676488521229814978e+03
7.894179259651873870e-04 3.740381542260233800e+03
8.041159072822036792e-04 3.805332121095745151e+03
8.190875467563116935e-04 3.871356661404657189e+03
8.343379395625119847e-04 3.938471844143247836e+03
8.498722757416329746e-04 4.006694356797794626e+03
8.656958419666173962e-04 4.076038313138467402e+03
8.818140233416945414e-04 4.146516119211530167e+03
8.982323052350434057e-04 4.218139909878655089e+03
9.149562751455856497e-04 4.290921599868339399e+03
9.319916246045359138e-04 4.364876110111696107e+03
9.493441511123482980e-04 4.440023283318694666e+03
9.670197601117347906e-04 4.516383921962399654e+03
9.850244669974189595e-04 4.593979477321104241e+03
1.003364399163299931e-03 4.672830192258769785e+03
1.022045798087741148e-03 4.752949296403219705e+03
1.041075021457684184e-03 4.834347845225805031e+03
1.060458545332302119e-03 4.917036340456840662e+03
1.080202966346945981e-03 5.001025331006733722e+03
1.100315003958127810e-03 5.086332761035028852e+03
1.120801502730290819e-03 5.172982199017179482e+03
1.141669434665167245e-03 5.260998179817913297e+03
1.162925901574505139e-03 5.350406102729605664e+03
1.184578137496964268e-03 5.441226731438496245e+03
1.206633511160018317e-03 5.533471697015626887e+03
1.229099528487698038e-03 5.627151079675692927e+03
1.251983835155017540e-03 5.722274164497465790e+03
1.275294219189957150e-03 5.818850034215860433e+03
1.299038613623911854e-03 5.916889984415684921e+03
1.323225099191469196e-03 6.016405605450926487e+03
1.347861907080450360e-03 6.117407937566918008e+03
1.372957421733178281e-03 6.219908208170621037e+03
1.398520183699878544e-03 6.323928723781596091e+03
1.424558892545206177e-03 6.429501476144397202e+03
1.451082409808913606e-03 6.536660455040345369e+03
1.478099762021616026e-03 6.645441477603009844e+03
1.505620143776714541e-03 6.755869865770348952e+03
1.533652920859519646e-03 6.867947156394441663e+03
1.562207633434636476e-03 6.981670136424482735e+03
1.591293999292681506e-03 7.097033199882397639e+03
1.620921917157463034e-03 7.214031929822057464e+03
1.651101470054736975e-03 7.332680035072705323e+03
1.681842928743670961e-03 7.452997919872153943e+03
1.713156755212211745e-03 7.575006530395517984e+03
1.745053606237532712e-03 7.698727117501280190e+03
1.777544337012757587e-03 7.824176402524896730e+03
1.810640004841223422e-03 7.951366640958081916e+03
1.844351872899527766e-03 8.080309510466869142e+03
1.878691414070622016e-03 8.211016229567543633e+03
1.913670314848288411e-03 8.343499590739782434e+03
1.949300479314314532e-03 8.477776779967824041e+03
1.985594033189700368e-03 8.613865848201767221e+03
2.022563327961310244e-03 8.751785171671610442e+03
2.060220945085358690e-03 8.891551149703660485e+03
2.098579700269144477e-03 9.033165352261026783e+03
2.137652647832516666e-03 9.176621912155495011e+03
2.177453085150554777e-03 9.321912648367331713e+03
2.217994557178938446e-03 9.469027356979071556e+03
2.259290861063600799e-03 9.617963460661205318e+03
2.301356050836201629e-03 9.768727115406145458e+03
2.344204442197008950e-03 9.921324383064578797e+03
2.387850617386848631e-03 1.007576082315683198e+04
2.432309430149767054e-03 1.023204328603049726e+04
2.477596010788069535e-03 1.039018302751748342e+04
2.523725771311497411e-03 1.055019229236153296e+04
2.570714410682279835e-03 1.071208369477186170e+04
2.618577920157816232e-03 1.087586708772246311e+04
2.667332588732856859e-03 1.104152836063092946e+04
2.716995008683013337e-03 1.120903984548923108e+04
2.767582081211450527e-03 1.137836989773323876e+04
2.819111022200746896e-03 1.154948379240096256e+04
2.871599368071836751e-03 1.172237576429224282e+04
2.925064981752035359e-03 1.189707798980892221e+04
2.979526058754160094e-03 1.207362831674326480e+04
3.035001133368896934e-03 1.225206868207588559e+04
3.091509084972404210e-03 1.243241962034235803e+04
3.149069144451357560e-03 1.261462513752500126e+04
3.207700900747676494e-03 1.279860764454867603e+04
3.267424307525048505e-03 1.298428076362502725e+04
3.328259689959578698e-03 1.317155781672259218e+04
3.390227751656924634e-03 1.336042439935512448e+04
3.453349581698166287e-03 1.355090872783046143e+04
3.517646661816871412e-03 1.374304380734114602e+04
3.583140873709807911e-03 1.393686660878252405e+04
3.649854506483770408e-03 1.413238020321570730e+04
3.717810264241027274e-03 1.432953668724467934e+04
3.787031273806032699e-03 1.452828027533117711e+04
3.857541092596000667e-03 1.472855025974406271e+04
3.929363716637983284e-03 1.493028553118861601e+04
4.002523588735250673e-03 1.513343701795448942e+04
4.077045606785728062e-03 1.533795612571509446e+04
4.152955132255261271e-03 1.554379128180826410e+04
4.230277998808691306e-03 1.575089028765247167e+04
4.309040521101625484e-03 1.595922408784439176e+04
4.389269503735864983e-03 1.616877945029817056e+04
4.470992250381601758e-03 1.637954529580338749e+04
4.554236573069470051e-03 1.659151210076445932e+04
4.639030801655557625e-03 1.680463253848253953e+04
4.725403793462688330e-03 1.701879580548133163e+04
4.813384943101207784e-03 1.723387733977191965e+04
4.903004192472584614e-03 1.744974292459934441e+04
4.994292040959304527e-03 1.766626959660894136e+04
5.087279555804490212e-03 1.788341482392953185e+04
5.181998382684728684e-03 1.810116024680669943e+04
5.278480756479801868e-03 1.831949163823324125e+04
5.376759512242933886e-03 1.853839350415513763e+04
5.476868096375239574e-03 1.875777815574858687e+04
5.578840578008285173e-03 1.897750072572706267e+04
5.682711660598566313e-03 1.919740576874899853e+04
5.788516693737821156e-03 1.941732832277661510e+04
5.896291685183281325e-03 1.963714384403765871e+04
6.006073313111913795e-03 1.985681225585327047e+04
6.117898938602767643e-03 2.007630720900640154e+04
6.231806618351780694e-03 2.029560867624058665e+04
6.347835117623322129e-03 2.051468012134324454e+04
6.466023923442816568e-03 2.073337559071651776e+04
6.586413258035060496e-03 2.095150752305768765e+04
6.709044092512730928e-03 2.116887739963088825e+04
6.833958160819744894e-03 2.138528002240975911e+04
6.961197973934178662e-03 2.160057474067167641e+04
7.090806834335763517e-03 2.181467844525776309e+04
7.222828850742622764e-03 2.202751328899721193e+04
7.357308953122382138e-03 2.223900547813039157e+04
7.494292907982906364e-03 2.244904554687826749e+04
7.633827333947594551e-03 2.265744248207065539e+04
7.775959717620665838e-03 2.286398781216786301e+04
7.920738429747978607e-03 2.306846428081706836e+04
8.068212741678602168e-03 2.327065798723740227e+04
8.218432842132880264e-03 2.347041754272923936e+04
8.371449854282847144e-03 2.366761503234341217e+04
8.527315853150491815e-03 2.386212659885174799e+04
8.686083883330022667e-03 2.405383039955370623e+04
8.847807977040106006e-03 2.424256264478127196e+04
9.012543172512243669e-03 2.442811820391354559e+04
9.180345532721415069e-03 2.461028645684608273e+04
9.351272164465570386e-03 2.478885289776649370e+04
9.525381237800334411e-03 2.496359882735287829e+04
9.702732005835492182e-03 2.513430086745307199e+04
9.883384824900139781e-03 2.530073226785345832e+04
1.006740117508329001e-02 2.546266327799348437e+04
1.025484368115681978e-02 2.561986713897933078e+04
1.044577613388807981e-02 2.577215148447713364e+04
1.064026351174931183e-02 2.591934174252342200e+04
1.083837200303117664e-02 2.606126903203696202e+04
1.104016902836809852e-02 2.619776866730302936e+04
1.124572326368300859e-02 2.632861583476217129e+04
1.145510466355919785e-02 2.645351534634763811e+04
1.166838448504741235e-02 2.657216281066920783e+04
1.188563531191621191e-02 2.668424812742212089e+04
1.210693107935374886e-02 2.678948742362817575e+04
1.233234709912954356e-02 2.688768256292329897e+04
1.256196008522477044e-02 2.697865879696186676e+04
1.279584817993961038e-02 2.706225304167616559e+04
1.303409098048682532e-02 2.713830470908926145e+04
1.327676956608045238e-02 2.720657921849145350e+04
1.352396652552875778e-02 2.726680645849723442e+04
1.377576598534103851e-02 2.731871864783138881e+04
1.403225363835775182e-02 2.736205213047928191e+04
1.429351677291355351e-02 2.739655651032984315e+04
1.455964430254354063e-02 2.742199887768992630e+04
1.483072679624235397e-02 2.743815597691403673e+04
1.510685650928682983e-02 2.744481624484643180e+04
1.538812741463251900e-02 2.744178032468903621e+04
1.567463523489464813e-02 2.742885904093710633e+04
1.596647747492464450e-02 2.740587935931747415e+04
1.626375345499322250e-02 2.737268663298482716e+04
1.656656434459112537e-02 2.732914206208349060e+04
1.687501319685936682e-02 2.727507998047887304e+04
1.718920498366049293e-02 2.721032841923869273e+04
1.750924663130271758e-02 2.713473362384941356e+04
1.783524705692930007e-02 2.704816425636461645e+04
1.816731720558548493e-02 2.695051508310786812e+04
1.850557008797541758e-02 2.684171099042489368e+04
1.885012081892218153e-02 2.672170786947938905e+04
1.920108665654396071e-02 2.659049430453787136e+04
1.955858704215939978e-02 2.644807959256933827e+04
1.992274364093615108e-02 2.629444324304500697e+04
2.029368038329624341e-02 2.612958699346300273e+04
2.067152350709217101e-02 2.595354789012392212e+04
2.105640160056846191e-02 2.576640297420549177e+04
2.144844564612310642e-02 2.556825587199757865e+04
2.184778906488358055e-02 2.535924576057519880e+04
2.225456776211312895e-02 2.513956079330747525e+04
2.266892017346214608e-02 2.490944353696366670e+04
2.309098731208087882e-02 2.466915283421055574e+04
2.352091281660938227e-02 2.441894421114837678e+04
2.395884300006070194e-02 2.415912362575688167e+04
2.440492689961447359e-02 2.389005769379778212e+04
2.485931632733758001e-02 2.361215618547009944e+04
2.532216592184896586e-02 2.332579303906110363e+04
2.579363320094659948e-02 2.303137368423536827e+04
2.627387861521428281e-02 2.272937430196239438e+04
2.676306560262632639e-02 2.242033032311873467e+04
2.726136064416913654e-02 2.210479622832518362e+04
2.776893332049839777e-02 2.178335203063824520e+04
2.828595636965089075e-02 2.145665418151841368e+04
2.881260574583110329e-02 2.112543559706214364e+04
2.934906067929236861e-02 2.079038721533377247e+04
2.989550373733263280e-02 2.045204022511118455e+04
3.045212088642617818e-02 2.011096102851525211e+04
3.101910155551216783e-02 1.976777308739530781e+04
3.159663870046123396e-02 1.942311693907380686e+04
3.218492886974268219e-02 1.907744092996526524e+04
3.278417227131428385e-02 1.873116127865290764e+04
3.339457284075720428e-02 1.838472371274786565e+04
3.401633831067995412e-02 1.803863408816607262e+04
3.464968028141413720e-02 1.769380611337128721e+04
3.529481429302669393e-02 1.735154497922790688e+04
3.595195989867303044e-02 1.701327335199352456e+04
3.662134073931550687e-02 1.668054077088785198e+04
3.730318461983343770e-02 1.635460003163393958e+04
3.799772358655016669e-02 1.603590486604832950e+04
3.870519400620325845e-02 1.572480351766300737e+04
3.942583664638536767e-02 1.542164504386334374e+04
4.015989675748280613e-02 1.512677474195106879e+04
4.090762415613934111e-02 1.484051585801419606e+04
4.166927331027438924e-02 1.456318390202549926e+04
4.244510342568409006e-02 1.429507955619578388e+04
4.323537853425445804e-02 1.403648823289346728e+04
4.404036758381727618e-02 1.378749680019474363e+04
4.486034452967906094e-02 1.354798863703813186e+04
4.569558842785374775e-02 1.331779037185461675e+04
4.654638353003166112e-02 1.309666885965599249e+04
4.741301938031668856e-02 1.288432918507396062e+04
4.829579091376418054e-02 1.268044544032625345e+04
4.919499855675390360e-02 1.248461991338602274e+04
5.011094832923183862e-02 1.229638237466342252e+04
5.104395194885506803e-02 1.211520230382290902e+04
5.199432693707650016e-02 1.194058436780315060e+04
5.296239672720397945e-02 1.177200207800321732e+04
5.394849077447183561e-02 1.160885896657898229e+04
5.495294466816183498e-02 1.145047570780586102e+04
5.597610024581120558e-02 1.129598177182524523e+04
5.701830570954753707e-02 1.114429615640859811e+04
5.807991574458975376e-02 1.099422316285828674e+04
5.916129163995485080e-02 1.084446196413867256e+04
6.026280141141259622e-02 1.069370699541641625e+04
6.138481992672950582e-02 1.054086488523651497e+04
6.252772903324410603e-02 1.038480904688150076e+04
6.369191768781813645e-02 1.022433549650040732e+04
6.487778208920719214e-02 1.005825824560601723e+04
6.608572581289541559e-02 9.886187935660977018e+03
6.731615994844122874e-02 9.708132481288497729e+03
6.856950323938026948e-02 9.524119280661810990e+03
6.984618222573248103e-02 9.334203620780530400e+03
7.114663138916324514e-02 9.138631585627859749e+03
7.247129330084713106e-02 8.937927425636726184e+03
7.382061877208406786e-02 8.732659325532327784e+03
7.519506700772049523e-02 8.523470796041998256e+03
7.659510576242696545e-02 8.311142161367275548e+03
7.802121149988475168e-02 8.096748776090408683e+03
7.947386955493740412e-02 7.881481356616823177e+03
8.095357429876023914e-02 7.666582817700313171e+03
8.246082930710581238e-02 7.453359432984783780e+03
8.399614753168203884e-02 7.243335597116559256e+03
8.556005147472026118e-02 7.038087254042721725e+03
8.715307336679442574e-02 6.839048133708085516e+03
8.877575534795098533e-02 6.647537538444521488e+03
9.042864965221047990e-02 6.464137107817626202e+03
9.211231879550497992e-02 6.288652990777580271e+03
9.382733576711488332e-02 6.121231783032557360e+03
9.557428422466902884e-02 5.962986562690573919e+03
9.735375869277639038e-02 5.815610889065030278e+03
9.916636476535606315e-02 5.679669238611573746e+03
1.010127193117334454e-01 5.554956174604880289e+03
1.028934506865746418e-01 5.439937840656966728e+03
1.048091989437295174e-01 5.331246411180090035e+03
1.067606160540553323e-01 5.224309710042651204e+03
1.087483661272969776e-01 5.117822848058943237e+03
1.107731256380982965e-01 5.012772177888316037e+03
1.128355836562204700e-01 4.911073109661511808e+03
1.149364420810477933e-01 4.815230247346640681e+03
1.170764158804596805e-01 4.727205836359788009e+03
1.192562333341489894e-01 4.644957136132345113e+03
1.214766362814724415e-01 4.564808089666953492e+03
1.237383803739137977e-01 4.482552330185510073e+03
1.260422353322489530e-01 4.393610252039052284e+03
1.283889852084990069e-01 4.296408397852109374e+03
1.307794286527595162e-01 4.193366666573545444e+03
1.332143791849988712e-01 4.087482786543833299e+03
1.356946654719173029e-01 3.982119902812878081e+03
1.382211316089593522e-01 3.879976123736878435e+03
1.407946374075784157e-01 3.782092942585657511e+03
1.434160586878495958e-01 3.689400119306628312e+03
1.460862875765296387e-01 3.602876337106377377e+03
1.488062328106674881e-01 3.522266368342278838e+03
1.515768200468676774e-01 3.445516611594133792e+03
1.543989921763106177e-01 3.370196894404434715e+03
1.572737096456394423e-01 3.293988829351391814e+03
1.602019507838212953e-01 3.217487187045930568e+03
1.631847121350931962e-01 3.142865759192017322e+03
1.662230087981080573e-01 3.072507244353829719e+03
1.693178747713955379e-01 3.007319028305347729e+03
1.724703633052531437e-01 2.945977113417848159e+03
1.756815472601906958e-01 2.886829369269235031e+03
1.789525194720488210e-01 2.828662877170535467e+03
1.822843931239136461e-01 2.771549398154945266e+03
1.856783021249577281e-01 2.715754410128048676e+03
1.891354014963346764e-01 2.661395783300053608e+03
1.926568677642566674e-01 2.608202793983877655e+03
1.962438993603934922e-01 2.555815305171373438e+03
1.998977170297235872e-01 2.504064060491784858e+03
2.036195642459806276e-01 2.453123839292175944e+03
2.074107076348354617e-01 2.403227408277732138e+03
2.112724374049552156e-01 2.354784291063797809e+03
2.152060677870898386e-01 2.308356882484009020e+03
2.192129374813342746e-01 2.264254567510908146e+03
2.232944101127158631e-01 2.221715646203510005e+03
2.274518746952663151e-01 2.179688107135617884e+03
2.316867461047341648e-01 2.137766024174349241e+03
2.360004655600963508e-01 2.096128986568561231e+03
2.403945011140371790e-01 2.055454566674848138e+03
2.448703481525593140e-01 2.017467723959717432e+03
2.494295299038948310e-01 1.983340238182627445e+03
2.540735979568935488e-01 1.950484433571196632e+03
2.588041327890632792e-01 1.915573571403469032e+03
2.636227443044395491e-01 1.879846334572265732e+03
2.685310723814711698e-01 1.846544437016827260e+03
2.735307874311079801e-01 1.815229417803503566e+03
2.786235909652761689e-01 1.783384359839103354e+03
2.838112161759405172e-01 1.751556816887517016e+03
2.890954285249487388e-01 1.721993265220124840e+03
2.944780263448539270e-01 1.694200797681251743e+03
2.999608414509291610e-01 1.666467399239991892e+03
3.055457397645717776e-01 1.638756905313169455e+03
3.112346219483181908e-01 1.611303321398328535e+03
3.170294240526813079e-01 1.583258965063913593e+03
3.229321181750291481e-01 1.555289463698682766e+03
3.289447131307334793e-01 1.530630826705727941e+03
3.350692551368140704e-01 1.509241986046600459e+03
3.413078285083093744e-01 1.488249445555735974e+03
3.476625563676150610e-01 1.463924260370974707e+03
3.541356013670298175e-01 1.437274192316416247e+03
3.607291664247512242e-01 1.414738658656683356e+03
3.674454954745774993e-01 1.394863643981481573e+03
3.742868742295683004e-01 1.374972636045368517e+03
3.812556309599205995e-01 1.355187255600519848e+03
3.883541372853305251e-01 1.333528336756869749e+03
3.955848089821086822e-01 1.311517763073934475e+03
4.029501068053188972e-01 1.293280006185369075e+03
4.104525373262280508e-01 1.275224622014750139e+03
4.180946537853479361e-01 1.254963520451975910e+03
4.258790569613564725e-01 1.235355363262517812e+03
4.338083960562001962e-01 1.220442469836276132e+03
4.418853695966769579e-01 1.204332044933843463e+03
4.501127263528001410e-01 1.185563990560061029e+03
4.584932662732687514e-01 1.167850872355232923e+03
4.670298414383473595e-01 1.152897960438049950e+03
4.757253570304930124e-01 1.138615164190925270e+03
4.845827723230530792e-01 1.124224001443675661e+03
4.936051016873679309e-01 1.106281663951372821e+03
5.027954156186282830e-01 1.088577211389542072e+03
5.121568417808332052e-01 1.074455264594833352e+03
5.216925660711994039e-01 1.059522933544189527e+03
5.314058337043928715e-01 1.046152317776578002e+03
5.412999503169476645e-01 1.030885518766428959e+03
5.513782830922426825e-01 1.017374962978577855e+03
5.616442619064294650e-01 1.004561025535919612e+03
5.721013804956951443e-01 9.913530168956687021e+02
5.827531976452537954e-01 9.758724384419708713e+02
5.936033384004799629e-01 9.630062749236838044e+02
6.046554953005927047e-01 9.504152944305193387e+02
6.159134296353031557e-01 9.354679360376720751e+02
6.273809727248653711e-01 9.234105499961898431e+02
6.390620272239599942e-01 9.115106090288704763e+02
6.509605684498487310e-01 8.991002873938250559e+02
6.630806457352632632e-01 8.864518694497844535e+02
6.754263838064833436e-01 8.727643670151381912e+02
6.880019841870665953e-01 8.623704447052322166e+02
7.008117266277236190e-01 8.501051930558327285e+02
7.138599705628055903e-01 8.379303314764889592e+02
7.271511565939169364e-01 8.261825206103878827e+02
7.406898080011508068e-01 8.156782549594553302e+02
7.544805322824555960e-01 8.011403121803436989e+02
7.685280227216687576e-01 7.919040719423173869e+02
7.828370599857461531e-01 7.801070238221205955e+02
7.974125137517225070e-01 7.688279411431745984e+02
8.122593443639704036e-01 7.561196996293405164e+02
8.273826045223166004e-01 7.467894454670491768e+02
8.427874410015804285e-01 7.338502643036384825e+02
8.584790964031362437e-01 7.236313142172159587e+02
8.744629109390869015e-01 7.121064963009083613e+02
8.907443242496495550e-01 7.008841751795845312e+02
9.073288772543862679e-01 6.899352182711975274e+02
9.242222140379020567e-01 6.785047317752274694e+02
9.414300837706444103e-01 6.680055216408132992e+02
9.589583426654740839e-01 6.569571667407834639e+02
9.768129559706647536e-01 6.472310697004555777e+02
9.949999999999999956e-01 6.354481929999999466e+02
