1.000000000000000048e-04 3.190278126404497812e+02
1.018618757990636889e-04 3.247244612152708214e+02
1.037584174130386683e-04 3.305227425752561317e+02
1.056902702763435280e-04 3.364244725607373425e+02
1.076580918405837677e-04 3.424315002684999172e+02
1.096625517982972484e-04 3.485457023428424463e+02
1.117043323108654298e-04 3.547689579692765278e+02
1.137841282406671159e-04 3.611031653411589559e+02
1.159026473875555805e-04 3.675502491711422977e+02
1.180606107297385961e-04 3.741121603464505370e+02
1.202587526691423979e-04 3.807908795654871597e+02
1.224978212813448823e-04 3.875884820222601661e+02
1.247785785701625405e-04 3.945071390376986642e+02
1.271018007269759508e-04 4.015490736099911260e+02
1.294682783948856639e-04 4.087165612796634377e+02
1.318788169377844424e-04 4.160119323206747026e+02
1.343342367144404262e-04 4.234375159561252531e+02
1.368353733576835286e-04 4.309955578489898471e+02
1.393830780587886845e-04 4.386883120023877609e+02
1.419782178571551826e-04 4.465180544973447354e+02
1.446216759353794693e-04 4.544870818102494354e+02
1.473143519198206292e-04 4.625977290362377516e+02
1.500571621867631414e-04 4.708524889924066770e+02
1.528510401742802342e-04 4.792539560802208030e+02
1.556969366999022759e-04 4.878047802798328121e+02
1.585958202842011142e-04 4.965076692322198255e+02
1.615486774803991923e-04 5.053653880481454621e+02
1.645565132101141912e-04 5.143806915394987982e+02
1.676203511053561853e-04 5.235563034490402288e+02
1.707412338568923985e-04 5.328949804141579989e+02
1.739202235690966278e-04 5.423995149618714322e+02
1.771584021214069331e-04 5.520727347847440569e+02
1.804568715365133496e-04 5.619175456060858096e+02
1.838167543553991402e-04 5.719370320179729106e+02
1.872391940193664781e-04 5.821343722649869505e+02
1.907253552591749841e-04 5.925128191718023345e+02
1.942764244914237906e-04 6.030757037630994546e+02
1.978936102223156684e-04 6.138264225379366508e+02
2.015781434589383866e-04 6.247682905601403718e+02
2.053312781282022484e-04 6.359045847503446112e+02
2.091542915035791929e-04 6.472386208814074280e+02
2.130484846397874728e-04 6.587737530983912393e+02
2.170151828155673804e-04 6.705133729539768410e+02
2.210557359847042556e-04 6.824609396154590968e+02
2.251715192354455768e-04 6.946200012385131686e+02
2.293639332584741688e-04 7.069941569495515523e+02
2.336344048235943036e-04 7.195870527436456996e+02
2.379843872652912906e-04 7.324023807084810187e+02
2.424153609773335033e-04 7.454439230042997906e+02
2.469288339165833478e-04 7.587157121789704206e+02
2.515263421161864177e-04 7.722219243830181767e+02
2.562094502083175928e-04 7.859668391238187724e+02
2.609797519566604005e-04 7.999548449559898700e+02
2.658388707987978817e-04 8.141904266153902654e+02
2.707884603987046170e-04 8.286779020438492580e+02
2.758302052095252827e-04 8.434214384195820458e+02
2.809658210468288773e-04 8.584252289335513524e+02
2.861970556725403872e-04 8.736934933396810266e+02
2.915256893897402246e-04 8.892304743867380239e+02
2.969535356485410670e-04 9.050405810103646900e+02
3.024824416632452238e-04 9.211285726116470869e+02
3.081142890409901557e-04 9.374993411996050554e+02
3.138509944221012080e-04 9.541578835039367732e+02
3.196945101323670456e-04 9.711093057074929220e+02
3.256468248474567954e-04 9.883587807804104841e+02
3.317099642697105932e-04 1.005911295409972240e+03
3.378859918175311614e-04 1.023771782380532159e+03
3.441770093276080573e-04 1.041945212306929761e+03
3.505851577702196234e-04 1.060436589597516786e+03
3.571126179778526255e-04 1.079250960703097462e+03
3.637616113873850436e-04 1.098393713342459705e+03
3.705344007960904894e-04 1.117870646087189471e+03
3.774332911317185486e-04 1.137687714742451590e+03
3.844606302369096319e-04 1.157851028358870963e+03
3.916188096682179866e-04 1.178366858466250505e+03
3.989102655100118587e-04 1.199241430292147470e+03
4.063374792035234838e-04 1.220480481069401094e+03
4.139029783913389295e-04 1.242089668853974217e+03
4.216093377776110925e-04 1.264074658057586248e+03
4.294591800042851142e-04 1.286441110048232531e+03
4.374551765436418527e-04 1.309194732023513325e+03
4.456000486074592469e-04 1.332341747868849779e+03
4.538965680730975877e-04 1.355888736555155447e+03
4.623475584268307609e-04 1.379842404445104194e+03
4.709558957247417807e-04 1.404209588943585686e+03
4.797245095715044075e-04 1.428997262639542441e+03
4.886563841173926972e-04 1.454212453976835150e+03
4.977545590738541520e-04 1.479862201619939924e+03
5.070221307479864242e-04 1.505953652222858182e+03
5.164622530962796956e-04 1.532494071653956553e+03
5.260781387979784549e-04 1.559490848810373336e+03
5.358730603484221930e-04 1.586951415263358285e+03
5.458503511727514279e-04 1.614882978199800391e+03
5.560134067603410713e-04 1.643292714796674318e+03
5.663656858203607774e-04 1.672187837549510959e+03
5.769107114588511737e-04 1.701575587451731508e+03
5.876520723777091089e-04 1.731463257831409692e+03
5.985934240960059461e-04 1.761858579191665513e+03
6.097384901940361554e-04 1.792769672034163705e+03
6.210910635805346565e-04 1.824204807222409727e+03
6.326550077834879179e-04 1.856172407777597300e+03
6.444342582649731452e-04 1.888681054392354781e+03
6.564328237604836330e-04 1.921739262477178954e+03
6.686547876431904415e-04 1.955355232996240375e+03
6.811043093135997744e-04 1.989537172363462787e+03
6.937856256150888535e-04 2.024293328981367267e+03
7.067030522757988559e-04 2.059631987229633523e+03
7.198609853773664091e-04 2.095561535133588222e+03
7.332639028510082053e-04 2.132090818165631390e+03
7.469163660014610474e-04 2.169228938681549607e+03
7.608230210592882006e-04 2.206985137566322464e+03
7.749886007620955617e-04 2.245368800554183053e+03
7.894179259651873870e-04 2.284389449387304012e+03
8.041159072822036792e-04 2.324056423706370424e+03
8.190875467563116935e-04 2.364378835833239464e+03
8.343379395625119847e-04 2.405365828318009790e+03
8.498722757416329746e-04 2.447026579474295431e+03
8.656958419666173962e-04 2.489370297714500339e+03
8.818140233416945414e-04 2.532406284004618556e+03
8.982323052350434057e-04 2.576144050806473842e+03
9.149562751455856497e-04 2.620593197869160122e+03
9.319916246045359138e-04 2.665763386195593739e+03
9.493441511123482980e-04 2.711664336760155038e+03
9.670197601117347906e-04 2.758305857109852241e+03
9.850244669974189595e-04 2.805698042869663823e+03
1.003364399163299931e-03 2.853851204038300239e+03
1.022045798087741148e-03 2.902775781049292618e+03
1.041075021457684184e-03 2.952482352565448309e+03
1.060458545332302119e-03 3.002981633262805190e+03
1.080202966346945981e-03 3.054284055297563100e+03
1.100315003958127810e-03 3.106399563188853790e+03
1.120801502730290819e-03 3.159338048054416049e+03
1.141669434665167245e-03 3.213109370322481027e+03
1.162925901574505139e-03 3.267723350190990459e+03
1.184578137496964268e-03 3.323189764545640628e+03
1.206633511160018317e-03 3.379518356311561547e+03
1.229099528487698038e-03 3.436718808457308569e+03
1.251983835155017540e-03 3.494800728193623399e+03
1.275294219189957150e-03 3.553773635558824481e+03
1.299038613623911854e-03 3.613647005917519436e+03
1.323225099191469196e-03 3.674430863693447918e+03
1.347861907080450360e-03 3.736135673436624529e+03
1.372957421733178281e-03 3.798771995565463840e+03
1.398520183699878544e-03 3.862350492933959231e+03
1.424558892545206177e-03 3.926881938405007531e+03
1.451082409808913606e-03 3.992376656965159327e+03
1.478099762021616026e-03 4.058843990121444676e+03
1.505620143776714541e-03 4.126293040624525929e+03
1.533652920859519646e-03 4.194732746011275594e+03
1.562207633434636476e-03 4.264171864716195159e+03
1.591293999292681506e-03 4.334618980716446458e+03
1.620921917157463034e-03 4.406082571661577276e+03
1.651101470054736975e-03 4.478570945633392512e+03
1.681842928743670961e-03 4.552092202358991926e+03
1.713156755212211745e-03 4.626654220921275737e+03
1.745053606237532712e-03 4.702264667538969661e+03
1.777544337012757587e-03 4.778931340012366491e+03
1.810640004841223422e-03 4.856662186872908933e+03
1.844351872899527766e-03 4.935465041650407329e+03
1.878691414070622016e-03 5.015347618737619086e+03
1.913670314848288411e-03 5.096317519492634347e+03
1.949300479314314532e-03 5.178381884130506478e+03
1.985594033189700368e-03 5.261546827359916279e+03
2.022563327961310244e-03 5.345818028251540454e+03
2.060220945085358690e-03 5.431200826257722838e+03
2.098579700269144477e-03 5.517700210339097794e+03
2.137652647832516666e-03 5.605320772090928585e+03
2.177453085150554777e-03 5.694066455191828936e+03
2.217994557178938446e-03 5.783940647394593725e+03
2.259290861063600799e-03 5.874946263716056819e+03
2.301356050836201629e-03 5.967085735327901602e+03
2.344204442197008950e-03 6.060361005935137655e+03
2.387850617386848631e-03 6.154773939767318552e+03
2.432309430149767054e-03 6.250326478161208797e+03
2.477596010788069535e-03 6.347020240713964995e+03
2.523725771311497411e-03 6.444856511865802531e+03
2.570714410682279835e-03 6.543836256600864544e+03
2.618577920157816232e-03 6.643959579987542384e+03
2.667332588732856859e-03 6.745224325880462857e+03
2.716995008683013337e-03 6.847627243494827781e+03
2.767582081211450527e-03 6.951164293776648265e+03
2.819111022200746896e-03 7.055830625988633074e+03
2.871599368071836751e-03 7.161620698824541250e+03
2.925064981752035359e-03 7.268529694555808419e+03
2.979526058754160094e-03 7.376553180932359282e+03
3.035001133368896934e-03 7.485686357016413240e+03
3.091509084972404210e-03 7.595924083423760749e+03
3.149069144451357560e-03 7.707260897097461566e+03
3.207700900747676494e-03 7.819688939379525436e+03
3.267424307525048505e-03 7.933196269387020038e+03
3.328259689959578698e-03 8.047769461800583485e+03
3.390227751656924634e-03 8.163393832732417650e+03
3.453349581698166287e-03 8.280053397426328956e+03
3.517646661816871412e-03 8.397731257387982623e+03
3.583140873709807911e-03 8.516411239735552954e+03
3.649854506483770408e-03 8.636076791629013314e+03
3.717810264241027274e-03 8.756710496198811597e+03
3.787031273806032699e-03 8.878294099499162257e+03
3.857541092596000667e-03 9.000808500882154476e+03
3.929363716637983284e-03 9.124233141796397831e+03
4.002523588735250673e-03 9.248546046265460973e+03
4.077045606785728062e-03 9.373724328301144851e+03
4.152955132255261271e-03 9.499744228307799858e+03
4.230277998808691306e-03 9.626581165752168090e+03
4.309040521101625484e-03 9.754208162073140556e+03
4.389269503735864983e-03 9.882593620148018090e+03
4.470992250381601758e-03 1.001170387433261021e+04
4.554236573069470051e-03 1.014150358316014172e+04
4.639030801655557625e-03 1.027195570131402201e+04
4.725403793462688330e-03 1.040302182085650384e+04
4.813384943101207784e-03 1.053466423964314890e+04
4.903004192472584614e-03 1.066684497185777036e+04
4.994292040959304527e-03 1.079952499387054013e+04
5.087279555804490212e-03 1.093266431293481037e+04
5.181998382684728684e-03 1.106622193679634984e+04
5.278480756479801868e-03 1.120015282406609731e+04
5.376759512242933886e-03 1.133440704694835040e+04
5.476868096375239574e-03 1.146893267631142407e+04
5.578840578008285173e-03 1.160367593128798217e+04
5.682711660598566313e-03 1.173858120162166597e+04
5.788516693737821156e-03 1.187359118000192939e+04
5.896291685183281325e-03 1.200864722035458726e+04
6.006073313111913795e-03 1.214368908230487614e+04
6.117898938602767643e-03 1.227865491801827557e+04
6.231806618351780694e-03 1.241348133961450731e+04
6.347835117623322129e-03 1.254810323752325894e+04
6.466023923442816568e-03 1.268245168313521390e+04
6.586413258035060496e-03 1.281645465103313109e+04
6.709044092512730928e-03 1.295003818043413230e+04
6.833958160819744894e-03 1.308312643553010093e+04
6.961197973934178662e-03 1.321564173832894448e+04
7.090806834335763517e-03 1.334750378530047783e+04
7.222828850742622764e-03 1.347862913488800950e+04
7.357308953122382138e-03 1.360893225955600064e+04
7.494292907982906364e-03 1.373832568360550249e+04
7.633827333947594551e-03 1.386672005753813391e+04
7.775959717620665838e-03 1.399402355415502097e+04
7.920738429747978607e-03 1.412013959480102130e+04
8.068212741678602168e-03 1.424496858908648392e+04
8.218432842132880264e-03 1.436840863049491418e+04
8.371449854282847144e-03 1.449035553709883243e+04
8.527315853150491815e-03 1.461070300436048637e+04
8.686083883330022667e-03 1.472934416427812175e+04
8.847807977040106006e-03 1.484617152939810876e+04
9.012543172512243669e-03 1.496107615218552019e+04
9.180345532721415069e-03 1.507394761080632816e+04
9.351272164465570386e-03 1.518467432552186074e+04
9.525381237800334411e-03 1.529313988000388963e+04
9.702732005835492182e-03 1.539921878899198236e+04
9.883384824900139781e-03 1.550278201051504766e+04
1.006740117508329001e-02 1.560369773040117616e+04
1.025484368115681978e-02 1.570183157324823151e+04
1.044577613388807981e-02 1.579704710703760793e+04
1.064026351174931183e-02 1.588921063298767331e+04
1.083837200303117664e-02 1.597818865251833631e+04
1.104016902836809852e-02 1.606384643166309434e+04
1.124572326368300859e-02 1.614604811376786529e+04
1.145510466355919785e-02 1.622465679598649695e+04
1.166838448504741235e-02 1.629953321308516934e+04
1.188563531191621191e-02 1.637053554875108966e+04
1.210693107935374886e-02 1.643752103051766971e+04
1.233234709912954356e-02 1.650034601135261619e+04
1.256196008522477044e-02 1.655886628400353584e+04
1.279584817993961038e-02 1.661293674494818697e+04
1.303409098048682532e-02 1.666241076902937857e+04
1.327676956608045238e-02 1.670714120182084662e+04
1.352396652552875778e-02 1.674698070759553593e+04
1.377576598534103851e-02 1.678178198482159860e+04
1.403225363835775182e-02 1.681139849017754386e+04
1.429351677291355351e-02 1.683568889721834057e+04
1.455964430254354063e-02 1.685451575113679792e+04
1.483072679624235397e-02 1.686774377668394663e+04
1.510685650928682983e-02 1.687524007526800779e+04
1.538812741463251900e-02 1.687687449765870042e+04
1.567463523489464813e-02 1.687252163433644819e+04
1.596647747492464450e-02 1.686206183550717105e+04
1.626375345499322250e-02 1.684538017325167675e+04
1.656656434459112537e-02 1.682236646821402974e+04
1.687501319685936682e-02 1.679291578028555523e+04
1.718920498366049293e-02 1.675693083674582522e+04
1.750924663130271758e-02 1.671432673452971721e+04
1.783524705692930007e-02 1.666502783885655299e+04
1.816731720558548493e-02 1.660896727976144393e+04
1.850557008797541758e-02 1.654608752018713130e+04
1.885012081892218153e-02 1.647634088779676676e+04
1.920108665654396071e-02 1.639969234921010502e+04
1.955858704215939978e-02 1.631612003570891648e+04
1.992274364093615108e-02 1.622561407523834532e+04
2.029368038329624341e-02 1.612817785593641565e+04
2.067152350709217101e-02 1.602382851552952343e+04
2.105640160056846191e-02 1.591260174908600857e+04
2.144844564612310642e-02 1.579455767048229245e+04
2.184778906488358055e-02 1.566977438063358204e+04
2.225456776211312895e-02 1.553834863911488355e+04
2.266892017346214608e-02 1.540039620414229103e+04
2.309098731208087882e-02 1.525605243829126994e+04
2.352091281660938227e-02 1.510547016018560862e+04
2.395884300006070194e-02 1.494882224959710220e+04
2.440492689961447359e-02 1.478630315806960425e+04
2.485931632733758001e-02 1.461812957365859256e+04
2.532216592184896586e-02 1.444454111783615190e+04
2.579363320094659948e-02 1.426579980149638868e+04
2.627387861521428281e-02 1.408219090112437698e+04
2.676306560262632639e-02 1.389402384077138959e+04
2.726136064416913654e-02 1.370163290362048974e+04
2.776893332049839777e-02 1.350537787882516022e+04
2.828595636965089075e-02 1.330563646785614401e+04
2.881260574583110329e-02 1.310279305226206270e+04
2.934906067929236861e-02 1.289725233023492183e+04
2.989550373733263280e-02 1.268944191847057300e+04
3.045212088642617818e-02 1.247981270196638252e+04
3.101910155551216783e-02 1.226883339801586953e+04
3.159663870046123396e-02 1.205695691528055067e+04
3.218492886974268219e-02 1.184463615445015603e+04
3.278417227131428385e-02 1.163233957535955233e+04
3.339457284075720428e-02 1.142055131896774947e+04
3.401633831067995412e-02 1.120976960917079850e+04
3.464968028141413720e-02 1.100048719559663550e+04
3.529481429302669393e-02 1.079318396055838639e+04
3.595195989867303044e-02 1.058834640658017270e+04
3.662134073931550687e-02 1.038646884928530380e+04
3.730318461983343770e-02 1.018805278824739980e+04
3.799772358655016669e-02 9.993558097706651097e+03
3.870519400620325845e-02 9.803272277150816080e+03
3.942583664638536767e-02 9.617427630427044278e+03
4.015989675748280613e-02 9.436230845503447199e+03
4.090762415613934111e-02 9.259862156009881801e+03
4.166927331027438924e-02 9.088488033664278191e+03
4.244510342568409006e-02 8.922426794786186292e+03
4.323537853425445804e-02 8.762100399951030340e+03
4.404036758381727618e-02 8.607929695607197573e+03
4.486034452967906094e-02 8.460332111216530393e+03
4.569558842785374775e-02 8.319703798048076351e+03
4.654638353003166112e-02 8.186062285549252010e+03
4.741301938031668856e-02 8.059002660287633262e+03
4.829579091376418054e-02 7.938010451056189595e+03
4.919499855675390360e-02 7.822462550541914425e+03
5.011094832923183862e-02 7.711676359238411351e+03
5.104395194885506803e-02 7.605285395728740696e+03
5.199432693707650016e-02 7.503043673030861100e+03
5.296239672720397945e-02 7.404640093830552360e+03
5.394849077447183561e-02 7.309683819799607591e+03
5.495294466816183498e-02 7.217638463525227053e+03
5.597610024581120558e-02 7.127795913201810436e+03
5.701830570954753707e-02 7.039327136465938565e+03
5.807991574458975376e-02 6.951286410261825040e+03
5.916129163995485080e-02 6.862852779671944518e+03
6.026280141141259622e-02 6.773406086409021555e+03
6.138481992672950582e-02 6.682256287346343015e+03
6.252772903324410603e-02 6.588640374157145743e+03
6.369191768781813645e-02 6.491893300591178559e+03
6.487778208920719214e-02 6.391387256213078217e+03
6.608572581289541559e-02 6.286429136022933562e+03
6.731615994844122874e-02 6.176420250981192112e+03
6.856950323938026948e-02 6.061087748625462154e+03
6.984618222573248103e-02 5.940192023760594566e+03
7.114663138916324514e-02 5.813554723789667150e+03
7.247129330084713106e-02 5.681347161662049075e+03
7.382061877208406786e-02 5.543890418878858327e+03
7.519506700772049523e-02 5.401588025661931169e+03
7.659510576242696545e-02 5.255154548067994256e+03
7.802121149988475168e-02 5.105483523778302697e+03
7.947386955493740412e-02 4.953545920778601612e+03
8.095357429876023914e-02 4.800435173886799930e+03
8.246082930710581238e-02 4.647322271464689038e+03
8.399614753168203884e-02 4.495417270076627574e+03
8.556005147472026118e-02 4.345918066456780252e+03
8.715307336679442574e-02 4.200030572767366721e+03
8.877575534795098533e-02 4.058867973133550095e+03
9.042864965221047990e-02 3.923436545873712930e+03
9.211231879550497992e-02 3.794787127651264200e+03
9.382733576711488332e-02 3.673919967341595566e+03
9.557428422466902884e-02 3.561868637971296266e+03
9.735375869277639038e-02 3.459770349001855720e+03
9.916636476535606315e-02 3.367932603056706284e+03
1.010127193117334454e-01 3.285801001334974444e+03
1.028934506865746418e-01 3.212107424332898518e+03
1.048091989437295174e-01 3.144734807031381933e+03
1.067606160540553323e-01 3.081191074869888780e+03
1.087483661272969776e-01 3.020318644765627141e+03
1.107731256380982965e-01 2.961901983284963080e+03
1.128355836562204700e-01 2.906107694862825610e+03
1.149364420810477933e-01 2.853289661649808750e+03
1.170764158804596805e-01 2.803540855643513169e+03
1.192562333341489894e-01 2.755490809909528252e+03
1.214766362814724415e-01 2.707097635630417699e+03
1.237383803739137977e-01 2.656008902727957320e+03
1.260422353322489530e-01 2.599639415072948395e+03
1.283889852084990069e-01 2.536862511989853374e+03
1.307794286527595162e-01 2.468504923380854962e+03
1.332143791849988712e-01 2.395640146174259371e+03
1.356946654719173029e-01 2.319488249901642575e+03
1.382211316089593522e-01 2.241437203338914514e+03
1.407946374075784157e-01 2.163066219442847341e+03
1.434160586878495958e-01 2.086140247130953867e+03
1.460862875765296387e-01 2.012599211241479452e+03
1.488062328106674881e-01 1.943706065174472997e+03
1.515768200468676774e-01 1.879679037660936046e+03
1.543989921763106177e-01 1.820660931313865149e+03
1.572737096456394423e-01 1.766728342616705049e+03
1.602019507838212953e-01 1.717467308429107334e+03
1.631847121350931962e-01 1.672168411102696155e+03
1.662230087981080573e-01 1.630029742716065584e+03
1.693178747713955379e-01 1.590513712540010147e+03
1.724703633052531437e-01 1.553504748960611778e+03
1.756815472601906958e-01 1.518894083918171418e+03
1.789525194720488210e-01 1.486105178005197331e+03
1.822843931239136461e-01 1.453496782486957272e+03
1.856783021249577281e-01 1.419105582009738100e+03
1.891354014963346764e-01 1.381835200969659354e+03
1.926568677642566674e-01 1.342984786546074929e+03
1.962438993603934922e-01 1.304342719567925542e+03
1.998977170297235872e-01 1.266820325737834764e+03
2.036195642459806276e-01 1.229753813130360641e+03
2.074107076348354617e-01 1.192350689127533087e+03
2.112724374049552156e-01 1.155000789992020373e+03
2.152060677870898386e-01 1.119061062732188020e+03
2.192129374813342746e-01 1.085765762294978003e+03
2.232944101127158631e-01 1.055445680723819578e+03
2.274518746952663151e-01 1.028184174604302143e+03
2.316867461047341648e-01 1.003328490189790955e+03
2.360004655600963508e-01 9.795425242246292328e+02
2.403945011140371790e-01 9.557292473973765254e+02
2.448703481525593140e-01 9.315429712339932848e+02
2.494295299038948310e-01 9.068428543681233123e+02
2.540735979568935488e-01 8.820722327907399176e+02
2.588041327890632792e-01 8.578266799132093183e+02
2.636227443044395491e-01 8.342645976657184974e+02
2.685310723814711698e-01 8.113225262405477451e+02
2.735307874311079801e-01 7.888616653369435880e+02
2.786235909652761689e-01 7.667607022003215889e+02
2.838112161759405172e-01 7.456331971344762906e+02
2.890954285249487388e-01 7.263993254026198656e+02
2.944780263448539270e-01 7.083883179518604720e+02
2.999608414509291610e-01 6.903096255980291289e+02
3.055457397645717776e-01 6.723951328533113383e+02
3.112346219483181908e-01 6.551093208915880268e+02
3.170294240526813079e-01 6.378468137906287438e+02
3.229321181750291481e-01 6.203612820207913501e+02
3.289447131307334793e-01 6.033883366361001208e+02
3.350692551368140704e-01 5.880526344586321557e+02
3.413078285083093744e-01 5.747918816487464255e+02
3.476625563676150610e-01 5.603630131786063657e+02
3.541356013670298175e-01 5.441009859201267318e+02
3.607291664247512242e-01 5.295624480267746321e+02
3.674454954745774993e-01 5.167498637476643353e+02
3.742868742295683004e-01 5.044559882132353437e+02
3.812556309599205995e-01 4.921210920442169368e+02
3.883541372853305251e-01 4.800572199361830030e+02
3.955848089821086822e-01 4.682816626457361053e+02
4.029501068053188972e-01 4.563809658961367290e+02
4.104525373262280508e-01 4.447644506051479425e+02
4.180946537853479361e-01 4.338100367754537388e+02
4.258790569613564725e-01 4.234318318204040565e+02
4.338083960562001962e-01 4.131886337672243030e+02
4.418853695966769579e-01 4.029703097774922753e+02
4.501127263528001410e-01 3.928437191165506306e+02
4.584932662732687514e-01 3.830815017026423561e+02
4.670298414383473595e-01 3.744204252336209606e+02
4.757253570304930124e-01 3.662373539262654276e+02
4.845827723230530792e-01 3.565497310219870997e+02
4.936051016873679309e-01 3.489602403980077270e+02
5.027954156186282830e-01 3.407816689005476860e+02
5.121568417808332052e-01 3.329672521384763968e+02
5.216925660711994039e-01 3.245846785159085925e+02
5.314058337043928715e-01 3.175556409060720853e+02
5.412999503169476645e-01 3.103511342118375183e+02
5.513782830922426825e-01 3.032559408455652488e+02
5.616442619064294650e-01 2.964915796979019547e+02
5.721013804956951443e-01 2.903262443463126488e+02
5.827531976452537954e-01 2.830687083313891890e+02
5.936033384004799629e-01 2.768504929275688369e+02
6.046554953005927047e-01 2.711663061836476345e+02
6.159134296353031557e-01 2.646731504057527786e+02
6.273809727248653711e-01 2.588659128539038647e+02
6.390620272239599942e-01 2.538967679648297633e+02
6.509605684498487310e-01 2.482943380912921896e+02
6.630806457352632632e-01 2.427583849663095634e+02
6.754263838064833436e-01 2.367676857325068625e+02
6.880019841870665953e-01 2.322125696167555020e+02
7.008117266277236190e-01 2.271844307814876913e+02
7.138599705628055903e-01 2.224503255001608011e+02
7.271511565939169364e-01 2.173609957240089727e+02
7.406898080011508068e-01 2.131349796069425793e+02
7.544805322824555960e-01 2.085148340409149341e+02
7.685280227216687576e-01 2.043379306835244904e+02
7.828370599857461531e-01 1.998061469951380502e+02
7.974125137517225070e-01 1.955328593250017377e+02
8.122593443639704036e-01 1.921451900611768338e+02
8.273826045223166004e-01 1.880059865511179567e+02
8.427874410015804285e-01 1.838973806569205749e+02
8.584790964031362437e-01 1.805135778354110982e+02
8.744629109390869015e-01 1.761817673556007264e+02
8.907443242496495550e-01 1.730611853095654169e+02
9.073288772543862679e-01 1.693514780461389080e+02
9.242222140379020567e-01 1.658950087945186169e+02
9.414300837706444103e-01 1.625790874170618281e+02
9.589583426654740839e-01 1.593327335746298559e+02
9.768129559706647536e-01 1.559285499119184522e+02
9.949999999999999956e-01 1.528583000000000141e+02
