4.999999999999999562e-06 -2.692990979105829335e-07
5.123761999065976960e-06 -2.693088689917775278e-07
5.250587404614506112e-06 -2.693188747871432418e-07
5.380552043307652942e-06 -2.693291387331098086e-07
5.513733618699310417e-06 -2.693396480646960013e-07
5.650211757692813556e-06 -2.693504117805187538e-07
5.790068058148432163e-06 -2.693614461499376188e-07
5.933386137669335411e-06 -2.693727529693853872e-07
6.080251683594999357e-06 -2.693843340562399099e-07
6.230752504232185491e-06 -2.693961984909485442e-07
6.384978581354009775e-06 -2.694083481219564038e-07
6.543022123998374620e-06 -2.694208065521957589e-07
6.704977623598166200e-06 -2.694335611591956584e-07
6.870941910475984582e-06 -2.694466283153355080e-07
7.041014211737327779e-06 -2.694600171474698532e-07
7.215296210596642166e-06 -2.694737295310798288e-07
7.393892107171950133e-06 -2.694877745849289629e-07
7.576908680784301237e-06 -2.695021614112276420e-07
7.764455353799146875e-06 -2.695168990971562356e-07
7.956644257048090408e-06 -2.695319894524937032e-07
8.153590296869894907e-06 -2.695474487415957505e-07
8.355411223811010571e-06 -2.695632859438822623e-07
8.562227703026441153e-06 -2.695794954836401200e-07
8.774163386423352733e-06 -2.695961007182223371e-07
8.991344986590405812e-06 -2.696130959318043164e-07
9.213902352556863231e-06 -2.696305043014674316e-07
9.441968547427095101e-06 -2.696483271625647357e-07
9.675679927936606776e-06 -2.696665729637551043e-07
9.915176225977406565e-06 -2.696852500200420729e-07
1.016060063214109063e-05 -2.697043664749096105e-07
1.041209988133003337e-05 -2.697239302678585768e-07
1.066982434048764078e-05 -2.697439563885513597e-07
1.093392809849995580e-05 -2.697644523177618736e-07
1.120456905832275983e-05 -2.697854180256690003e-07
1.148190903138890201e-05 -2.698068676588596770e-07
1.176611383435258073e-05 -2.698288149852369214e-07
1.205735338822804823e-05 -2.698512589022852853e-07
1.235580181998243229e-05 -2.698742050877053128e-07
1.266163756664324628e-05 -2.698976732465783625e-07
1.297504348198257679e-05 -2.699216680107712283e-07
1.329620694584220651e-05 -2.699461860907099102e-07
1.362531997616465331e-05 -2.699712380420853273e-07
1.396257934379740028e-05 -2.699968408468620923e-07
1.430818669013854015e-05 -2.700229888999519309e-07
1.466234864769466291e-05 -2.700496828649949400e-07
1.502527696362286941e-05 -2.700769440175710887e-07
1.539718862633045865e-05 -2.701047562457616968e-07
1.577830599520857935e-05 -2.701331310416634063e-07
1.616885693357688857e-05 -2.701620639705684651e-07
1.656907494491914346e-05 -2.701915634518367734e-07
1.697919931249058204e-05 -2.702216214752025805e-07
1.739947524238128659e-05 -2.702522353766634110e-07
1.783015401012046991e-05 -2.702833928264782418e-07
1.827149311090982359e-05 -2.703151008338381998e-07
1.872375641357511034e-05 -2.703473346571077781e-07
1.918721431832876771e-05 -2.703800808944153239e-07
1.966214391843751331e-05 -2.704133374916471774e-07
2.014882916589126916e-05 -2.704470767207208769e-07
2.064756104117318597e-05 -2.704812668692273386e-07
2.115863772723162149e-05 -2.705159006399091119e-07
2.168236478775862429e-05 -2.705509217624410934e-07
2.221905534988077803e-05 -2.705863121946802579e-07
2.276903029137250381e-05 -2.706220253629485466e-07
2.333261843250331711e-05 -2.706580079021793842e-07
2.391015673263337520e-05 -2.706941998185962867e-07
2.450199049167568635e-05 -2.707305413728017987e-07
2.510847355654470702e-05 -2.707669638953891880e-07
2.572996853271535312e-05 -2.708033818838273160e-07
2.636684700101806408e-05 -2.708396879191999804e-07
2.701948973980056258e-05 -2.708757890015799004e-07
2.768828695258864362e-05 -2.709115895136410726e-07
2.837363850138160308e-05 -2.709469861975129423e-07
2.907595414572287904e-05 -2.709817910532639136e-07
2.979565378768789260e-05 -2.710157626084094524e-07
3.053316772293630235e-05 -2.710486747116681249e-07
3.128893689797778083e-05 -2.710803902201252825e-07
3.206341317380630650e-05 -2.711107412706383408e-07
3.285705959606004153e-05 -2.711394977771684056e-07
3.367035067186771141e-05 -2.711663009437258716e-07
3.450377265354828411e-05 -2.711908224893647081e-07
3.535782382933243717e-05 -2.712126958526581858e-07
3.623301482128061320e-05 -2.712315361223227683e-07
3.712986889057438877e-05 -2.712469031606286140e-07
3.804892225036534233e-05 -2.712583030428898244e-07
3.899072438636757865e-05 -2.712651963404730032e-07
3.995583838538506135e-05 -2.712669749162353816e-07
4.094484127197153920e-05 -2.712629686045622237e-07
4.195832435342312851e-05 -2.712524371253219090e-07
4.299689357331079695e-05 -2.712345529089307494e-07
4.406116987376280605e-05 -2.712084172417196248e-07
4.515178956671521334e-05 -2.711730091573020339e-07
4.626940471435182138e-05 -2.711272355258392136e-07
4.741468351896001608e-05 -2.710698516445296507e-07
4.858831072243744765e-05 -2.709994936765564413e-07
4.979098801568689975e-05 -2.709146466529479476e-07
5.102343445814520976e-05 -2.708136619540531977e-07
5.228638690769549170e-05 -2.706947114968183742e-07
5.358060046122220619e-05 -2.705557454593528285e-07
5.490684890606946876e-05 -2.703944535958510256e-07
5.626592518267521946e-05 -2.702083555599537852e-07
5.765864185865614614e-05 -2.699948095471737270e-07
5.908583161462733449e-05 -2.697509200874890725e-07
6.054834774204774630e-05 -2.694733600308562482e-07
6.204706465338730972e-05 -2.691583545213735754e-07
6.358287840492302014e-05 -2.688017406277651119e-07
6.515670723247547508e-05 -2.683987489127237992e-07
6.676949210040503222e-05 -2.679441671564420924e-07
6.842219726419826551e-05 -2.674327074858432019e-07
7.011581084697889076e-05 -2.668588867948353138e-07
7.185134543028970562e-05 -2.662163348540741736e-07
7.362983865949625619e-05 -2.654970067426885271e-07
7.545235386417703733e-05 -2.646919365135084881e-07
7.731998069386987167e-05 -2.637924783043720227e-07
7.923383576955309797e-05 -2.627901459054222462e-07
8.119506335125414474e-05 -2.616749968322669967e-07
8.320483602218196851e-05 -2.604340096082667944e-07
8.526435538979439111e-05 -2.590525564403233951e-07
8.737485280421698145e-05 -2.575156557714382284e-07
8.953759009444588874e-05 -2.558077684669247042e-07
9.175386032277363401e-05 -2.539117218803676886e-07
9.402498855788703159e-05 -2.518079456772894898e-07
9.635233266710298641e-05 -2.494748421804245936e-07
9.873728412821294149e-05 -2.468881134914548620e-07
1.011812688614235548e-04 -2.440205873749348419e-07
1.036857480818879473e-04 -2.408432364330391527e-07
1.062522191733409059e-04 -2.373267408588500641e-07
1.088822165833587156e-04 -2.334393486824432176e-07
1.115773127407769662e-04 -2.291402032095986412e-07
1.143391189958185199e-04 -2.243790826483112688e-07
1.171692865834914510e-04 -2.191035042322382777e-07
1.200695076108329162e-04 -2.132662323754715934e-07
1.230415160685898021e-04 -2.068178036666301425e-07
1.260870888679409881e-04 -1.996969918322449814e-07
1.292080469028821996e-04 -1.918300548864770235e-07
1.324062561389044445e-04 -1.831367579603927159e-07
1.356836287286228705e-04 -1.735322423516939290e-07
1.390421241550187867e-04 -1.629244294950762040e-07
1.424837504029797966e-04 -1.512110948681939612e-07
1.460105651598378939e-04 -1.382789847991730828e-07
1.496246770456245636e-04 -1.240033204660140206e-07
1.533282468737781135e-04 -1.082438470787808409e-07
1.571234889430542367e-04 -9.084632849273456711e-08
1.610126723614167690e-04 -7.164297150299699204e-08
1.649981224026974289e-04 -5.045132013966525331e-08
1.690822218968356008e-04 -2.707053770389669356e-08
1.732674126545295042e-04 -1.274443632548727758e-09
1.775561969271520133e-04 2.718591780675534549e-08
1.819511389028033693e-04 5.858385131356898236e-08
1.864548662393918359e-04 9.321923360979559605e-08
1.910700716356649820e-04 1.314211094698811987e-07
1.957995144411266608e-04 1.735552176665125851e-07
2.006460223058030004e-04 2.200228917300377250e-07
2.056124928708435941e-04 2.712666607858733838e-07
2.107018955009701039e-04 3.277743714452873941e-07
2.159172730598082847e-04 3.900822967712852528e-07
2.212617437291595785e-04 4.587907138730526212e-07
2.267385028733083258e-04 5.345595412922418446e-07
2.323508249494735968e-04 6.181053570822444768e-07
2.381020654655487991e-04 7.102054532730929261e-07
2.439956629862997277e-04 8.117172063644284558e-07
2.500351411892220575e-04 9.236219147473175977e-07
2.562241109712862426e-04 1.047005453202603795e-06
2.625662726078281228e-04 1.183042631288255158e-06
2.690654179648773077e-04 1.333001906402930096e-06
2.757254327662482323e-04 1.498273951141375061e-06
2.825502989167447739e-04 1.680413348823716214e-06
2.895440968828699767e-04 1.881130681433666144e-06
2.967110081324650915e-04 2.102352300041804207e-06
3.040553176347359117e-04 2.346256272291792338e-06
3.115814164221590815e-04 2.615198377233596765e-06
3.192938042158018162e-04 2.911586886275904751e-06
3.271970921156271833e-04 3.237994969920655805e-06
3.352960053573881541e-04 3.597436581133139276e-06
3.435953861377616099e-04 3.993480224541554129e-06
3.521001965094124140e-04 4.430042571673156027e-06
3.608155213477177710e-04 4.911355466612754776e-06
3.697465713909230817e-04 5.442018214357752785e-06
3.788986863555490726e-04 6.026709621945955702e-06
3.882773381289158403e-04 6.670052469985484874e-06
3.978881340406860987e-04 7.377317081718784635e-06
4.077368202153874854e-04 8.155982599362722812e-06
4.178292850079193786e-04 9.014881201470872991e-06
4.281715625240966163e-04 9.962650698055647538e-06
4.387698362283337433e-04 1.100720028302175658e-05
4.496304426406273476e-04 1.215721844203849259e-05
4.607598751250517816e-04 1.342355208206644903e-05
4.721647877720250904e-04 1.481858363993765312e-05
4.838519993766709224e-04 1.635556766078819608e-05
4.958284975156558669e-04 1.804854459480802184e-05
5.081014427249389096e-04 1.991291804878234483e-05
5.206781727809280244e-04 2.196632133012851369e-05
5.335662070876051686e-04 2.422834214940380949e-05
5.467732511722473527e-04 2.671978918564121708e-05
5.603072012924236074e-04 2.946243126190116679e-05
5.741761491570257329e-04 3.248026109528058953e-05
5.883883867641614062e-04 3.580204392915756000e-05
6.029524113587885273e-04 3.946033717914693996e-05
6.178769305130716021e-04 4.349060696030800132e-05
6.331708673324805327e-04 4.793135279190882425e-05
6.488433657907619057e-04 5.282417920220558634e-05
6.649037961969537450e-04 5.821133453504927522e-05
6.813617607977314654e-04 6.413740549767550300e-05
6.982270995184199211e-04 7.065489316047081293e-05
7.155098958461069553e-04 7.782802092389110645e-05
7.332204828583877444e-04 8.572732995201074228e-05
7.513694494013221405e-04 9.442627886324881097e-05
7.699676464203242601e-04 1.040033237132819831e-04
7.890261934477445487e-04 1.145443598863935198e-04
8.085564852510460391e-04 1.261436960746126104e-04
8.285701986455321424e-04 1.389049119474430676e-04
8.490792994757043058e-04 1.529467935733571152e-04
8.700960497694349913e-04 1.684019236030571151e-04
8.916330150692093007e-04 1.854144524019848625e-04
9.137030719448474081e-04 2.041403592291916478e-04
9.363194156921702659e-04 2.247484478270514398e-04
9.594955682222395393e-04 2.474124598240763531e-04
9.832453861458657126e-04 2.723161394507360466e-04
1.007583069058227065e-03 2.996837262164529368e-04
1.032523168028562886e-03 3.298087110596345777e-04
1.058080594299992119e-03 3.630113503557783495e-04
1.084270628204689032e-03 3.995693204495907001e-04
1.111108928299715066e-03 4.397448420152163910e-04
1.138611540728999864e-03 4.838665089895374262e-04
1.166794908817042533e-03 5.323871226634801189e-04
1.195675882900081814e-03 5.858018778023690388e-04
1.225271730400620410e-03 6.445224809659250934e-04
1.255600146151301293e-03 7.089214002683547544e-04
1.286679262974344982e-03 7.795339869394000022e-04
1.318527662522832496e-03 8.572396735986014676e-04
1.351164386390354358e-03 9.430135620297544746e-04
1.384608947495639519e-03 1.037555674653191286e-03
1.418881341748978167e-03 1.141403908254294075e-03
1.454002060007432212e-03 1.255271498511233239e-03
1.489992100325944696e-03 1.380258232828623227e-03
1.526872980511715522e-03 1.517602648994130629e-03
1.564666750989305395e-03 1.668528502695906888e-03
1.603396007984204865e-03 1.834288447304728087e-03
1.643083907032711569e-03 2.016292821220271730e-03
1.683754176826210988e-03 2.216195826434294060e-03
1.725431133398151393e-03 2.435815707099574234e-03
1.768139694662155658e-03 2.677073825218302845e-03
1.811905395310014913e-03 2.942022842104835383e-03
1.856754402078412839e-03 3.232913394555449096e-03
1.902713529393566631e-03 3.552238908503758431e-03
1.949810255403092510e-03 3.902725872469196833e-03
1.998072738404696805e-03 4.287400779223251267e-03
2.047529833681536321e-03 4.709599663937837077e-03
2.098211110754265567e-03 5.172942347565654894e-03
2.150146871060144502e-03 5.681328606516813581e-03
2.203368166069714223e-03 6.239005909925860079e-03
2.257906815851936852e-03 6.850737997912219844e-03
2.313795428098843702e-03 7.521813782546524565e-03
2.371067417621087591e-03 8.257912231898515212e-03
2.429757026326086113e-03 9.064976475453838389e-03
2.489899343690627886e-03 9.949451823002771617e-03
2.551530327740271758e-03 1.091877991091802155e-02
2.614686826547989954e-03 1.198138988685710539e-02
2.679406600264998793e-03 1.314632644269371313e-02
2.745728343696873276e-03 1.442299026277943201e-02
2.813691709438478558e-03 1.582153123384879428e-02
2.883337331581573536e-03 1.735325486331263170e-02
2.954706850009189856e-03 1.903066845021577150e-02
3.027842935291405295e-03 2.086743962971277996e-02
3.102789314197294378e-03 2.287860971727596546e-02
3.179590795838413766e-03 2.508055657204357261e-02
3.258293298459362906e-03 2.749078399493245714e-02
3.338943876891481335e-03 3.012805744074372252e-02
3.421590750686120432e-03 3.301299899963883872e-02
3.506283332944231876e-03 3.616884029029538566e-02
3.593072259859611366e-03 3.962096980844486555e-02
3.682009420993354737e-03 4.339621876470238504e-02
3.773147990297731104e-03 4.752305808872037129e-02
3.866542457907936117e-03 5.203271281382938068e-02
3.962248662720765230e-03 5.696033683574980994e-02
4.060323825779728682e-03 6.234437264828556619e-02
4.160826584486468187e-03 6.822621242613324810e-02
4.263817027659050872e-03 7.465046444710078666e-02
4.369356731457973639e-03 8.166524840935215912e-02
4.477508796201494327e-03 8.932180683190181492e-02
4.588337884092174093e-03 9.767550886310412406e-02
4.701910257877250920e-03 1.067879083559874626e-01
4.818293820465994158e-03 1.167272133886905761e-01
4.937558155527612368e-03 1.275666944840816441e-01
5.059774569094136788e-03 1.393828188296566961e-01
5.185016132192988951e-03 1.522577141689292202e-01
5.313357724534893342e-03 1.662824011580659733e-01
5.444876079283111729e-03 1.815575568263042283e-01
5.579649828930826651e-03 1.981926391816837552e-01
5.717759552314150354e-03 2.163072830002742697e-01
5.859287822788742869e-03 2.360310476578242889e-01
6.004319257598997837e-03 2.574957038508568496e-01
6.152940568469151932e-03 2.808348225531234754e-01
6.305240613446724124e-03 3.061953922252048654e-01
6.461310450029155925e-03 3.337512172622427165e-01
6.621243389605450079e-03 3.636939183613184801e-01
6.785135053245442208e-03 3.962172644335235083e-01
6.953083428869894118e-03 4.315157609595572930e-01
7.125188929835786673e-03 4.698027708458857865e-01
7.301554454971629846e-03 5.113301222647007593e-01
7.482285450098899102e-03 5.563756254466957207e-01
7.667489971076203378e-03 6.052230054469555087e-01
7.857278748403940041e-03 6.581595987362564015e-01
8.051765253428159325e-03 7.154935531912320901e-01
8.251065766183000860e-03 7.775579222271808977e-01
8.455299444912533352e-03 8.447110610696914046e-01
8.664588397313290752e-03 9.173356833066582672e-01
8.879057753540356077e-03 9.958401672521909331e-01
9.098835741020440751e-03 1.080662604618772393e+00
9.324053761116762179e-03 1.172272390878737580e+00
9.554846467691655021e-03 1.271172675127855589e+00
9.791351847613647894e-03 1.377889834632564092e+00
1.003371130325745285e-02 1.492971480656770433e+00
1.028206973704584928e-02 1.616999743540491696e+00
1.053657563808435733e-02 1.750584951113819177e+00
1.079738117094019775e-02 1.894374660730786308e+00
1.106464226661876826e-02 2.049057463828895198e+00
1.133851871579209802e-02 2.215365056183333348e+00
1.161917426433477230e-02 2.394075308133182034e+00
1.190677671122477958e-02 2.586006097060341791e+00
1.220149800886744830e-02 2.792023644179833397e+00
1.250351436590284478e-02 3.013009477082408516e+00
1.281300635255769489e-02 3.249845526645163130e+00
1.313015900860520398e-02 3.503462575767902099e+00
1.345516195399703088e-02 3.774862660243943235e+00
1.378820950223364969e-02 4.065111069733011284e+00
1.412950077654103950e-02 4.375298378503888586e+00
1.447923982892282586e-02 4.706525283643755664e+00
1.483763576215946928e-02 5.059939612742101467e+00
1.520490285482699322e-02 5.436718403895653751e+00
1.558126068941045363e-02 5.838083236745801763e+00
1.596693428358837014e-02 6.265283834116522677e+00
1.636215422476675063e-02 6.719584182149167972e+00
1.676715680794334598e-02 7.202289194923739757e+00
1.718218417698408329e-02 7.714718313852018561e+00
1.760748446939675721e-02 8.258222382234199799e+00
1.804331196468788104e-02 8.834175627430820299e+00
1.848992723639203070e-02 9.443962733262905473e+00
1.894759730786409885e-02 1.008899834320541977e+01
1.941659581192775944e-02 1.077071119355289675e+01
1.989720315447581628e-02 1.149055014989702173e+01
2.038970668211975701e-02 1.224993332097904464e+01
2.089440085398936928e-02 1.305020513646181435e+01
2.141158741778446950e-02 1.389271476747325984e+01
2.194157559018463516e-02 1.477891090302234289e+01
2.248468224172433735e-02 1.571028865314354661e+01
2.304123208624413513e-02 1.668832792615373961e+01
2.361155787503147960e-02 1.771447351686289196e+01
2.419600059576663964e-02 1.879016039939009630e+01
2.479490967639337226e-02 1.991687515140339571e+01
2.540864319403550800e-02 2.109611698487656639e+01
2.603756808908508011e-02 2.232945579180987394e+01
2.668206038458941637e-02 2.361860643661658443e+01
2.734250541106857113e-02 2.496530831109796367e+01
2.801929803689780576e-02 2.637139578015079167e+01
2.871284290439215722e-02 2.783875288546100535e+01
2.942355467173514774e-02 2.936946975023976947e+01
3.015185826089532284e-02 3.096603066701399243e+01
3.089818911167977605e-02 3.263105825092129919e+01
3.166299344207579997e-02 3.436746589004547303e+01
3.244672851503661859e-02 3.617838587323639388e+01
3.324986291187101428e-02 3.806727254315369890e+01
3.407287681239955929e-02 4.003809956949172744e+01
3.491626228204582766e-02 4.209514802244117249e+01
3.578052356603339534e-02 4.424327398091919150e+01
3.666617739086527883e-02 4.648781928380508788e+01
3.757375327326552966e-02 4.883457764092899822e+01
3.850379383676772599e-02 5.128991055387167108e+01
3.945685513614025780e-02 5.386056670624159182e+01
4.043350698984130021e-02 5.655289143545483199e+01
4.143433332070348835e-02 5.937315024708193789e+01
4.245993250505070843e-02 6.232879222077524872e+01
4.351091773045697580e-02 6.542949959889563161e+01
4.458791736236030617e-02 6.868584166395592661e+01
4.569157531975112652e-02 7.210808631428218973e+01
4.682255146016035124e-02 7.570658992743869931e+01
4.798152197417611398e-02 7.948831167526911656e+01
4.916917978972654840e-02 8.345141725993353532e+01
5.038623498636865539e-02 8.759290040311739745e+01
5.163341521983287608e-02 9.192081595233359792e+01
5.291146615707491285e-02 9.645085152759561709e+01
5.422115192209719936e-02 1.011905107905949706e+02
5.556325555280485634e-02 1.061252190302404586e+02
5.693857946917063595e-02 1.112351312070720866e+02
5.834794595298695846e-02 1.165079404620859691e+02
5.979219763949389366e-02 1.219357671668017531e+02
6.127219802117625513e-02 1.275039214448418647e+02
6.278883196402970657e-02 1.331828265616110798e+02
6.434300623660692275e-02 1.389371166582235730e+02
6.593565005215822061e-02 1.447386412063691523e+02
6.756771562419218446e-02 1.505632886146272256e+02
6.924017873578650062e-02 1.563845709036093865e+02
7.095403932299181038e-02 1.621747378220785833e+02
7.271032207267555392e-02 1.679035942178178402e+02
7.451007703516462910e-02 1.735446038337125856e+02
7.635438025205103230e-02 1.790757914366463694e+02
7.824433439953840108e-02 1.844859676494665450e+02
8.018106944771315192e-02 1.897930002693247502e+02
8.216574333613255177e-02 1.950262009387586204e+02
8.419954266613691174e-02 2.002380876773477212e+02
8.628368341029717115e-02 2.054823956122998254e+02
8.841941163942404480e-02 2.108003014408566003e+02
9.060800426757058268e-02 2.162304640330728205e+02
9.285076981547703279e-02 2.218366828182819290e+02
9.514904919291271301e-02 2.277783854567979631e+02
9.750421650038110233e-02 2.343665121759021304e+02
9.991767985067090407e-02 2.417950789775459555e+02
1.023908822107413852e-01 2.500051645749077807e+02
1.049253022644474620e-01 2.586267449933798730e+02
1.075224552966174696e-01 2.671240635964966259e+02
1.101838940990155641e-01 2.755124833673365288e+02
1.129112098987292007e-01 2.842259614940682582e+02
1.157060333095341897e-01 2.938884905420102314e+02
1.185700353068107060e-01 3.048046613253258101e+02
1.215049282265893565e-01 3.163976638793931215e+02
1.245124667893275222e-01 3.278380326062691665e+02
1.275944491490242083e-01 3.382859460630313606e+02
1.307527179683050378e-01 3.476795835059020874e+02
1.339891615201185271e-01 3.563371688533068777e+02
1.373057148166993147e-01 3.646261342570596753e+02
1.407043607664788809e-01 3.728515146791716006e+02
1.441871313596305715e-01 3.812898500615129933e+02
1.477561088829618952e-01 3.902437685024998473e+02
1.514134271648750474e-01 3.999301931263497636e+02
1.551612728511458650e-01 4.105299706118417475e+02
1.590018867122817703e-01 4.221165366909570480e+02
1.629375649832365824e-01 4.342940352557178016e+02
1.669706607362902162e-01 4.465140927586170392e+02
1.711035852879079500e-01 4.586921679770155151e+02
1.753388096404254470e-01 4.713237756913399608e+02
1.796788659594150406e-01 4.847999576515856575e+02
1.841263490876236808e-01 4.988828529965284702e+02
1.886839180963845730e-01 5.131498842878854703e+02
1.933542978754265451e-01 5.270820222177393362e+02
1.981402807620387951e-01 5.401779704058714060e+02
2.030447282105591889e-01 5.532522024722661627e+02
2.080705725031885833e-01 5.680427871488300298e+02
2.132208185031480019e-01 5.840310434253693757e+02
2.184985454512342884e-01 5.989155871361302843e+02
2.239069088068449398e-01 6.135860493085231155e+02
2.294491421345686843e-01 6.308655658826047556e+02
2.351285590374782575e-01 6.490133549099527954e+02
2.409485551382739843e-01 6.652457024664580558e+02
2.469126101094683556e-01 6.824011545748182925e+02
2.530242897538175773e-01 7.019855084219858554e+02
2.592872481362533676e-01 7.207293657921600243e+02
2.657052297685851827e-01 7.395653138926631982e+02
2.722820718482741875e-01 7.609368294376776021e+02
2.790217065526279239e-01 7.819662671176148478e+02
2.859281633897781116e-01 8.022682494023779327e+02
2.930055716078546202e-01 8.236153667968068248e+02
3.002581626637861323e-01 8.454013421151501007e+02
3.076902727532150328e-01 8.692913355174823664e+02
3.153063454030338164e-01 8.945292191021741246e+02
3.231109341280872793e-01 9.168522396282771751e+02
3.311087051536407699e-01 9.415397210594454691e+02
3.393044402052324826e-01 9.686643292733501767e+02
3.477030393675849540e-01 9.956935412484225481e+02
3.563095240142746811e-01 1.022742169710060239e+03
3.651290398099246715e-01 1.051273317079184608e+03
3.741668597867081059e-01 1.081112222302141390e+03
3.834283874969965922e-01 1.111485914915612511e+03
3.929191602440511577e-01 1.142865699189234192e+03
4.026448523926761669e-01 1.175202109802055702e+03
4.126112787618247957e-01 1.206957574219584103e+03
4.228243981011713393e-01 1.241312248800432371e+03
4.332903166537444561e-01 1.278177609727476920e+03
4.440152918067440391e-01 1.314222922903450126e+03
4.550057358327172508e-01 1.354834689147919562e+03
4.662682197233459225e-01 1.392683676407771827e+03
4.778094771181241596e-01 1.432459973318781522e+03
4.896364083302858772e-01 1.474587784250720688e+03
5.017560844723741864e-01 1.517820587255519968e+03
5.141757516839369213e-01 1.562082116256239715e+03
5.269028354638680689e-01 1.608212211255666489e+03
5.399449451099761488e-01 1.655046948638858112e+03
5.533098782684522376e-01 1.705864414265662845e+03
5.670056255959423641e-01 1.753731975875840362e+03
5.810403755370241452e-01 1.807567288387370127e+03
5.954225192199259498e-01 1.859690647549710548e+03
6.101606554734363419e-01 1.915484058547854602e+03
6.252635959679964106e-01 1.971000078222300090e+03
6.407403704840325398e-01 2.031881022931941516e+03
6.566002323107084093e-01 2.091063557440136265e+03
6.728526637782987763e-01 2.150799649131335627e+03
6.895073819275129301e-01 2.216855663137700958e+03
7.065743443191324635e-01 2.280508115910312881e+03
7.240637549874646695e-01 2.349757035292740056e+03
7.419860705411580604e-01 2.418384069391851426e+03
7.603520064150147695e-01 2.489167710708402865e+03
7.791725432765645998e-01 2.559943107807369870e+03
7.984589335912090080e-01 2.634716745530280605e+03
8.182227083498763154e-01 2.711415186024213199e+03
8.384756839631881675e-01 2.790759221396335306e+03
8.592299693262859250e-01 2.870074657384473085e+03
8.804979730585298370e-01 2.950416164855459101e+03
9.022924109223828815e-01 3.035034589670028708e+03
9.246263134259459227e-01 3.122150557715899595e+03
9.475130336136640130e-01 3.210571618019497237e+03
9.709662550498833200e-01 3.299138927982782207e+03
9.949999999999999956e-01 3.389938662350000413e+03
