  0.5000022E-02  0.1195696E+03  0.8369869E+03  0.2271821E+04  0.4424073E+04  0.7293743E+04  0.8967677E+05  0.2690303E+06  0.4483839E+06  0.6277374E+06  0.8070910E+06  0.8967677E+06  0.1446071E+06
  0.1500002E-01  0.2305170E+03  0.1613619E+04  0.4379823E+04  0.8529129E+04  0.1406154E+05  0.5762918E+05  0.1728875E+06  0.2881459E+06  0.4034042E+06  0.5186626E+06  0.5762918E+06  0.4409667E+05
  0.2500002E-01  0.2140526E+03  0.1498368E+04  0.4066999E+04  0.7919945E+04  0.1305721E+05  0.3210786E+05  0.9632357E+05  0.1605393E+06  0.2247550E+06  0.2889707E+06  0.3210786E+06  0.1138652E+05
  0.3500002E-01  0.1435561E+03  0.1004893E+04  0.2727566E+04  0.5311575E+04  0.8756922E+04  0.1538100E+05  0.4614301E+05  0.7690501E+05  0.1076670E+06  0.1384290E+06  0.1538100E+06  0.4287144E+04
  0.4500002E-01  0.1286759E+03  0.9007311E+03  0.2444842E+04  0.4761007E+04  0.7849228E+04  0.1072298E+05  0.3216895E+05  0.5361492E+05  0.7506089E+05  0.9650686E+05  0.1072298E+06  0.2308071E+04
  0.5500002E-01  0.1033802E+03  0.7236617E+03  0.1964225E+04  0.3825069E+04  0.6306195E+04  0.7048650E+04  0.2114595E+05  0.3524325E+05  0.4934055E+05  0.6343785E+05  0.7048650E+05  0.1195424E+04
  0.6500002E-01  0.9169952E+02  0.6418967E+03  0.1742291E+04  0.3392882E+04  0.5593671E+04  0.5290356E+04  0.1587107E+05  0.2645178E+05  0.3703249E+05  0.4761320E+05  0.5290356E+05  0.7332332E+03
  0.7500002E-01  0.7590604E+02  0.5313423E+03  0.1442215E+04  0.2808524E+04  0.4630268E+04  0.3795301E+04  0.1138590E+05  0.1897651E+05  0.2656711E+05  0.3415771E+05  0.3795301E+05  0.4624273E+03
  0.8500002E-01  0.6309701E+02  0.4416791E+03  0.1198843E+04  0.2334589E+04  0.3848918E+04  0.2783691E+04  0.8351073E+04  0.1391845E+05  0.1948584E+05  0.2505322E+05  0.2783691E+05  0.3085696E+03
  0.9500002E-01  0.5033025E+02  0.3523117E+03  0.9562747E+03  0.1862219E+04  0.3070145E+04  0.1986720E+04  0.5960160E+04  0.9933600E+04  0.1390704E+05  0.1788048E+05  0.1986720E+05  0.2238210E+03
  0.1050000E+00  0.4319192E+02  0.3023434E+03  0.8206465E+03  0.1598101E+04  0.2634707E+04  0.1542569E+04  0.4627706E+04  0.7712843E+04  0.1079798E+05  0.1388312E+05  0.1542569E+05  0.1539960E+03
  0.1150000E+00  0.3883051E+02  0.2718136E+03  0.7377798E+03  0.1436729E+04  0.2368661E+04  0.1266212E+04  0.3798637E+04  0.6331062E+04  0.8863487E+04  0.1139591E+05  0.1266212E+05  0.1051747E+03
  0.1250000E+00  0.3635303E+02  0.2544712E+03  0.6907076E+03  0.1345062E+04  0.2217535E+04  0.1090591E+04  0.3271773E+04  0.5452954E+04  0.7634136E+04  0.9815318E+04  0.1090591E+05  0.8927725E+02
  0.1350000E+00  0.3172697E+02  0.2220888E+03  0.6028124E+03  0.1173898E+04  0.1935345E+04  0.8813046E+03  0.2643914E+04  0.4406523E+04  0.6169132E+04  0.7931742E+04  0.8813046E+04  0.6638480E+02
  0.1450000E+00  0.2703367E+02  0.1892357E+03  0.5136397E+03  0.1000246E+04  0.1649054E+04  0.6991466E+03  0.2097440E+04  0.3495733E+04  0.4894026E+04  0.6292319E+04  0.6991466E+04  0.4686427E+02
  0.1550000E+00  0.2351539E+02  0.1646077E+03  0.4467924E+03  0.8700694E+03  0.1434439E+04  0.5689207E+03  0.1706762E+04  0.2844604E+04  0.3982445E+04  0.5120287E+04  0.5689207E+04  0.3453644E+02
  0.1650000E+00  0.2133509E+02  0.1493456E+03  0.4053667E+03  0.7893982E+03  0.1301440E+04  0.4848883E+03  0.1454665E+04  0.2424442E+04  0.3394218E+04  0.4363995E+04  0.4848883E+04  0.2746935E+02
  0.1750000E+00  0.1948293E+02  0.1363805E+03  0.3701756E+03  0.7208683E+03  0.1188459E+04  0.4174913E+03  0.1252474E+04  0.2087457E+04  0.2922439E+04  0.3757422E+04  0.4174913E+04  0.2316746E+02
  0.1850000E+00  0.1798137E+02  0.1258696E+03  0.3416461E+03  0.6653108E+03  0.1096864E+04  0.3644873E+03  0.1093462E+04  0.1822436E+04  0.2551411E+04  0.3280386E+04  0.3644873E+04  0.2071987E+02
  0.1950000E+00  0.1639596E+02  0.1147717E+03  0.3115233E+03  0.6066506E+03  0.1000154E+04  0.3153070E+03  0.9459209E+03  0.1576535E+04  0.2207149E+04  0.2837763E+04  0.3153070E+04  0.1595136E+02
  0.2050000E+00  0.1495696E+02  0.1046987E+03  0.2841822E+03  0.5534075E+03  0.9123745E+03  0.2736029E+03  0.8208087E+03  0.1368015E+04  0.1915220E+04  0.2462426E+04  0.2736029E+04  0.1261665E+02
  0.2150000E+00  0.1346847E+02  0.9427929E+02  0.2559009E+03  0.4983334E+03  0.8215767E+03  0.2349152E+03  0.7047455E+03  0.1174576E+04  0.1644406E+04  0.2114237E+04  0.2349152E+04  0.1062609E+02
  0.2250000E+00  0.1229544E+02  0.8606805E+02  0.2336133E+03  0.4549311E+03  0.7500216E+03  0.2049239E+03  0.6147718E+03  0.1024620E+04  0.1434468E+04  0.1844315E+04  0.2049239E+04  0.8142124E+01
  0.2350000E+00  0.1146579E+02  0.8026053E+02  0.2178500E+03  0.4242342E+03  0.6994132E+03  0.1829647E+03  0.5488942E+03  0.9148237E+03  0.1280753E+04  0.1646683E+04  0.1829647E+04  0.6765191E+01
  0.2450000E+00  0.1075190E+02  0.7526329E+02  0.2042861E+03  0.3978202E+03  0.6558658E+03  0.1645699E+03  0.4937096E+03  0.8228493E+03  0.1151989E+04  0.1481129E+04  0.1645699E+04  0.6217989E+01
  0.2550000E+00  0.9950102E+01  0.6965071E+02  0.1890519E+03  0.3681538E+03  0.6069562E+03  0.1463250E+03  0.4389751E+03  0.7316252E+03  0.1024275E+04  0.1316925E+04  0.1463250E+04  0.5873808E+01
  0.2650000E+00  0.9183057E+01  0.6428140E+02  0.1744781E+03  0.3397731E+03  0.5601665E+03  0.1299489E+03  0.3898468E+03  0.6497446E+03  0.9096425E+03  0.1169540E+04  0.1299489E+04  0.4911888E+01
  0.2750000E+00  0.8534964E+01  0.5974475E+02  0.1621643E+03  0.3157937E+03  0.5206328E+03  0.1163859E+03  0.3491576E+03  0.5819294E+03  0.8147011E+03  0.1047473E+04  0.1163859E+04  0.4047997E+01
  0.2850000E+00  0.7945068E+01  0.5561547E+02  0.1509563E+03  0.2939675E+03  0.4846491E+03  0.1045404E+03  0.3136211E+03  0.5227018E+03  0.7317826E+03  0.9408633E+03  0.1045404E+04  0.3129048E+01
  0.2950000E+00  0.7444310E+01  0.5211017E+02  0.1414419E+03  0.2754395E+03  0.4541029E+03  0.9463106E+02  0.2838932E+03  0.4731553E+03  0.6624175E+03  0.8516796E+03  0.9463106E+03  0.3131482E+01
  0.3050000E+00  0.6963816E+01  0.4874671E+02  0.1323125E+03  0.2576612E+03  0.4247928E+03  0.8562069E+02  0.2568621E+03  0.4281034E+03  0.5993448E+03  0.7705862E+03  0.8562069E+03  0.2796054E+01
  0.3150000E+00  0.6559187E+01  0.4591431E+02  0.1246246E+03  0.2426899E+03  0.4001104E+03  0.7808556E+02  0.2342567E+03  0.3904278E+03  0.5465989E+03  0.7027700E+03  0.7808556E+03  0.2501668E+01
  0.3250000E+00  0.6150302E+01  0.4305211E+02  0.1168557E+03  0.2275612E+03  0.3751684E+03  0.7096502E+02  0.2128951E+03  0.3548251E+03  0.4967552E+03  0.6386852E+03  0.7096502E+03  0.2262759E+01
  0.3350000E+00  0.5757953E+01  0.4030567E+02  0.1094011E+03  0.2130443E+03  0.3512352E+03  0.6445470E+02  0.1933641E+03  0.3222735E+03  0.4511829E+03  0.5800923E+03  0.6445470E+03  0.1813835E+01
  0.3450000E+00  0.5429838E+01  0.3800887E+02  0.1031669E+03  0.2009040E+03  0.3312201E+03  0.5901998E+02  0.1770599E+03  0.2950999E+03  0.4131398E+03  0.5311798E+03  0.5901998E+03  0.1748571E+01
  0.3550000E+00  0.5115414E+01  0.3580790E+02  0.9719286E+02  0.1892703E+03  0.3120402E+03  0.5403606E+02  0.1621082E+03  0.2701803E+03  0.3782524E+03  0.4863246E+03  0.5403606E+03  0.1448598E+01
  0.3650000E+00  0.4827116E+01  0.3378981E+02  0.9171521E+02  0.1786033E+03  0.2944541E+03  0.4959366E+02  0.1487810E+03  0.2479683E+03  0.3471556E+03  0.4463429E+03  0.4959366E+03  0.1302120E+01
  0.3750000E+00  0.4580691E+01  0.3206484E+02  0.8703314E+02  0.1694856E+03  0.2794222E+03  0.4580691E+02  0.1374207E+03  0.2290346E+03  0.3206484E+03  0.4122622E+03  0.4580691E+03  0.1145249E+01
  0.3850000E+00  0.4318031E+01  0.3022622E+02  0.8204259E+02  0.1597672E+03  0.2633999E+03  0.4205875E+02  0.1261762E+03  0.2102937E+03  0.2944112E+03  0.3785287E+03  0.4205875E+03  0.1112802E+01
  0.3950000E+00  0.4102379E+01  0.2871666E+02  0.7794521E+02  0.1517880E+03  0.2502451E+03  0.3894664E+02  0.1168399E+03  0.1947332E+03  0.2726265E+03  0.3505197E+03  0.3894664E+03  0.1174208E+01
  0.4050000E+00  0.3870746E+01  0.2709522E+02  0.7354418E+02  0.1432176E+03  0.2361155E+03  0.3584024E+02  0.1075207E+03  0.1792012E+03  0.2508817E+03  0.3225622E+03  0.3584024E+03  0.9145494E+00
  0.4150000E+00  0.3668338E+01  0.2567836E+02  0.6969842E+02  0.1357285E+03  0.2237686E+03  0.3314763E+02  0.9944289E+02  0.1657382E+03  0.2320334E+03  0.2983287E+03  0.3314763E+03  0.7449356E+00
  0.4250000E+00  0.3465339E+01  0.2425737E+02  0.6584144E+02  0.1282175E+03  0.2113857E+03  0.3057652E+02  0.9172956E+02  0.1528826E+03  0.2140356E+03  0.2751887E+03  0.3057652E+03  0.8502977E+00
  0.4350000E+00  0.3293083E+01  0.2305158E+02  0.6256857E+02  0.1218441E+03  0.2008780E+03  0.2838864E+02  0.8516593E+02  0.1419432E+03  0.1987205E+03  0.2554978E+03  0.2838864E+03  0.7014143E+00
  0.4450000E+00  0.3132239E+01  0.2192567E+02  0.5951254E+02  0.1158928E+03  0.1910666E+03  0.2639527E+02  0.7918582E+02  0.1319764E+03  0.1847669E+03  0.2375575E+03  0.2639527E+03  0.6228964E+00
  0.4550000E+00  0.2962363E+01  0.2073654E+02  0.5628489E+02  0.1096074E+03  0.1807041E+03  0.2441508E+02  0.7324523E+02  0.1220754E+03  0.1709055E+03  0.2197357E+03  0.2441508E+03  0.6038716E+00
  0.4650000E+00  0.2807129E+01  0.1964990E+02  0.5333544E+02  0.1038638E+03  0.1712348E+03  0.2263813E+02  0.6791440E+02  0.1131907E+03  0.1584669E+03  0.2037432E+03  0.2263813E+03  0.4852596E+00
  0.4750000E+00  0.2690521E+01  0.1883364E+02  0.5111989E+02  0.9954926E+02  0.1641218E+03  0.2124095E+02  0.6372286E+02  0.1062048E+03  0.1486867E+03  0.1911686E+03  0.2124095E+03  0.4748212E+00
  0.4850000E+00  0.2533426E+01  0.1773398E+02  0.4813509E+02  0.9373676E+02  0.1545390E+03  0.1958835E+02  0.5876504E+02  0.9794173E+02  0.1371184E+03  0.1762951E+03  0.1958835E+03  0.3990174E+00
  0.4950000E+00  0.2424379E+01  0.1697065E+02  0.4606320E+02  0.8970201E+02  0.1478871E+03  0.1836651E+02  0.5509952E+02  0.9183253E+02  0.1285655E+03  0.1652985E+03  0.1836651E+03  0.3804845E+00
  0.5050000E+00  0.2301288E+01  0.1610902E+02  0.4372447E+02  0.8514765E+02  0.1403786E+03  0.1708877E+02  0.5126632E+02  0.8544386E+02  0.1196214E+03  0.1537989E+03  0.1708877E+03  0.3966276E+00
  0.5150000E+00  0.2193967E+01  0.1535777E+02  0.4168537E+02  0.8117677E+02  0.1338320E+03  0.1597549E+02  0.4792646E+02  0.7987744E+02  0.1118284E+03  0.1437794E+03  0.1597549E+03  0.3450528E+00
  0.5250000E+00  0.2078871E+01  0.1455209E+02  0.3949854E+02  0.7691821E+02  0.1268111E+03  0.1484908E+02  0.4454723E+02  0.7424538E+02  0.1039435E+03  0.1336417E+03  0.1484908E+03  0.2886069E+00
  0.5350000E+00  0.1987827E+01  0.1391479E+02  0.3776872E+02  0.7354961E+02  0.1212575E+03  0.1393337E+02  0.4180010E+02  0.6966684E+02  0.9753358E+02  0.1254003E+03  0.1393337E+03  0.2714122E+00
  0.5450000E+00  0.1882766E+01  0.1317936E+02  0.3577256E+02  0.6966236E+02  0.1148487E+03  0.1295481E+02  0.3886444E+02  0.6477407E+02  0.9068370E+02  0.1165933E+03  0.1295481E+03  0.2438506E+00
  0.5550000E+00  0.1795788E+01  0.1257052E+02  0.3411998E+02  0.6644417E+02  0.1095431E+03  0.1213370E+02  0.3640111E+02  0.6066852E+02  0.8493593E+02  0.1092033E+03  0.1213370E+03  0.2620506E+00
  0.5650000E+00  0.1709262E+01  0.1196483E+02  0.3247598E+02  0.6324269E+02  0.1042650E+03  0.1134466E+02  0.3403398E+02  0.5672329E+02  0.7941261E+02  0.1021019E+03  0.1134466E+03  0.2468690E+00
  0.5750000E+00  0.1618826E+01  0.1133178E+02  0.3075769E+02  0.5989655E+02  0.9874837E+02  0.1055756E+02  0.3167268E+02  0.5278780E+02  0.7390291E+02  0.9501803E+02  0.1055756E+03  0.1825592E+00
  0.5850000E+00  0.1543643E+01  0.1080550E+02  0.2932921E+02  0.5711479E+02  0.9416221E+02  0.9895147E+01  0.2968544E+02  0.4947573E+02  0.6926603E+02  0.8905632E+02  0.9895147E+02  0.1808063E+00
  0.5950000E+00  0.1470249E+01  0.1029175E+02  0.2793474E+02  0.5439923E+02  0.8968522E+02  0.9266278E+01  0.2779883E+02  0.4633139E+02  0.6486394E+02  0.8339650E+02  0.9266278E+02  0.1822008E+00
  0.6050000E+00  0.1396718E+01  0.9777028E+01  0.2653765E+02  0.5167858E+02  0.8519982E+02  0.8657345E+01  0.2597203E+02  0.4328672E+02  0.6060141E+02  0.7791610E+02  0.8657345E+02  0.1639429E+00
  0.6150000E+00  0.1321635E+01  0.9251443E+01  0.2511106E+02  0.4890048E+02  0.8061972E+02  0.8058748E+01  0.2417624E+02  0.4029374E+02  0.5641124E+02  0.7252873E+02  0.8058748E+02  0.1642660E+00
  0.6250000E+00  0.1261051E+01  0.8827358E+01  0.2395997E+02  0.4665889E+02  0.7692412E+02  0.7566307E+01  0.2269892E+02  0.3783154E+02  0.5296415E+02  0.6809676E+02  0.7566307E+02  0.1367757E+00
  0.6350000E+00  0.1198657E+01  0.8390599E+01  0.2277448E+02  0.4435031E+02  0.7311807E+02  0.7078683E+01  0.2123605E+02  0.3539341E+02  0.4955078E+02  0.6370815E+02  0.7078683E+02  0.1421237E+00
  0.6450000E+00  0.1138594E+01  0.7970160E+01  0.2163329E+02  0.4212799E+02  0.6945425E+02  0.6619735E+01  0.1985920E+02  0.3309867E+02  0.4633814E+02  0.5957761E+02  0.6619735E+02  0.1359961E+00
  0.6550000E+00  0.1074000E+01  0.7518003E+01  0.2040601E+02  0.3973802E+02  0.6551403E+02  0.6148858E+01  0.1844657E+02  0.3074429E+02  0.4304200E+02  0.5533972E+02  0.6148858E+02  0.1193466E+00
  0.6650000E+00  0.1023313E+01  0.7163191E+01  0.1944295E+02  0.3786258E+02  0.6242209E+02  0.5770562E+01  0.1731169E+02  0.2885281E+02  0.4039393E+02  0.5193506E+02  0.5770562E+02  0.1281498E+00
  0.6750000E+00  0.9656190E+00  0.6759333E+01  0.1834676E+02  0.3572790E+02  0.5890276E+02  0.5364550E+01  0.1609365E+02  0.2682275E+02  0.3755185E+02  0.4828095E+02  0.5364550E+02  0.1179848E+00
  0.6850000E+00  0.9115604E+00  0.6380922E+01  0.1731965E+02  0.3372773E+02  0.5560518E+02  0.4990294E+01  0.1497088E+02  0.2495147E+02  0.3493206E+02  0.4491265E+02  0.4990294E+02  0.9923645E-01
  0.6950000E+00  0.8575489E+00  0.6002842E+01  0.1629343E+02  0.3172931E+02  0.5231048E+02  0.4627062E+01  0.1388119E+02  0.2313531E+02  0.3238944E+02  0.4164356E+02  0.4627062E+02  0.9561518E-01
  0.7050000E+00  0.8125388E+00  0.5687772E+01  0.1543824E+02  0.3006394E+02  0.4956487E+02  0.4322015E+01  0.1296604E+02  0.2161007E+02  0.3025410E+02  0.3889813E+02  0.4322015E+02  0.8435536E-01
  0.7150000E+00  0.7703682E+00  0.5392578E+01  0.1463700E+02  0.2850362E+02  0.4699246E+02  0.4040393E+01  0.1212118E+02  0.2020197E+02  0.2828275E+02  0.3636354E+02  0.4040393E+02  0.7669491E-01
  0.7250000E+00  0.7240255E+00  0.5068179E+01  0.1375649E+02  0.2678894E+02  0.4416556E+02  0.3744960E+01  0.1123488E+02  0.1872480E+02  0.2621472E+02  0.3370464E+02  0.3744960E+02  0.8153667E-01
  0.7350000E+00  0.6777147E+00  0.4744003E+01  0.1287658E+02  0.2507545E+02  0.4134060E+02  0.3457728E+01  0.1037318E+02  0.1728864E+02  0.2420410E+02  0.3111955E+02  0.3457728E+02  0.7750918E-01
  0.7450000E+00  0.6341711E+00  0.4439197E+01  0.1204925E+02  0.2346433E+02  0.3868443E+02  0.3192136E+01  0.9576409E+01  0.1596068E+02  0.2234495E+02  0.2872923E+02  0.3192136E+02  0.6430790E-01
  0.7550000E+00  0.5905473E+00  0.4133831E+01  0.1122040E+02  0.2185025E+02  0.3602338E+02  0.2933182E+01  0.8799546E+01  0.1466591E+02  0.2053227E+02  0.2639864E+02  0.2933182E+02  0.6919482E-01
  0.7650000E+00  0.5636436E+00  0.3945505E+01  0.1070923E+02  0.2085481E+02  0.3438226E+02  0.2762959E+01  0.8288876E+01  0.1381479E+02  0.1934071E+02  0.2486663E+02  0.2762959E+02  0.5694378E-01
  0.7750000E+00  0.5194505E+00  0.3636154E+01  0.9869560E+01  0.1921967E+02  0.3168648E+02  0.2513470E+01  0.7540411E+01  0.1256735E+02  0.1759429E+02  0.2262123E+02  0.2513470E+02  0.5536604E-01
  0.7850000E+00  0.4819750E+00  0.3373825E+01  0.9157526E+01  0.1783308E+02  0.2940048E+02  0.2302428E+01  0.6907285E+01  0.1151214E+02  0.1611700E+02  0.2072186E+02  0.2302428E+02  0.5323409E-01
  0.7950000E+00  0.4482721E+00  0.3137905E+01  0.8517170E+01  0.1658607E+02  0.2734460E+02  0.2114491E+01  0.6343473E+01  0.1057246E+02  0.1480144E+02  0.1903042E+02  0.2114491E+02  0.5473659E-01
  0.8050000E+00  0.4126050E+00  0.2888235E+01  0.7839496E+01  0.1526639E+02  0.2516891E+02  0.1922073E+01  0.5766219E+01  0.9610366E+01  0.1345451E+02  0.1729866E+02  0.1922073E+02  0.5195756E-01
  0.8150000E+00  0.3839912E+00  0.2687938E+01  0.7295832E+01  0.1420767E+02  0.2342346E+02  0.1766831E+01  0.5300492E+01  0.8834153E+01  0.1236781E+02  0.1590147E+02  0.1766831E+02  0.4728627E-01
  0.8250000E+00  0.3513945E+00  0.2459761E+01  0.6676495E+01  0.1300160E+02  0.2143506E+02  0.1597248E+01  0.4791743E+01  0.7986239E+01  0.1118073E+02  0.1437523E+02  0.1597248E+02  0.4697672E-01
  0.8350000E+00  0.3243806E+00  0.2270664E+01  0.6163230E+01  0.1200208E+02  0.1978721E+02  0.1456799E+01  0.4370397E+01  0.7283995E+01  0.1019759E+02  0.1311119E+02  0.1456799E+02  0.4164819E-01
  0.8450000E+00  0.2964313E+00  0.2075019E+01  0.5632194E+01  0.1096796E+02  0.1808231E+02  0.1315523E+01  0.3946570E+01  0.6577616E+01  0.9208663E+01  0.1183971E+02  0.1315523E+02  0.4445983E-01
  0.8550000E+00  0.2623005E+00  0.1836104E+01  0.4983710E+01  0.9705119E+01  0.1600033E+02  0.1150441E+01  0.3451322E+01  0.5752204E+01  0.8053085E+01  0.1035397E+02  0.1150441E+02  0.3772526E-01
  0.8650000E+00  0.2338806E+00  0.1637164E+01  0.4443731E+01  0.8653581E+01  0.1426672E+02  0.1013933E+01  0.3041799E+01  0.5069666E+01  0.7097532E+01  0.9125398E+01  0.1013933E+02  0.3973299E-01
  0.8750000E+00  0.2053790E+00  0.1437653E+01  0.3902200E+01  0.7599022E+01  0.1252812E+02  0.8801956E+00  0.2640587E+01  0.4400978E+01  0.6161369E+01  0.7921760E+01  0.8801956E+01  0.3915576E-01
  0.8850000E+00  0.1827715E+00  0.1279401E+01  0.3472659E+01  0.6762547E+01  0.1114906E+02  0.7744556E+00  0.2323367E+01  0.3872278E+01  0.5421189E+01  0.6970101E+01  0.7744556E+01  0.3640370E-01
  0.8950000E+00  0.1667573E+00  0.1167301E+01  0.3168388E+01  0.6170019E+01  0.1017219E+02  0.6987037E+00  0.2096111E+01  0.3493518E+01  0.4890926E+01  0.6288333E+01  0.6987037E+01  0.3394875E-01
  0.9050000E+00  0.1358879E+00  0.9512156E+00  0.2581871E+01  0.5027854E+01  0.8289164E+01  0.5630716E+00  0.1689215E+01  0.2815358E+01  0.3941501E+01  0.5067644E+01  0.5630716E+01  0.3086776E-01
  0.9150000E+00  0.1003355E+00  0.7023486E+00  0.1906375E+01  0.3712414E+01  0.6120467E+01  0.4112111E+00  0.1233633E+01  0.2056056E+01  0.2878478E+01  0.3700900E+01  0.4112111E+01  0.3349820E-01
  0.9250000E+00  0.8961718E-01  0.6273202E+00  0.1702726E+01  0.3315836E+01  0.5466648E+01  0.3633129E+00  0.1089939E+01  0.1816564E+01  0.2543190E+01  0.3269816E+01  0.3633129E+01  0.3412291E-01
  0.9350000E+00  0.7130308E-01  0.4991216E+00  0.1354759E+01  0.2638214E+01  0.4349488E+01  0.2859749E+00  0.8579248E+00  0.1429875E+01  0.2001825E+01  0.2573774E+01  0.2859749E+01  0.3184817E-01
  0.9450000E+00  0.3811805E-01  0.2668263E+00  0.7242429E+00  0.1410368E+01  0.2325201E+01  0.1512621E+00  0.4537863E+00  0.7563104E+00  0.1058835E+01  0.1361359E+01  0.1512621E+01  0.3427145E-01
  0.9550000E+00  0.1975528E-01  0.1382870E+00  0.3753504E+00  0.7309455E+00  0.1205072E+01  0.7757310E-01  0.2327193E+00  0.3878655E+00  0.5430117E+00  0.6981579E+00  0.7757310E+00  0.3345337E-01
  0.9650000E+00  0.3158767E-02  0.2211137E-01  0.6001658E-01  0.1168744E+00  0.1926848E+00  0.1227500E-01  0.3682501E-01  0.6137501E-01  0.8592502E-01  0.1104750E+00  0.1227500E+00  0.3184161E-01
  0.9750000E+00 -0.1884654E-01 -0.1319258E+00 -0.3580843E+00 -0.6973220E+00 -0.1149639E+01 -0.7248669E-01 -0.2174601E+00 -0.3624335E+00 -0.5074068E+00 -0.6523802E+00 -0.7248669E+00  0.3060660E-01
  0.9850000E+00 -0.4209549E-01 -0.2946685E+00 -0.7998144E+00 -0.1557533E+01 -0.2567825E+01 -0.1602620E+00 -0.4807861E+00 -0.8013102E+00 -0.1121834E+01 -0.1442358E+01 -0.1602620E+01  0.2889638E-01
  0.9950000E+00 -0.5438324E-01 -0.3806827E+00 -0.1033281E+01 -0.2012180E+01 -0.3317377E+01 -0.2049619E+00 -0.6148858E+00 -0.1024810E+01 -0.1434734E+01 -0.1844657E+01 -0.2049619E+01  0.3161605E-01
