  0.5000022E-02  0.1772008E+03  0.1240406E+04  0.3366816E+04  0.6556431E+04  0.1080925E+05  0.1329001E+06  0.3987002E+06  0.6645003E+06  0.9303004E+06  0.1196101E+07  0.1329001E+07  0.2140684E+06
  0.1500002E-01  0.3406105E+03  0.2384274E+04  0.6471600E+04  0.1260259E+05  0.2077724E+05  0.8515251E+05  0.2554575E+06  0.4257626E+06  0.5960676E+06  0.7663726E+06  0.8515251E+06  0.6524638E+05
  0.2500002E-01  0.3139087E+03  0.2197361E+04  0.5964265E+04  0.1161462E+05  0.1914843E+05  0.4708627E+05  0.1412588E+06  0.2354313E+06  0.3296039E+06  0.4237764E+06  0.4708627E+06  0.1667930E+05
  0.3500002E-01  0.2093190E+03  0.1465233E+04  0.3977061E+04  0.7744804E+04  0.1276846E+05  0.2242703E+05  0.6728108E+05  0.1121351E+06  0.1569892E+06  0.2018432E+06  0.2242703E+06  0.6266787E+04
  0.4500002E-01  0.1865219E+03  0.1305653E+04  0.3543916E+04  0.6901310E+04  0.1137783E+05  0.1554348E+05  0.4663045E+05  0.7771742E+05  0.1088044E+06  0.1398913E+06  0.1554348E+06  0.3307651E+04
  0.5500002E-01  0.1486114E+03  0.1040279E+04  0.2823616E+04  0.5498620E+04  0.9065293E+04  0.1013259E+05  0.3039777E+05  0.5066295E+05  0.7092812E+05  0.9119330E+05  0.1013259E+06  0.1731611E+04
  0.6500002E-01  0.1305243E+03  0.9136700E+03  0.2479961E+04  0.4829398E+04  0.7961981E+04  0.7530245E+04  0.2259073E+05  0.3765122E+05  0.5271171E+05  0.6777220E+05  0.7530245E+05  0.1057281E+04
  0.7500002E-01  0.1073436E+03  0.7514051E+03  0.2039528E+04  0.3971713E+04  0.6547959E+04  0.5367178E+04  0.1610153E+05  0.2683589E+05  0.3757025E+05  0.4830460E+05  0.5367178E+05  0.6613218E+03
  0.8500002E-01  0.8920652E+02  0.6244456E+03  0.1694924E+04  0.3300641E+04  0.5441597E+04  0.3935580E+04  0.1180674E+05  0.1967790E+05  0.2754906E+05  0.3542022E+05  0.3935580E+05  0.4393827E+03
  0.9500002E-01  0.7137431E+02  0.4996201E+03  0.1356112E+04  0.2640849E+04  0.4353833E+04  0.2817406E+04  0.8452219E+04  0.1408703E+05  0.1972184E+05  0.2535666E+05  0.2817406E+05  0.3116122E+03
  0.1050000E+00  0.6128733E+02  0.4290113E+03  0.1164459E+04  0.2267631E+04  0.3738527E+04  0.2188833E+04  0.6566500E+04  0.1094417E+05  0.1532183E+05  0.1969950E+05  0.2188833E+05  0.2135041E+03
  0.1150000E+00  0.5454554E+02  0.3818188E+03  0.1036365E+04  0.2018185E+04  0.3327278E+04  0.1778659E+04  0.5335976E+04  0.8893294E+04  0.1245061E+05  0.1600793E+05  0.1778659E+05  0.1476520E+03
  0.1250000E+00  0.5056775E+02  0.3539742E+03  0.9607872E+03  0.1871007E+04  0.3084633E+04  0.1517032E+04  0.4551097E+04  0.7585162E+04  0.1061923E+05  0.1365329E+05  0.1517032E+05  0.1226199E+03
  0.1350000E+00  0.4401352E+02  0.3080947E+03  0.8362570E+03  0.1628500E+04  0.2684825E+04  0.1222598E+04  0.3667794E+04  0.6112989E+04  0.8558185E+04  0.1100338E+05  0.1222598E+05  0.9401111E+02
  0.1450000E+00  0.3783728E+02  0.2648610E+03  0.7189083E+03  0.1399979E+04  0.2308074E+04  0.9785504E+03  0.2935651E+04  0.4892752E+04  0.6849853E+04  0.8806954E+04  0.9785504E+04  0.6432235E+02
  0.1550000E+00  0.3327296E+02  0.2329108E+03  0.6321863E+03  0.1231100E+04  0.2029651E+04  0.8049911E+03  0.2414973E+04  0.4024955E+04  0.5634937E+04  0.7244920E+04  0.8049911E+04  0.4807652E+02
  0.1650000E+00  0.3014353E+02  0.2110047E+03  0.5727271E+03  0.1115311E+04  0.1838755E+04  0.6850802E+03  0.2055241E+04  0.3425401E+04  0.4795562E+04  0.6165722E+04  0.6850802E+04  0.3957168E+02
  0.1750000E+00  0.2731544E+02  0.1912081E+03  0.5189934E+03  0.1010671E+04  0.1666242E+04  0.5853309E+03  0.1755993E+04  0.2926655E+04  0.4097316E+04  0.5267978E+04  0.5853309E+04  0.3279572E+02
  0.1850000E+00  0.2497045E+02  0.1747932E+03  0.4744386E+03  0.9239068E+03  0.1523198E+04  0.5061578E+03  0.1518473E+04  0.2530789E+04  0.3543105E+04  0.4555420E+04  0.5061578E+04  0.2878412E+02
  0.1950000E+00  0.2277438E+02  0.1594207E+03  0.4327133E+03  0.8426522E+03  0.1389237E+04  0.4379689E+03  0.1313907E+04  0.2189845E+04  0.3065782E+04  0.3941720E+04  0.4379689E+04  0.2259064E+02
  0.2050000E+00  0.2088949E+02  0.1462264E+03  0.3969003E+03  0.7729110E+03  0.1274259E+04  0.3821248E+03  0.1146374E+04  0.1910624E+04  0.2674873E+04  0.3439123E+04  0.3821248E+04  0.1812228E+02
  0.2150000E+00  0.1895847E+02  0.1327093E+03  0.3602109E+03  0.7014633E+03  0.1156466E+04  0.3306709E+03  0.9920128E+03  0.1653355E+04  0.2314696E+04  0.2976038E+04  0.3306709E+04  0.1515364E+02
  0.2250000E+00  0.1734768E+02  0.1214337E+03  0.3296059E+03  0.6418641E+03  0.1058208E+04  0.2891280E+03  0.8673839E+03  0.1445640E+04  0.2023896E+04  0.2602152E+04  0.2891280E+04  0.1171022E+02
  0.2350000E+00  0.1606945E+02  0.1124861E+03  0.3053195E+03  0.5945695E+03  0.9802363E+03  0.2564273E+03  0.7692820E+03  0.1282137E+04  0.1794991E+04  0.2307846E+04  0.2564273E+04  0.1081720E+02
  0.2450000E+00  0.1495934E+02  0.1047154E+03  0.2842275E+03  0.5534956E+03  0.9125198E+03  0.2289695E+03  0.6869085E+03  0.1144847E+04  0.1602786E+04  0.2060725E+04  0.2289695E+04  0.9113777E+01
  0.2550000E+00  0.1384421E+02  0.9690949E+02  0.2630401E+03  0.5122359E+03  0.8444970E+03  0.2035914E+03  0.6107741E+03  0.1017957E+04  0.1425140E+04  0.1832322E+04  0.2035914E+04  0.8485836E+01
  0.2650000E+00  0.1281065E+02  0.8967453E+02  0.2434023E+03  0.4739939E+03  0.7814495E+03  0.1812827E+03  0.5438482E+03  0.9064137E+03  0.1268979E+04  0.1631545E+04  0.1812827E+04  0.6671034E+01
  0.2750000E+00  0.1193120E+02  0.8351839E+02  0.2266928E+03  0.4414544E+03  0.7278031E+03  0.1626982E+03  0.4880945E+03  0.8134908E+03  0.1138887E+04  0.1464283E+04  0.1626982E+04  0.5774020E+01
  0.2850000E+00  0.1113215E+02  0.7792507E+02  0.2115109E+03  0.4118897E+03  0.6790613E+03  0.1464757E+03  0.4394271E+03  0.7323785E+03  0.1025330E+04  0.1318281E+04  0.1464757E+04  0.4900472E+01
  0.2950000E+00  0.1038097E+02  0.7266678E+02  0.1972384E+03  0.3840958E+03  0.6332390E+03  0.1319615E+03  0.3958844E+03  0.6598073E+03  0.9237302E+03  0.1187653E+04  0.1319615E+04  0.4848153E+01
  0.3050000E+00  0.9690310E+01  0.6783217E+02  0.1841159E+03  0.3585415E+03  0.5911089E+03  0.1191432E+03  0.3574295E+03  0.5957158E+03  0.8340021E+03  0.1072288E+04  0.1191432E+04  0.3832306E+01
  0.3150000E+00  0.9090188E+01  0.6363131E+02  0.1727136E+03  0.3363369E+03  0.5545014E+03  0.1082165E+03  0.3246496E+03  0.5410826E+03  0.7575156E+03  0.9739487E+03  0.1082165E+04  0.3676342E+01
  0.3250000E+00  0.8492956E+01  0.5945069E+02  0.1613662E+03  0.3142394E+03  0.5180703E+03  0.9799565E+02  0.2939869E+03  0.4899782E+03  0.6859695E+03  0.8819608E+03  0.9799565E+03  0.3402984E+01
  0.3350000E+00  0.7958249E+01  0.5570774E+02  0.1512067E+03  0.2944552E+03  0.4854532E+03  0.8908488E+02  0.2672546E+03  0.4454244E+03  0.6235941E+03  0.8017639E+03  0.8908488E+03  0.2808063E+01
  0.3450000E+00  0.7480683E+01  0.5236478E+02  0.1421330E+03  0.2767853E+03  0.4563216E+03  0.8131177E+02  0.2439353E+03  0.4065588E+03  0.5691824E+03  0.7318059E+03  0.8131177E+03  0.2732746E+01
  0.3550000E+00  0.7015182E+01  0.4910627E+02  0.1332885E+03  0.2595617E+03  0.4279261E+03  0.7410404E+02  0.2223121E+03  0.3705202E+03  0.5187283E+03  0.6669363E+03  0.7410404E+03  0.2284520E+01
  0.3650000E+00  0.6587574E+01  0.4611302E+02  0.1251639E+03  0.2437403E+03  0.4018420E+03  0.6768056E+02  0.2030417E+03  0.3384028E+03  0.4737639E+03  0.6091250E+03  0.6768056E+03  0.1960903E+01
  0.3750000E+00  0.6197599E+01  0.4338319E+02  0.1177544E+03  0.2293112E+03  0.3780535E+03  0.6197599E+02  0.1859280E+03  0.3098800E+03  0.4338319E+03  0.5577839E+03  0.6197599E+03  0.1691742E+01
  0.3850000E+00  0.5826075E+01  0.4078252E+02  0.1106954E+03  0.2155648E+03  0.3553906E+03  0.5674748E+02  0.1702424E+03  0.2837374E+03  0.3972324E+03  0.5107273E+03  0.5674748E+03  0.1782878E+01
  0.3950000E+00  0.5493716E+01  0.3845601E+02  0.1043806E+03  0.2032675E+03  0.3351167E+03  0.5215553E+02  0.1564666E+03  0.2607777E+03  0.3650887E+03  0.4693998E+03  0.5215553E+03  0.1555212E+01
  0.4050000E+00  0.5162108E+01  0.3613476E+02  0.9808006E+02  0.1909980E+03  0.3148886E+03  0.4779730E+02  0.1433919E+03  0.2389865E+03  0.3345811E+03  0.4301757E+03  0.4779730E+03  0.1346321E+01
  0.4150000E+00  0.4853567E+01  0.3397497E+02  0.9221777E+02  0.1795820E+03  0.2960676E+03  0.4385753E+02  0.1315726E+03  0.2192877E+03  0.3070027E+03  0.3947178E+03  0.4385753E+03  0.1113834E+01
  0.4250000E+00  0.4561627E+01  0.3193139E+02  0.8667091E+02  0.1687802E+03  0.2782592E+03  0.4024965E+02  0.1207489E+03  0.2012482E+03  0.2817475E+03  0.3622468E+03  0.4024965E+03  0.1194986E+01
  0.4350000E+00  0.4303218E+01  0.3012253E+02  0.8176115E+02  0.1592191E+03  0.2624963E+03  0.3709671E+02  0.1112901E+03  0.1854836E+03  0.2596770E+03  0.3338704E+03  0.3709671E+03  0.1033154E+01
  0.4450000E+00  0.4051860E+01  0.2836302E+02  0.7698534E+02  0.1499188E+03  0.2471635E+03  0.3414489E+02  0.1024347E+03  0.1707244E+03  0.2390142E+03  0.3073040E+03  0.3414489E+03  0.9185725E+00
  0.4550000E+00  0.3799469E+01  0.2659629E+02  0.7218992E+02  0.1405804E+03  0.2317676E+03  0.3131431E+02  0.9394292E+02  0.1565715E+03  0.2192002E+03  0.2818288E+03  0.3131431E+03  0.7985258E+00
  0.4650000E+00  0.3573525E+01  0.2501468E+02  0.6789698E+02  0.1322204E+03  0.2179850E+03  0.2881875E+02  0.8645625E+02  0.1440938E+03  0.2017313E+03  0.2593688E+03  0.2881875E+03  0.6910868E+00
  0.4750000E+00  0.3374630E+01  0.2362241E+02  0.6411798E+02  0.1248613E+03  0.2058525E+03  0.2664182E+02  0.7992546E+02  0.1332091E+03  0.1864927E+03  0.2397764E+03  0.2664182E+03  0.6416936E+00
  0.4850000E+00  0.3156646E+01  0.2209652E+02  0.5997626E+02  0.1167959E+03  0.1925554E+03  0.2440705E+02  0.7322116E+02  0.1220353E+03  0.1708494E+03  0.2196635E+03  0.2440705E+03  0.6422668E+00
  0.4950000E+00  0.2968365E+01  0.2077856E+02  0.5639894E+02  0.1098295E+03  0.1810703E+03  0.2248762E+02  0.6746285E+02  0.1124381E+03  0.1574133E+03  0.2023885E+03  0.2248762E+03  0.5581553E+00
  0.5050000E+00  0.2778343E+01  0.1944840E+02  0.5278851E+02  0.1027987E+03  0.1694789E+03  0.2063126E+02  0.6189378E+02  0.1031563E+03  0.1444188E+03  0.1856813E+03  0.2063126E+03  0.5373204E+00
  0.5150000E+00  0.2605710E+01  0.1823997E+02  0.4950848E+02  0.9641126E+02  0.1589483E+03  0.1897361E+02  0.5692084E+02  0.9486807E+02  0.1328153E+03  0.1707625E+03  0.1897361E+03  0.5036785E+00
  0.5250000E+00  0.2437416E+01  0.1706191E+02  0.4631091E+02  0.9018440E+02  0.1486824E+03  0.1741012E+02  0.5223035E+02  0.8705058E+02  0.1218708E+03  0.1566911E+03  0.1741012E+03  0.4367622E+00
  0.5350000E+00  0.2279488E+01  0.1595642E+02  0.4331028E+02  0.8434106E+02  0.1390488E+03  0.1597772E+02  0.4793316E+02  0.7988860E+02  0.1118440E+03  0.1437995E+03  0.1597772E+03  0.4262093E+00
  0.5450000E+00  0.2126583E+01  0.1488608E+02  0.4040509E+02  0.7868359E+02  0.1297216E+03  0.1463245E+02  0.4389736E+02  0.7316227E+02  0.1024272E+03  0.1316921E+03  0.1463245E+03  0.3892354E+00
  0.5550000E+00  0.1989486E+01  0.1392640E+02  0.3780023E+02  0.7361097E+02  0.1213586E+03  0.1344247E+02  0.4032741E+02  0.6721236E+02  0.9409730E+02  0.1209822E+03  0.1344247E+03  0.3805430E+00
  0.5650000E+00  0.1848090E+01  0.1293663E+02  0.3511371E+02  0.6837934E+02  0.1127335E+03  0.1226609E+02  0.3679826E+02  0.6133043E+02  0.8586260E+02  0.1103948E+03  0.1226609E+03  0.3013227E+00
  0.5750000E+00  0.1715572E+01  0.1200901E+02  0.3259588E+02  0.6347618E+02  0.1046499E+03  0.1118852E+02  0.3356555E+02  0.5594258E+02  0.7831961E+02  0.1006966E+03  0.1118852E+03  0.3262582E+00
  0.5850000E+00  0.1581321E+01  0.1106925E+02  0.3004509E+02  0.5850887E+02  0.9646057E+02  0.1013667E+02  0.3041002E+02  0.5068336E+02  0.7095670E+02  0.9123005E+02  0.1013667E+03  0.2711737E+00
  0.5950000E+00  0.1469072E+01  0.1028350E+02  0.2791236E+02  0.5435565E+02  0.8961337E+02  0.9258854E+01  0.2777656E+02  0.4629427E+02  0.6481198E+02  0.8332969E+02  0.9258854E+02  0.2517479E+00
  0.6050000E+00  0.1346475E+01  0.9425325E+01  0.2558302E+02  0.4981957E+02  0.8213497E+02  0.8345919E+01  0.2503776E+02  0.4172959E+02  0.5842143E+02  0.7511327E+02  0.8345919E+02  0.2476796E+00
  0.6150000E+00  0.1235517E+01  0.8648618E+01  0.2347482E+02  0.4571412E+02  0.7536652E+02  0.7533639E+01  0.2260092E+02  0.3766819E+02  0.5273547E+02  0.6780275E+02  0.7533639E+02  0.2438574E+00
  0.6250000E+00  0.1127997E+01  0.7895979E+01  0.2143194E+02  0.4173589E+02  0.6880782E+02  0.6767982E+01  0.2030395E+02  0.3383991E+02  0.4737588E+02  0.6091184E+02  0.6767982E+02  0.1995828E+00
  0.6350000E+00  0.1026487E+01  0.7185406E+01  0.1950324E+02  0.3798000E+02  0.6261568E+02  0.6061929E+01  0.1818579E+02  0.3030964E+02  0.4243350E+02  0.5455736E+02  0.6061929E+02  0.2071928E+00
  0.6450000E+00  0.9294358E+00  0.6506051E+01  0.1765928E+02  0.3438912E+02  0.5669558E+02  0.5403697E+01  0.1621109E+02  0.2701848E+02  0.3782588E+02  0.4863327E+02  0.5403697E+02  0.1905500E+00
  0.6550000E+00  0.8335801E+00  0.5835061E+01  0.1583802E+02  0.3084246E+02  0.5084838E+02  0.4772405E+01  0.1431722E+02  0.2386203E+02  0.3340684E+02  0.4295165E+02  0.4772405E+02  0.1824534E+00
  0.6650000E+00  0.7421553E+00  0.5195087E+01  0.1410095E+02  0.2745975E+02  0.4527147E+02  0.4185086E+01  0.1255526E+02  0.2092543E+02  0.2929560E+02  0.3766578E+02  0.4185086E+02  0.1661889E+00
  0.6750000E+00  0.6567037E+00  0.4596926E+01  0.1247737E+02  0.2429804E+02  0.4005893E+02  0.3648354E+01  0.1094506E+02  0.1824177E+02  0.2553848E+02  0.3283519E+02  0.3648354E+02  0.1651172E+00
  0.6850000E+00  0.5721990E+00  0.4005393E+01  0.1087178E+02  0.2117136E+02  0.3490414E+02  0.3132476E+01  0.9397429E+01  0.1566238E+02  0.2192733E+02  0.2819229E+02  0.3132476E+02  0.1643672E+00
  0.6950000E+00  0.4878982E+00  0.3415287E+01  0.9270066E+01  0.1805223E+02  0.2976179E+02  0.2632544E+01  0.7897633E+01  0.1316272E+02  0.1842781E+02  0.2369290E+02  0.2632544E+02  0.1511293E+00
  0.7050000E+00  0.4126553E+00  0.2888587E+01  0.7840451E+01  0.1526825E+02  0.2517197E+02  0.2194975E+01  0.6584925E+01  0.1097488E+02  0.1536483E+02  0.1975478E+02  0.2194975E+02  0.1484916E+00
  0.7150000E+00  0.3382423E+00  0.2367696E+01  0.6426603E+01  0.1251496E+02  0.2063278E+02  0.1773998E+01  0.5321994E+01  0.8869990E+01  0.1241799E+02  0.1596598E+02  0.1773998E+02  0.1465775E+00
  0.7250000E+00  0.2701211E+00  0.1890848E+01  0.5132300E+01  0.9994480E+01  0.1647739E+02  0.1397178E+01  0.4191534E+01  0.6985890E+01  0.9780246E+01  0.1257460E+02  0.1397178E+02  0.1414048E+00
  0.7350000E+00  0.2021139E+00  0.1414797E+01  0.3840164E+01  0.7478213E+01  0.1232895E+02  0.1031193E+01  0.3093580E+01  0.5155966E+01  0.7218353E+01  0.9280739E+01  0.1031193E+02  0.1379326E+00
  0.7450000E+00  0.1366560E+00  0.9565922E+00  0.2596465E+01  0.5056273E+01  0.8336018E+01  0.6878659E+00  0.2063598E+01  0.3439330E+01  0.4815061E+01  0.6190793E+01  0.6878659E+01  0.1156402E+00
  0.7550000E+00  0.7412599E-01  0.5188819E+00  0.1408394E+01  0.2742662E+01  0.4521686E+01  0.3681755E+00  0.1104526E+01  0.1840877E+01  0.2577228E+01  0.3313579E+01  0.3681755E+01  0.1347572E+00
  0.7650000E+00  0.1358595E-01  0.9510162E-01  0.2581330E+00  0.5026800E+00  0.8287427E+00  0.6659777E-01  0.1997933E+00  0.3329889E+00  0.4661844E+00  0.5993800E+00  0.6659777E+00  0.1215885E+00
  0.7750000E+00 -0.4244088E-01 -0.2970861E+00 -0.8063766E+00 -0.1570312E+01 -0.2588893E+01 -0.2053591E+00 -0.6160773E+00 -0.1026795E+01 -0.1437514E+01 -0.1848232E+01 -0.2053591E+01  0.1156520E+00
  0.7850000E+00 -0.9797740E-01 -0.6858418E+00 -0.1861571E+01 -0.3625164E+01 -0.5976621E+01 -0.4680449E+00 -0.1404135E+01 -0.2340224E+01 -0.3276314E+01 -0.4212404E+01 -0.4680449E+01  0.1184914E+00
  0.7950000E+00 -0.1498465E+00 -0.1048926E+01 -0.2847084E+01 -0.5544321E+01 -0.9140638E+01 -0.7068232E+00 -0.2120470E+01 -0.3534116E+01 -0.4947762E+01 -0.6361409E+01 -0.7068232E+01  0.1114490E+00
  0.8050000E+00 -0.2016186E+00 -0.1411330E+01 -0.3830753E+01 -0.7459887E+01 -0.1229873E+02 -0.9392169E+00 -0.2817651E+01 -0.4696085E+01 -0.6574518E+01 -0.8452952E+01 -0.9392169E+01  0.1064830E+00
  0.8150000E+00 -0.2489460E+00 -0.1742622E+01 -0.4729975E+01 -0.9211004E+01 -0.1518571E+02 -0.1145457E+01 -0.3436372E+01 -0.5727286E+01 -0.8018201E+01 -0.1030912E+02 -0.1145457E+02  0.1178043E+00
  0.8250000E+00 -0.2966624E+00 -0.2076637E+01 -0.5636586E+01 -0.1097651E+02 -0.1809641E+02 -0.1348466E+01 -0.4045397E+01 -0.6742328E+01 -0.9439259E+01 -0.1213619E+02 -0.1348466E+02  0.1075119E+00
  0.8350000E+00 -0.3362177E+00 -0.2353524E+01 -0.6388136E+01 -0.1244006E+02 -0.2050928E+02 -0.1509960E+01 -0.4529879E+01 -0.7549799E+01 -0.1056972E+02 -0.1358964E+02 -0.1509960E+02  0.1070675E+00
  0.8450000E+00 -0.3794742E+00 -0.2656320E+01 -0.7210011E+01 -0.1404055E+02 -0.2314793E+02 -0.1684057E+01 -0.5052172E+01 -0.8420286E+01 -0.1178840E+02 -0.1515651E+02 -0.1684057E+02  0.1105341E+00
  0.8550000E+00 -0.4187954E+00 -0.2931568E+01 -0.7957113E+01 -0.1549543E+02 -0.2554652E+02 -0.1836822E+01 -0.5510466E+01 -0.9184110E+01 -0.1285775E+02 -0.1653140E+02 -0.1836822E+02  0.9420048E-01
  0.8650000E+00 -0.4562573E+00 -0.3193801E+01 -0.8668890E+01 -0.1688152E+02 -0.2783170E+02 -0.1977994E+01 -0.5933983E+01 -0.9889971E+01 -0.1384596E+02 -0.1780195E+02 -0.1977994E+02  0.1069937E+00
  0.8750000E+00 -0.4893959E+00 -0.3425771E+01 -0.9298523E+01 -0.1810765E+02 -0.2985315E+02 -0.2097411E+01 -0.6292233E+01 -0.1048706E+02 -0.1468188E+02 -0.1887670E+02 -0.2097411E+02  0.9913658E-01
  0.8850000E+00 -0.5225580E+00 -0.3657906E+01 -0.9928603E+01 -0.1933465E+02 -0.3187604E+02 -0.2214229E+01 -0.6642687E+01 -0.1107115E+02 -0.1549960E+02 -0.1992806E+02 -0.2214229E+02  0.1059702E+00
  0.8950000E+00 -0.5535811E+00 -0.3875068E+01 -0.1051804E+02 -0.2048250E+02 -0.3376845E+02 -0.2319474E+01 -0.6958422E+01 -0.1159737E+02 -0.1623632E+02 -0.2087527E+02 -0.2319474E+02  0.1029201E+00
  0.9050000E+00 -0.5853511E+00 -0.4097457E+01 -0.1112167E+02 -0.2165799E+02 -0.3570641E+02 -0.2425488E+01 -0.7276464E+01 -0.1212744E+02 -0.1697842E+02 -0.2182939E+02 -0.2425488E+02  0.9585249E-01
  0.9150000E+00 -0.6131819E+00 -0.4292273E+01 -0.1165046E+02 -0.2268773E+02 -0.3740409E+02 -0.2513040E+01 -0.7539121E+01 -0.1256520E+02 -0.1759128E+02 -0.2261736E+02 -0.2513040E+02  0.1051265E+00
  0.9250000E+00 -0.6368797E+00 -0.4458158E+01 -0.1210072E+02 -0.2356455E+02 -0.3884966E+02 -0.2581945E+01 -0.7745835E+01 -0.1290972E+02 -0.1807361E+02 -0.2323750E+02 -0.2581945E+02  0.9996665E-01
  0.9350000E+00 -0.6531322E+00 -0.4571925E+01 -0.1240951E+02 -0.2416589E+02 -0.3984106E+02 -0.2619514E+01 -0.7858542E+01 -0.1309757E+02 -0.1833660E+02 -0.2357563E+02 -0.2619514E+02  0.1003887E+00
  0.9450000E+00 -0.6871220E+00 -0.4809854E+01 -0.1305532E+02 -0.2542351E+02 -0.4191444E+02 -0.2726674E+01 -0.8180023E+01 -0.1363337E+02 -0.1908672E+02 -0.2454007E+02 -0.2726674E+02  0.1004965E+00
  0.9550000E+00 -0.6962316E+00 -0.4873621E+01 -0.1322840E+02 -0.2576057E+02 -0.4247012E+02 -0.2733894E+01 -0.8201681E+01 -0.1366947E+02 -0.1913726E+02 -0.2460504E+02 -0.2733894E+02  0.1067292E+00
  0.9650000E+00 -0.7321841E+00 -0.5125289E+01 -0.1391150E+02 -0.2709081E+02 -0.4466323E+02 -0.2845275E+01 -0.8535826E+01 -0.1422638E+02 -0.1991693E+02 -0.2560748E+02 -0.2845275E+02  0.9124418E-01
  0.9750000E+00 -0.7362028E+00 -0.5153419E+01 -0.1398785E+02 -0.2723950E+02 -0.4490837E+02 -0.2831549E+01 -0.8494647E+01 -0.1415775E+02 -0.1982084E+02 -0.2548394E+02 -0.2831549E+02  0.9212455E-01
  0.9850000E+00 -0.7566232E+00 -0.5296362E+01 -0.1437584E+02 -0.2799506E+02 -0.4615401E+02 -0.2880545E+01 -0.8641635E+01 -0.1440273E+02 -0.2016382E+02 -0.2592491E+02 -0.2880545E+02  0.9466409E-01
  0.9950000E+00 -0.7489595E+00 -0.5242717E+01 -0.1423023E+02 -0.2771150E+02 -0.4568653E+02 -0.2822712E+01 -0.8468135E+01 -0.1411356E+02 -0.1975898E+02 -0.2540441E+02 -0.2822712E+02  0.9119822E-01
