9.999999999999999547e-07 5.650517786807270681e+00
1.028062896708320958e-06 5.802660294040393296e+00
1.056913319588303903e-06 5.958899299281015693e+00
1.086573368905558963e-06 6.119345102341021914e+00
1.117065765123167987e-06 6.284110972894686675e+00
1.148413866306221038e-06 6.453313230442722315e+00
1.180641686014776057e-06 6.627071326429869735e+00
1.213773911698949190e-06 6.805507928573106824e+00
1.247835923610211339e-06 6.988749007460610230e+00
1.282853814243417146e-06 7.176923925482371125e+00
1.318854408324405767e-06 7.370165528155077972e+00
1.355865283358527202e-06 7.568610237906196581e+00
1.393914790755815947e-06 7.772398150382864301e+00
1.433032077548997290e-06 7.981673133354000527e+00
1.473247108720965359e-06 8.196582928275475410e+00
1.514590690158834321e-06 8.417279254589661974e+00
1.557094492252146268e-06 8.643917916833267157e+00
1.600791074153313606e-06 8.876658914629155461e+00
1.645713908718880276e-06 9.115666555639368340e+00
1.691897408150705343e-06 9.361109571559682152e+00
1.739376950356714640e-06 9.613161237236944601e+00
1.788188906051409476e-06 9.871999492993820624e+00
1.838370666616899334e-06 1.013780707024679550e+01
1.889960672745776478e-06 1.041077162050659943e+01
1.942998443887830115e-06 1.069108584785174898e+01
1.997524608523082492e-06 1.097894764496881770e+01
2.053580935284395229e-06 1.127456023285540709e+01
2.111210364953458521e-06 1.157813230428470241e+01
2.170457043354683971e-06 1.188987817113232559e+01
2.231366355172194137e-06 1.221001791567002748e+01
2.293984958715813823e-06 1.253877754593280258e+01
2.358360821662697630e-06 1.287638915526876637e+01
2.424543257801969034e-06 1.322309108618497753e+01
2.492582964810521700e-06 1.357912809860444980e+01
2.562532063088919802e-06 1.394475154265306216e+01
2.634444135687144721e-06 1.432021953609875276e+01
2.708374269350775322e-06 1.470579714656750703e+01
2.784379096719045798e-06 1.510175657866563625e+01
2.862516839707080559e-06 1.550837736613922679e+01
2.942847354105609816e-06 1.592594656920788054e+01
3.025432175432230969e-06 1.635475897721043381e+01
3.110334566069416387e-06 1.679511731670679708e+01
3.197619563725343130e-06 1.724733246518201568e+01
3.287354031254673449e-06 1.771172367050407459e+01
3.379606707877455920e-06 1.818861877628958013e+01
3.474448261835369917e-06 1.867835445333658839e+01
3.571951344525660982e-06 1.918127643728828957e+01
3.672190646154232758e-06 1.969773977269444742e+01
3.775242952950521563e-06 2.022810906364338734e+01
3.881187205987988825e-06 2.077275873114115967e+01
3.990104561655294390e-06 2.133207327741939352e+01
4.102078453824427070e-06 2.190644755735809923e+01
4.217194657763531206e-06 2.249628705721582733e+01
4.335541355843231908e-06 2.310200818086203611e+01
4.457209205086914588e-06 2.372403854371550125e+01
4.582291406616646448e-06 2.436281727459459034e+01
4.710883777047956455e-06 2.501879532569310882e+01
4.843084821888157401e-06 2.569243579090000296e+01
4.978995810994442029e-06 2.638421423268734145e+01
5.118720856149542040e-06 2.709461901779744153e+01
5.262366990814394768e-06 2.782415166196506817e+01
5.410044252118897051e-06 2.857332718391879567e+01
5.561865765153555496e-06 2.934267446891000475e+01
5.717947829626605849e-06 3.013273664202661806e+01
5.878410008952985973e-06 3.094407145155419414e+01
6.043375221843405347e-06 3.177725166265477341e+01
6.212969836463623392e-06 3.263286546164063395e+01
6.387323767236215628e-06 3.351151687112868416e+01
6.566570574358769415e-06 3.441382617636674013e+01
6.750847566114899789e-06 3.534043036303276608e+01
6.940295904056402051e-06 3.629198356681556703e+01
7.135060711137120214e-06 3.726915753509328511e+01
7.335291182881360103e-06 3.827264210103472664e+01
7.541140701672017137e-06 3.930314567045789431e+01
7.752766954245954545e-06 4.036139572178767310e+01
7.970332052486641988e-06 4.144813931946538332e+01
8.194002657606595474e-06 4.256414364117097904e+01
8.423950107814716636e-06 4.371019651922923543e+01
8.660350549566388269e-06 4.488710699658055603e+01
8.903385072496702044e-06 4.609570589770746096e+01
9.153239848140602819e-06 4.733684641491931444e+01
9.410106272545459364e-06 4.861140471040467048e+01
9.674181112886226584e-06 4.992028053447877767e+01
9.945666658194741649e-06 5.126439786045636282e+01
1.022477087431905183e-05 5.264470455575908403e+01
1.051170756323131633e-05 5.406217593371447094e+01
1.080669652680635304e-05 5.551781283710946013e+01
1.110996373519629119e-05 5.701264274285490075e+01
1.142174149993029558e-05 5.854772078208551989e+01
1.174226865187198410e-05 6.012413048417539585e+01
1.207179072417082283e-05 6.174298454076082976e+01
1.241056014034771979e-05 6.340542559040610371e+01
1.275883640765867756e-05 6.511262703617023817e+01
1.311688631588519449e-05 6.686579390862418393e+01
1.348498414170264223e-05 6.866616374058135364e+01
1.386341185878461820e-05 7.051500738970123905e+01
1.425245935380260327e-05 7.241362992591477621e+01
1.465242464848790891e-05 7.436337150166679066e+01
1.506361412792488139e-05 7.636560845920628537e+01
1.548634277525084131e-05 7.842175413720971733e+01
1.592093441294235994e-05 8.053325992213729023e+01
1.636772195087271182e-05 8.270161622984480232e+01
1.682704764133057104e-05 8.492835353962068723e+01
1.729926334119522629e-05 8.721504350668824657e+01
1.778473078146923075e-05 8.956330008556386701e+01
1.828382184437490039e-05 9.197478066928680107e+01
1.879691884822697450e-05 9.445118725815338223e+01
1.932441484029941731e-05 9.699426765988157229e+01
1.986671389791152582e-05 9.960581672143345600e+01
2.042423143796238152e-05 1.022876775875088242e+02
2.099739453515276334e-05 1.050417429818283637e+02
2.158664224913661749e-05 1.078699565465152688e+02
2.219242596085361572e-05 1.107743142075988771e+02
2.281520971830011351e-05 1.137568654737632414e+02
2.345547059200345016e-05 1.168197153005886975e+02
2.411369904047190149e-05 1.199650251406737169e+02
2.479039928590020259e-05 1.231950146096413619e+02
2.548608970041845560e-05 1.265119630328081257e+02
2.620130320318030118e-05 1.299182109566019392e+02
2.693658766859454714e-05 1.334161618218340664e+02
2.769250634601294809e-05 1.370082837043110828e+02
2.846963829119569363e-05 1.406971110700361010e+02
2.926857880988471757e-05 1.444852465597788580e+02
3.008993991382592482e-05 1.483753628215092704e+02
3.093435078958720296e-05 1.523702043920214635e+02
3.180245828053436205e-05 1.564725896164007963e+02
3.269492738233168344e-05 1.606854125660330510e+02
3.361244175234811031e-05 1.650116449520902506e+02
3.455570423335871144e-05 1.694543382103578324e+02
3.552543739194274279e-05 1.740166255040163321e+02
3.652238407199075734e-05 1.787017251596869869e+02
3.754730796374465952e-05 1.835129415454470916e+02
3.860099418880674288e-05 1.884536678622023373e+02
3.968424990156572393e-05 1.935273885275177292e+02
4.079790490750064604e-05 1.987376814562638003e+02
4.194281229883565018e-05 2.040882203631792322e+02
4.311984910803445890e-05 2.095827774819215961e+02
4.432991697963161934e-05 2.152252263559863081e+02
4.557394286091946532e-05 2.210195445759544555e+02
4.685287971201636557e-05 2.269698165690132896e+02
4.816770723586207258e-05 2.330802364630792169e+02
4.951943262869871234e-05 2.393551110235547128e+02
5.090909135161254356e-05 2.457988625855587372e+02
5.233774792372732245e-05 2.524160316829142801e+02
5.380649673765702237e-05 2.592112793677194418e+02
5.531646289784249718e-05 2.661893911574807703e+02
5.686880308241432195e-05 2.733552837604567003e+02
5.846470642924196155e-05 2.807140042011560013e+02
6.010539544684808614e-05 2.882707348721750122e+02
6.179212695088590046e-05 2.960307971541159304e+02
6.352619302689592787e-05 3.039996550396430735e+02
6.530892202008271169e-05 3.121829179649142247e+02
6.714167955286408026e-05 3.205863445122906228e+02
6.902586957097929337e-05 3.292158469956612521e+02
7.096293541895171847e-05 3.380774959753694020e+02
7.295436094573301208e-05 3.471775244833966099e+02
7.500167164137467365e-05 3.565223323510644491e+02
7.710643580559797925e-05 3.661184906512728503e+02
7.927026574915726348e-05 3.759727461932013171e+02
8.149481902891700998e-05 3.860920256277580052e+02
8.378179971758882539e-05 3.964834342364488862e+02
8.613295970910075840e-05 4.071542658544854589e+02
8.855010006059939787e-05 4.181120169878644219e+02
9.103507237211129965e-05 4.293643791329693045e+02
9.358978020492457993e-05 4.409192489015690626e+02
9.621618053976964575e-05 4.527847334493639551e+02
9.891628527592656540e-05 4.649691560465049065e+02
1.016921627723955935e-04 4.774810604908056462e+02
1.045459394323232019e-04 4.903292134928172459e+02
1.074798013318868650e-04 5.035226111443218997e+02
1.104959958948944696e-04 5.170704875849355631e+02
1.135968336143759478e-04 5.309823219342850962e+02
1.167846898224885041e-04 5.452678447134152293e+02
1.200620065100902947e-04 5.599370444317275997e+02
1.234312941973767105e-04 5.750001743370291933e+02
1.268951338570122229e-04 5.904677590534253113e+02
1.304561788912301026e-04 6.063505814635842626e+02
1.341171571644169552e-04 6.226597059390088589e+02
1.378808730927356160e-04 6.394065079030473271e+02
1.417502097923901689e-04 6.566026468624871768e+02
1.457281312881768612e-04 6.742600889350615034e+02
1.498176847840135978e-04 6.923911147569853028e+02
1.540220029971873204e-04 7.110083275888661092e+02
1.583443065581060898e-04 7.301246612334641668e+02
1.627879064773969273e-04 7.497533791239751508e+02
1.673562066822359298e-04 7.699080751511020253e+02
1.720527066238559304e-04 7.906026872088118580e+02
1.768810039582282656e-04 8.118515146274785366e+02
1.818447973019721273e-04 8.336692278092601782e+02
1.869478890656031179e-04 8.560708775583530041e+02
1.921941883662897936e-04 8.790719046350394592e+02
1.975877140223525731e-04 9.026881494305821434e+02
2.031325976317951184e-04 9.269357987604354321e+02
2.088330867372290912e-04 9.518314794480957062e+02
2.146935480796158030e-04 9.773922619394672893e+02
2.207184709433169872e-04 1.003635606929916207e+03
2.269124705950180713e-04 1.030579419142531606e+03
2.332802918191559870e-04 1.058242058071614565e+03
2.398268125525639203e-04 1.086642348946950051e+03
2.465570476211124073e-04 1.115799593940962268e+03
2.534761525812122425e-04 1.145733576369101456e+03
2.605894276691213978e-04 1.176464535380551752e+03
2.679023218610804150e-04 1.208013163963849820e+03
2.754204370473875541e-04 1.240400650223689581e+03
2.831495323236090300e-04 1.273648704741089659e+03
2.910955284022158666e-04 1.307779572424280332e+03
2.992645121480213524e-04 1.342816044560074943e+03
3.076627412408973255e-04 1.378781471095278675e+03
3.162966489693395120e-04 1.415699538620171097e+03
3.251728491585541649e-04 1.453594784868480247e+03
3.342981412368414124e-04 1.492492250384761746e+03
3.436795154441545899e-04 1.532417427864573256e+03
3.533241581868297042e-04 1.573396409668238675e+03
3.632394575425811978e-04 1.615455901335061299e+03
3.734330089199851938e-04 1.658623233999331433e+03
3.839126208767842095e-04 1.702926376981029762e+03
3.946863211014702238e-04 1.748393949971108668e+03
4.057623625627283705e-04 1.795055189119500028e+03
4.171492298314505428e-04 1.842939877895313884e+03
4.288556455801661614e-04 1.892078354719406661e+03
4.408905772648626900e-04 1.942501615805618485e+03
4.532632439943184836e-04 1.994241338496801973e+03
4.659831235922095465e-04 2.047329892718687688e+03
4.790599598573984743e-04 2.101800352482848211e+03
4.925037700279695941e-04 2.157685720867837063e+03
5.063248524547231833e-04 2.215020929397032432e+03
5.205337944900158753e-04 2.273841295665301914e+03
5.351414805979795358e-04 2.334182423571323852e+03
5.501591006923386247e-04 2.396080616814031146e+03
5.655981587082104748e-04 2.459572904790225039e+03
5.814704814144555558e-04 2.524697052489450016e+03
5.977882274733270973e-04 2.591491569004368557e+03
6.145638967543618934e-04 2.659995715876709255e+03
6.318103399096428692e-04 2.730249500657546378e+03
6.495407682177762763e-04 2.802293545268640628e+03
6.677687637041152544e-04 2.876168948168226052e+03
6.865082895449870068e-04 2.951917390827602958e+03
7.057737007638941037e-04 3.029581275049864871e+03
7.255797552278806265e-04 3.109203727884490945e+03
7.459416249524902223e-04 3.190828603808643948e+03
7.668749077239690867e-04 3.274498397697040218e+03
7.883956390476300289e-04 3.360259916222446009e+03
8.105203044315142978e-04 3.448159519891436958e+03
8.332658520147727789e-04 3.538243357447689050e+03
8.566497055504343917e-04 3.630558030074777434e+03
8.806897777525097854e-04 3.725150746133110715e+03
9.054044840176536007e-04 3.822069340663801086e+03
9.308127565318916486e-04 3.921362266698492931e+03
9.569340587732336721e-04 4.023078585522820049e+03
9.837884004212612329e-04 4.127267955802176402e+03
1.011396352685127323e-03 4.233980432985194057e+03
1.039779064061702781e-03 4.343265849368556701e+03
1.068958276535940909e-03 4.455173356835502091e+03
1.098956342235874947e-03 4.569752194429006522e+03
1.129796240554994512e-03 4.687051864980385290e+03
1.161501595755138694e-03 4.807122101980708067e+03
1.194096695063365113e-03 4.930007867169752899e+03
1.227606507276675753e-03 5.055763393627245023e+03
1.262056701888843819e-03 5.184439329757821724e+03
1.297473668753994615e-03 5.316085558750122800e+03
1.333884538302005643e-03 5.450751195524017930e+03
1.371317202321201177e-03 5.588485025737244541e+03
1.409800335324284731e-03 5.729335610624077162e+03
1.449363416513846370e-03 5.873351247574315494e+03
1.490036752364293617e-03 6.020579909763260730e+03
1.531851499837494834e-03 6.171069183393702588e+03
1.574839690249920992e-03 6.324866168511183787e+03
1.619034253809570464e-03 6.482016747577141359e+03
1.664469044841461942e-03 6.642564157326213717e+03
1.711178867721045455e-03 6.806548979172474901e+03
1.759199503535362847e-03 6.974010510643586713e+03
1.808567737492405327e-03 7.144986618921019726e+03
1.859321387099656300e-03 7.319504455364885871e+03
1.911499331133406166e-03 7.497608171635998588e+03
1.965141539421029655e-03 7.679331326862562491e+03
2.020289103459032773e-03 7.864705507422394476e+03
2.076984267890350129e-03 8.053758153953403053e+03
2.135270462864964549e-03 8.246512828913095291e+03
2.195192337308672637e-03 8.442990172914773211e+03
2.256795793125463551e-03 8.643208115784162146e+03
2.320128020359716811e-03 8.847181731683485850e+03
2.385237533345155054e-03 9.054923084070724144e+03
2.452174207868230548e-03 9.266441067077485059e+03
2.520989319374445682e-03 9.481741030299877821e+03
2.591735582246831003e-03 9.700823424528369287e+03
2.664467190186703850e-03 9.923681570333492346e+03
2.739239857727623385e-03 1.015030333635630450e+04
2.816110862914349491e-03 1.038067076540526068e+04
2.895139091179495510e-03 1.061475299960711891e+04
2.976385080451491184e-03 1.085253500527476899e+04
3.059911067528388925e-03 1.109398563665185065e+04
3.145781035753086093e-03 1.133906842990501536e+04
3.234060764026420228e-03 1.158773977623454448e+04
3.324817877195726957e-03 1.183994550373309357e+04
3.418121897857449940e-03 1.209562281682784123e+04
3.514044299613473376e-03 1.235470172221155008e+04
3.612658561821994237e-03 1.261710514190045615e+04
3.714040225884836059e-03 1.288274870726763220e+04
3.818266953114391512e-03 1.315154055581719331e+04
3.925418584224436153e-03 1.342338111310601744e+04
4.035577200490450024e-03 1.369816156349121593e+04
4.148827186626268156e-03 1.397575857354497020e+04
4.265255295425235404e-03 1.425603079365800659e+04
4.384950714215377250e-03 1.453882633315796920e+04
4.508005133179481157e-03 1.482398602844928610e+04
4.634512815592478456e-03 1.511133916789552495e+04
4.764570670029839861e-03 1.540070440946953931e+04
4.898278324602382133e-03 1.569189002961480037e+04
5.035738203274306782e-03 1.598469364455419054e+04
5.177055604322939632e-03 1.627889987487777398e+04
5.322338781000293326e-03 1.657427965814225900e+04
5.471699024458195892e-03 1.687059178040524057e+04
5.625250749000586421e-03 1.716758381616326369e+04
5.783111579728195638e-03 1.746499219343556251e+04
5.945402442642802425e-03 1.776254224398837323e+04
6.112247657280086600e-03 1.805994827556800010e+04
6.283775031942015130e-03 1.835691283447314345e+04
6.460115961601736387e-03 1.865311911077290642e+04
6.641405528555941601e-03 1.894820229471695347e+04
6.827782605901879139e-03 1.924178095970586946e+04
7.019389963918173589e-03 1.953347625807743316e+04
7.216374379431034561e-03 1.982281790788090439e+04
7.418886748249581622e-03 2.010936667435864729e+04
7.627082200756440424e-03 2.039267055351937597e+04
7.841120220742150287e-03 2.067226538705237544e+04
8.061164767574364315e-03 2.094767243478775708e+04
8.287384401795558700e-03 2.121838669416018820e+04
8.519952414245298561e-03 2.148388096388272243e+04
8.759046958806073965e-03 2.174361476903182847e+04
9.004851188874382628e-03 2.199703824135345349e+04
9.257553397661565098e-03 2.224359330423847859e+04
9.517347162431917529e-03 2.248271496492830920e+04
9.784431492788474641e-03 2.271383275607161340e+04
1.005901098312023123e-02 2.293636823422092493e+04
1.034129596932739995e-02 2.314970738669397178e+04
1.063150268994483318e-02 2.335323328588511868e+04
1.092985345178699129e-02 2.354630128047601465e+04
1.123657680024157425e-02 2.372805635848239763e+04
1.155190769434186887e-02 2.389778334096120307e+04
1.187608768675224406e-02 2.405477172491797319e+04
1.220936510880453463e-02 2.419831869360207202e+04
1.255199526072709425e-02 2.432773171804105368e+04
1.290424060721221365e-02 2.444230335078230928e+04
1.326637097847173027e-02 2.454128735334494195e+04
1.363866377693485031e-02 2.462392441840471292e+04
1.402140418974649055e-02 2.468947582151916868e+04
1.441488540722896637e-02 2.473723114005796015e+04
1.481940884747431561e-02 2.476651223839897284e+04
1.523528438723936555e-02 2.477667589736727314e+04
1.566283059932039104e-02 2.476711919854177540e+04
1.610237499658904656e-02 2.473728199380544174e+04
1.655425428287697620e-02 2.468689455277997695e+04
1.701881461090063233e-02 2.461551315368130599e+04
1.749641184742440139e-02 2.452234287930229766e+04
1.798741184586491459e-02 2.440696895586541359e+04
1.849219072654545090e-02 2.426904831274573371e+04
1.901113516481506630e-02 2.410831422412068059e+04
1.954464268725319975e-02 2.392458103414684956e+04
2.009312197618662657e-02 2.371775780414370456e+04
2.065699318275204810e-02 2.348793037839751196e+04
2.123668824874410874e-02 2.323537289509385664e+04
2.183265123749542763e-02 2.296048336741133971e+04
2.244533867404205699e-02 2.266374385159197118e+04
2.307521989483502997e-02 2.234571843049918607e+04
2.372277740726557935e-02 2.200705283085966221e+04
2.438850725928016355e-02 2.164847266522112841e+04
2.507291941936747731e-02 2.127078563453442985e+04
2.577653816720924113e-02 2.087593550576500274e+04
2.649990249529372843e-02 2.046576812781824265e+04
2.724356652179973221e-02 2.004157975794302183e+04
2.800809991506727006e-02 1.960532555363359643e+04
2.879408832998013590e-02 1.915891201168033149e+04
2.960213385659463819e-02 1.870418915141370235e+04
3.043285548135814603e-02 1.824294453323693961e+04
3.128688956127075732e-02 1.777689591668702997e+04
3.216489031135334742e-02 1.730794016221942002e+04
3.306753030579533126e-02 1.683859896010335797e+04
3.399550099316620694e-02 1.637182945835716237e+04
3.494951322608504801e-02 1.591041413840614223e+04
3.593029780575477533e-02 1.545685161125495870e+04
3.693860604177687940e-02 1.501336036593856988e+04
3.797521032767662424e-02 1.458188952247844463e+04
3.904090473257897792e-02 1.416413248686678526e+04
4.013650560948874013e-02 1.376364614702903964e+04
4.126285222064077218e-02 1.338083333913902061e+04
4.242080738039932797e-02 1.301563529037094850e+04
4.361125811619905035e-02 1.266899302149064715e+04
4.483511634803386686e-02 1.234168713879774077e+04
4.609331958701429893e-02 1.203425711736872654e+04
4.738683165352830517e-02 1.174632363780866763e+04
4.871664341555586447e-02 1.147676194186086468e+04
5.008377354770271461e-02 1.122428512830989530e+04
5.148926931153494091e-02 1.098736176123257064e+04
5.293420735781146497e-02 1.076383852772354840e+04
5.441969455123057270e-02 1.055109493248992112e+04
5.594686881832013070e-02 1.034634447032746721e+04
5.751690001912263678e-02 1.014625542786170809e+04
5.913099084334209887e-02 9.947387723985435514e+03
6.079037773163947778e-02 9.746043595895462204e+03
6.249633182278229587e-02 9.539018122550845874e+03
6.425015992737398429e-02 9.322581896004367081e+03
6.605320552890898977e-02 9.093710345438936201e+03
6.790684981292025024e-02 8.849811771963233696e+03
6.981251272500769989e-02 8.589846677775094577e+03
7.177165405855792657e-02 8.313999732685810159e+03
7.378577457298858555e-02 8.023302490383041913e+03
7.585641714337397479e-02 7.719844137508627682e+03
7.798516794233179006e-02 7.407011206977547772e+03
8.017365765507851461e-02 7.089347350850284784e+03
8.242356272858127053e-02 6.772115978442680898e+03
8.473660665576525364e-02 6.460616075074534820e+03
8.711456129575961826e-02 6.159520162489161521e+03
8.955924823119322531e-02 5.872834571892793974e+03
9.207254016358007442e-02 5.603858752710278168e+03
9.465636234786335701e-02 5.356100613383476230e+03
9.731269406721684834e-02 5.136736693780410860e+03
1.000435701492335822e-01 4.948198357283316000e+03
1.028510825246631982e-01 4.787793040780044066e+03
1.057373818298918133e-01 4.644715336838813528e+03
1.087046790543923641e-01 4.506714355882801101e+03
1.117552472344071901e-01 4.373255996277103804e+03
1.148914231941592229e-01 4.249351910959027009e+03
1.181156093359289061e-01 4.139497200617573071e+03
1.214302754803634754e-01 4.035697561491842862e+03
1.248379607584318707e-01 3.923886981876009031e+03
1.283412755564731778e-01 3.791143435897312429e+03
1.319429035158286301e-01 3.641060773299755510e+03
1.356456035885892919e-01 3.483743075356503596e+03
1.394522121510337331e-01 3.328820703944715660e+03
1.433656451763750395e-01 3.181622654462582432e+03
1.473889004684814652e-01 3.047073587571622284e+03
1.515250599582814439e-01 2.925321971892938109e+03
1.557772920646128545e-01 2.811867601055588693e+03
1.601488541213240135e-01 2.703584564274326567e+03
1.646430948724870447e-01 2.602634082801649583e+03
1.692634570376319314e-01 2.511539461974166898e+03
1.740134799489723161e-01 2.428776101964412192e+03
1.788968022626358234e-01 2.351049216393962979e+03
1.839171647459810766e-01 2.274734820695969120e+03
1.890784131431348103e-01 2.196413380154538572e+03
1.943845011209438256e-01 2.117901378849101093e+03
1.998394932975993965e-01 2.043147088475918054e+03
2.054475683562531074e-01 1.970823276259372051e+03
2.112130222460103512e-01 1.898833663297924431e+03
2.171402714727524441e-01 1.830187642935422446e+03
2.232338564823090621e-01 1.767046554710360397e+03
2.294984451385722601e-01 1.708117171766827823e+03
2.359388362992162758e-01 1.651367967480551897e+03
2.425599634917631198e-01 1.595659680303421965e+03
2.493668986928065934e-01 1.543099005262359697e+03
2.563648562132971320e-01 1.492976512140289060e+03
2.635591966928544916e-01 1.443952102112414650e+03
2.709554312061741022e-01 1.398893713378746043e+03
2.785592254846715465e-01 1.355291174456255249e+03
2.863764042565977719e-01 1.312019519301476521e+03
2.944129557089510407e-01 1.271183246564821502e+03
3.026750360746027768e-01 1.230939637535556585e+03
3.111689743481517167e-01 1.193187176651513028e+03
3.199012771341180339e-01 1.154876960999385574e+03
3.288786336311927405e-01 1.118086703268926158e+03
3.381079207563586486e-01 1.088117907359661103e+03
3.475962084128095264e-01 1.056778428912220534e+03
3.573507649057022229e-01 1.021034483193843130e+03
3.673790625098911633e-01 9.929738595473793339e+02
3.776887831939060303e-01 9.636392334941073159e+02
3.882878245045680576e-01 9.372332527313789114e+02
3.991843056167383996e-01 9.096651875271726340e+02
4.103865735528437475e-01 8.840620888396855435e+02
4.219032095769389978e-01 8.600416347096754635e+02
4.337430357682057203e-01 8.376268552096394160e+02
4.459151217789224519e-01 8.132875175860202717e+02
4.584287917820827341e-01 7.902242292051581671e+02
4.712936316139836879e-01 7.711793981464001035e+02
4.845194961172563652e-01 7.490313614857085440e+02
4.981165166899626517e-01 7.298164981414216754e+02
5.120951090465417632e-01 7.099880830173731283e+02
5.264659811965511915e-01 6.923243492280131477e+02
5.412401416473159310e-01 6.738218475145422417e+02
5.564289078367615771e-01 6.581106738732011081e+02
5.720439148029085041e-01 6.408815640042122368e+02
5.880971240966460512e-01 6.244769456802682726e+02
6.046008329446308505e-01 6.085884655411056201e+02
6.215676836693208029e-01 5.940273601251632272e+02
6.390106733733633693e-01 5.789708725961297660e+02
6.569431638957546893e-01 5.644065010208414606e+02
6.753788920473987600e-01 5.494222316868214193e+02
6.943319801339051800e-01 5.372184836353911805e+02
7.138169467736869001e-01 5.241417762199858998e+02
7.338487180196460180e-01 5.104914648225625342e+02
7.544426387929650257e-01 4.985510957245688246e+02
7.756144846377651669e-01 4.865778902236458521e+02
7.973804738056339270e-01 4.735979274595034099e+02
8.197572796792734762e-01 4.626812166541761826e+02
8.427620435448071046e-01 4.505371134248834437e+02
8.664123877224986225e-01 4.393181009977545273e+02
8.907264290659647754e-01 4.280093448013893749e+02
9.157227928402145167e-01 4.172696682976312559e+02
9.414206269891446377e-01 4.063419168530227239e+02
9.678396168034237856e-01 3.962964878504968738e+02
9.949999999999999956e-01 3.858251799999999889e+02
