1.000000000000000082e-05 1.895317038906892293e+01
1.023329932612785223e-05 1.937746065128377282e+01
1.047204150981285218e-05 1.981124913850816327e+01
1.071635353255507509e-05 2.025474845959476866e+01
1.096636533832436787e-05 2.070817598109695723e+01
1.122220990267463508e-05 2.117175392282434032e+01
1.148402330347056493e-05 2.164570946840460408e+01
1.175194479326418730e-05 2.213027491287092374e+01
1.202611687336021225e-05 2.262568774161777085e+01
1.230668536960915986e-05 2.313219075415404902e+01
1.259379950996888990e-05 2.365003211830911312e+01
1.288761200387539213e-05 2.417946566386466145e+01
1.318827912346549900e-05 2.472075088499676809e+01
1.349596078669454996e-05 2.527415307555523327e+01
1.381082064239292598e-05 2.583994344602874094e+01
1.413302615730718577e-05 2.641839927318456205e+01
1.446274870517189221e-05 2.700980411848749796e+01
1.480016365785919885e-05 2.761444783864676822e+01
1.514545047865524628e-05 2.823262677817987765e+01
1.549879281771251506e-05 2.886464386146964145e+01
1.586037860972926871e-05 2.951080888389271806e+01
1.623040017390750873e-05 3.017143854708110240e+01
1.660905431624327529e-05 3.084685661773823639e+01
1.699654243420331947e-05 3.153739408546822176e+01
1.739307062384362726e-05 3.224338928839294027e+01
1.779884978942727374e-05 3.296518828540443735e+01
1.821409575559969994e-05 3.370314480499923349e+01
1.863902938218065417e-05 3.445762049086734891e+01
1.907387668163465472e-05 3.522898499006701201e+01
1.951886893928172283e-05 3.601761632842035254e+01
1.997424283631295334e-05 3.682390102489809891e+01
2.044024057567553831e-05 3.764823419187595022e+01
2.091711001089512464e-05 3.849101977091835636e+01
2.140510477790352254e-05 3.935267056269425012e+01
2.190448442994161798e-05 4.023360895810633053e+01
2.241551457560991028e-05 4.113426662986091031e+01
2.293846702013979438e-05 4.205508490837526381e+01
2.347361990996024836e-05 4.299651487283888684e+01
2.402125788063770440e-05 4.395901779333107129e+01
2.458167220826731813e-05 4.494306541317674686e+01
2.515516096439576895e-05 4.594913990060547349e+01
2.574202917455888540e-05 4.697773420831936164e+01
2.634258898051763988e-05 4.802935196482344082e+01
2.695715980627941171e-05 4.910450863017518230e+01
2.758606852799199322e-05 5.020373097370057991e+01
2.822964964780166257e-05 5.132755751949543566e+01
2.888824547176740943e-05 5.247653866118992738e+01
2.956220629192533744e-05 5.365123709369711946e+01
3.025189057260121138e-05 5.485222857242438010e+01
3.095766514106928618e-05 5.608010143419286919e+01
3.167990538265959722e-05 5.733545717075139692e+01
3.241899544041645681e-05 5.861891019501575073e+01
3.317532841941549644e-05 5.993108944461329202e+01
3.394930659584747493e-05 6.127263773989535878e+01
3.474134163097937695e-05 6.264421214172485719e+01
3.555185479010780164e-05 6.404648418980028168e+01
3.638127716662054278e-05 6.548014008038711609e+01
3.723004991128485680e-05 6.694588256684001237e+01
3.809862446688568581e-05 6.844442945368065523e+01
3.898746280833793610e-05 6.997651458738681640e+01
3.989703768839992799e-05 7.154288741827996034e+01
4.082783288911996444e-05 7.314431518595320370e+01
4.178034347914918567e-05 7.478158229816506264e+01
4.275507607705675663e-05 7.645549030592012230e+01
4.375254912078899112e-05 7.816685848611854226e+01
4.477329314341448350e-05 7.991652311469226788e+01
4.581785105530281483e-05 8.170534201761830673e+01
4.688677843288566047e-05 8.353419077385045455e+01
4.798064381415537388e-05 8.540396451138505540e+01
4.910002900105766649e-05 8.731557712469347621e+01
5.024552936893814076e-05 8.926996412245838997e+01
5.141775418320918283e-05 9.126808280231176695e+01
5.261732692340410049e-05 9.331091077545572432e+01
5.384488561479199931e-05 9.539944742090450802e+01
5.510108316772822435e-05 9.753471117349891983e+01
5.638658772492267614e-05 9.971774911128333940e+01
5.770208301681002395e-05 1.019496290499157709e+02
5.904826872520953907e-05 1.042314425317271684e+02
6.042586085547017893e-05 1.065643037106781179e+02
6.183559211729784027e-05 1.089493522286394267e+02
6.327821231446605662e-05 1.113877565778772833e+02
6.475448874361994017e-05 1.138807087457672935e+02
6.626520660238394015e-05 1.164294271840748678e+02
6.781116940698985189e-05 1.190351521848655239e+02
6.939319941964907929e-05 1.216991601309615447e+02
7.101213808589490874e-05 1.244227533420758789e+02
7.266884648212862982e-05 1.272072622328160634e+02
7.436420577360552009e-05 1.300540445991594822e+02
7.609911768310687551e-05 1.329644866222139399e+02
7.787450497054616556e-05 1.359400147435507904e+02
7.969131192376301641e-05 1.389820816788040361e+02
8.155050486076884911e-05 1.420921723234044123e+02
8.345307264370901632e-05 1.452717962513038117e+02
8.540002720481662166e-05 1.485225074682772686e+02
8.739240408463500823e-05 1.518458941157877007e+02
8.943126298279865569e-05 1.552435766320007531e+02
9.151768832166360789e-05 1.587172091378404275e+02
9.365278982308589822e-05 1.622684734920259189e+02
9.583770309865763447e-05 1.658991117179357673e+02
9.807359025371342699e-05 1.696108927454207276e+02
1.003616405054264579e-04 1.734056245977982087e+02
1.027030708153265260e-04 1.772851436604337323e+02
1.050991265365740972e-04 1.812513382537106850e+02
1.075510820763349464e-04 1.853061448596327807e+02
1.100602415736078515e-04 1.894515350699845442e+02
1.126279395928668671e-04 1.936895232498243047e+02
1.152555418338852884e-04 1.980221415337337305e+02
1.179444458581197462e-04 2.024515188706176900e+02
1.206960818320418458e-04 2.069798064827919859e+02
1.235119132878105888e-04 2.116092029430357400e+02
1.263934379016913698e-04 2.163419388570000592e+02
1.293421882906359407e-04 2.211803031975331635e+02
1.323597328274465099e-04 2.261266574037173314e+02
1.354476764749570981e-04 2.311833965939698317e+02
1.386076616396760268e-04 2.363529681630410550e+02
1.418413690453452537e-04 2.416378259648259075e+02
1.451505186268783453e-04 2.470405600090715836e+02
1.485368704451540814e-04 2.525637866379199181e+02
1.520022256231533925e-04 2.582101741484836452e+02
1.555484273039349204e-04 2.639824271966143669e+02
1.591773616309604311e-04 2.698833047562216620e+02
1.628909587512913373e-04 2.759156909765972046e+02
1.666911938421909223e-04 2.820824892746570072e+02
1.705800881616739619e-04 2.883866650799498075e+02
1.745597101235685841e-04 2.948311746645765652e+02
1.786321763976585718e-04 3.014191509586611915e+02
1.827996530354910893e-04 3.081537755087508117e+02
1.870643566224494225e-04 3.150382775825136719e+02
1.914285554567049887e-04 3.220759313042509007e+02
1.958945707556727098e-04 3.292700270891328955e+02
2.004647778906130321e-04 3.366240958549988136e+02
2.051416076500375666e-04 3.441416478082951471e+02
2.099275475325913397e-04 3.518262660844936249e+02
2.148251430700939704e-04 3.596814981381508574e+02
2.198369991814509575e-04 3.677111028767074004e+02
2.249657815581508917e-04 3.759189483862572274e+02
2.302142180820850937e-04 3.843089269711339284e+02
2.355851002764449320e-04 3.928849962310447950e+02
2.410812847904703722e-04 4.016510172778903325e+02
2.467056949188356951e-04 4.106113201153056025e+02
2.524613221564822574e-04 4.197701329669878874e+02
2.583512277897273275e-04 4.291317685320006490e+02
2.643785445244920202e-04 4.387004698392375985e+02
2.705464781525146337e-04 4.484806873487876828e+02
2.768583092564388688e-04 4.584771252389136293e+02
2.833173949546809373e-04 4.686944481361875319e+02
2.899271706870034759e-04 4.791374155184092842e+02
2.966911520417464033e-04 4.898105013080798926e+02
3.036129366256896380e-04 5.007189763756428533e+02
3.106962059775367929e-04 5.118679162655439541e+02
3.179447275260404056e-04 5.232624765714075465e+02
3.253623565938129560e-04 5.349077226831029748e+02
3.329530384478835846e-04 5.468088234768209759e+02
3.407208103980947987e-04 5.589715065164291445e+02
3.486698039444555142e-04 5.714013189037741540e+02
3.568042469745923151e-04 5.841039152196016175e+02
3.651284660124650989e-04 5.970844941757241031e+02
3.736468885195451503e-04 6.103493000495552678e+02
3.823640452496825820e-04 6.239044395790052704e+02
3.912845726589096480e-04 6.377560173884442065e+02
4.004132153714640607e-04 6.519100415291944728e+02
4.097548287033484773e-04 6.663723663897006873e+02
4.193143812447609710e-04 6.811499856815023577e+02
4.290969575027729372e-04 6.962494306262169630e+02
4.391077606056628668e-04 7.116773500764076061e+02
4.493521150703439632e-04 7.274397293465814300e+02
4.598354696343475963e-04 7.435437867416945892e+02
4.705634001538848681e-04 7.599968681773499384e+02
4.815416125695175611e-04 7.768061150572597171e+02
4.927759459410162562e-04 7.939786210026290973e+02
5.042723755530211351e-04 8.115207014883002330e+02
5.160370160931617486e-04 8.294409718215938483e+02
5.280761249043179444e-04 8.477470303662705646e+02
5.403961053127564074e-04 8.664465975730137188e+02
5.530035100339133688e-04 8.855465216127744270e+02
5.659050446576382749e-04 9.050548595206870459e+02
5.791075712147361393e-04 9.249804507618398475e+02
5.926181118267290259e-04 9.453315326487899029e+02
6.064438524407619879e-04 9.661164722522977399e+02
6.205921466516427579e-04 9.873415908605265940e+02
6.350705196130486093e-04 1.009017530095066718e+03
6.498866720399868293e-04 1.031153006366252612e+03
6.650484843046270073e-04 1.053756850211670553e+03
6.805640206276880729e-04 1.076836848684297593e+03
6.964415333676175508e-04 1.100401540716800810e+03
7.126894674098287977e-04 1.124461534664355213e+03
7.293164646583418951e-04 1.149026149047549097e+03
7.463313686322149568e-04 1.174104825515865286e+03
7.637432291692113811e-04 1.199704343697710328e+03
7.815613072392000715e-04 1.225836573457115037e+03
7.997950798698500547e-04 1.252511725495445944e+03
8.184542451872499867e-04 1.279739696653861984e+03
8.375487275741164313e-04 1.307529299803398544e+03
8.570886829483437015e-04 1.335888909382913425e+03
8.770845041647084422e-04 1.364831169564622087e+03
8.975468265425891887e-04 1.394366346640685833e+03
9.184865335226468936e-04 1.424504806066828451e+03
9.399147624554789887e-04 1.455253671108074741e+03
9.618429105253273066e-04 1.486625464881786684e+03
9.842826408119683280e-04 1.518631990502310600e+03
1.007245888494044759e-03 1.551283983449551442e+03
1.030744867197114787e-03 1.584591313365604037e+03
1.054792075489797499e-03 1.618560902880856702e+03
1.079400303531473284e-03 1.653207430518744104e+03
1.104582639875081309e-03 1.688541581647219800e+03
1.130352478428619254e-03 1.724574069496432912e+03
1.156723525579052411e-03 1.761311586745918703e+03
1.183709807482434886e-03 1.798765997047181827e+03
1.211325677524091810e-03 1.836950545335870629e+03
1.239585823952863916e-03 1.875876049064497465e+03
1.268505277693448164e-03 1.915552938142145649e+03
1.298099420340997293e-03 1.955984931387919232e+03
1.328383992342248125e-03 1.997189482111851930e+03
1.359375101367493949e-03 2.039177151958957211e+03
1.391089230877894144e-03 2.081958436189605891e+03
1.423543248892646497e-03 2.125539424712597793e+03
1.456754416960695780e-03 2.169929911993920086e+03
1.490740399341765983e-03 2.215144673015542139e+03
1.525519272401564333e-03 2.261193930009434553e+03
1.561109534226196244e-03 2.308087781081524554e+03
1.597530114460869819e-03 2.355827146860492576e+03
1.634800384378135279e-03 2.404429453054963687e+03
1.672940167181032403e-03 2.453904499814607789e+03
1.711969748546585644e-03 2.504261096076856120e+03
1.751909887415302545e-03 2.555503618820182510e+03
1.792781827032373593e-03 2.607636598190152654e+03
1.834607306246462686e-03 2.660675317581795753e+03
1.877408571072116143e-03 2.714627544810303789e+03
1.921208386521891954e-03 2.769500697255083651e+03
1.966030048714563321e-03 2.825291605424466525e+03
2.011897397265784843e-03 2.882014331487189338e+03
2.058834827967831287e-03 2.939677444356627802e+03
2.106867305765175880e-03 2.998286342398139368e+03
2.156020378032755518e-03 3.057842458625550080e+03
2.206320188164048908e-03 3.118341938524536999e+03
2.257793489476143771e-03 3.179799441454623320e+03
2.310467659439205141e-03 3.242218203706357599e+03
2.364370714237941113e-03 3.305600810851551614e+03
2.419531323672752601e-03 3.369939109701486359e+03
2.475978826408558112e-03 3.435239668304424413e+03
2.533743245579352620e-03 3.501508228297552250e+03
2.592855304756815950e-03 3.568744354739332266e+03
2.653346444291492488e-03 3.636944904514798054e+03
2.715248838035185918e-03 3.706094853488020817e+03
2.778595410453487194e-03 3.776204903797304723e+03
2.843419854137561268e-03 3.847270824613192417e+03
2.909756647724442979e-03 3.919287334793583796e+03
2.977641074235454644e-03 3.992240136867446381e+03
3.047109239842429006e-03 4.066124070224575007e+03
3.118198093071744732e-03 4.140938127724117294e+03
3.190945444456424075e-03 4.216672813763123486e+03
3.265389986646662860e-03 4.293317234389123769e+03
3.341571314989589311e-03 4.370846304310188316e+03
3.419529948589112352e-03 4.449258750409556342e+03
3.499307351857093486e-03 4.528539398388749760e+03
3.580945956567343439e-03 4.608671159178203197e+03
3.664489184424080982e-03 4.689631573515020136e+03
3.749981470156970968e-03 4.771401140092995774e+03
3.837468285154926276e-03 4.853964994758839566e+03
3.926996161651287280e-03 4.937300276733682040e+03
4.018612717473277370e-03 5.021382246184098221e+03
4.112366681368806107e-03 5.106182355062824172e+03
4.208307918924199427e-03 5.191674073724784648e+03
4.306487459086551228e-03 5.277825653928935935e+03
4.406957521304839982e-03 5.364602609902053700e+03
4.509771543304288803e-03 5.451969263728495207e+03
4.614984209508629122e-03 5.539891980762557978e+03
4.722651480125528330e-03 5.628329732910374332e+03
4.832830620910526752e-03 5.717240097236545807e+03
4.945580233625369686e-03 5.806578216147969215e+03
5.060960287206971511e-03 5.896310486860276797e+03
5.179032149663486545e-03 5.986386618398573773e+03
5.299858620714578000e-03 6.076750621584540568e+03
5.423503965193137745e-03 6.167348038482104130e+03
5.550033947226261193e-03 6.258127125459056515e+03
5.679515865213714473e-03 6.349060183406658325e+03
5.812018587622394712e-03 6.440061707314820524e+03
5.947612589615873177e-03 6.531068399888173190e+03
6.086369990538564693e-03 6.622014127854841718e+03
6.228364592274300907e-03 6.712869996949384586e+03
6.373671918499910702e-03 6.803566471205854214e+03
6.522369254854515179e-03 6.893998682016667772e+03
6.674535690045965350e-03 6.984082084523945014e+03
6.830252157916367681e-03 7.073729250428285013e+03
6.989601480488879387e-03 7.162934235984212137e+03
7.152668412018901682e-03 7.251525621121377299e+03
7.319539684072899795e-03 7.339406054471323841e+03
7.490304051658919042e-03 7.426474619242682820e+03
7.665052340433393605e-03 7.512682641962574962e+03
7.843877495009168171e-03 7.597948288547957418e+03
8.026874628390665706e-03 7.682103290939659928e+03
8.214141072562294171e-03 7.765033558273385097e+03
8.405776430257074980e-03 7.846620390447421414e+03
8.601882627933109954e-03 7.926893389928426586e+03
8.802563969985868764e-03 8.005617990133041530e+03
9.007927194225360396e-03 8.082652585211793848e+03
9.218081528647512415e-03 8.157868597524828147e+03
9.433138749530009873e-03 8.231209021780630792e+03
9.653213240883596821e-03 8.302640762429859024e+03
9.878422055290247625e-03 8.371894210858316001e+03
1.010888497616080871e-02 8.438830987371395167e+03
1.034472458144503580e-02 8.503306955900590765e+03
1.058606630882796135e-02 8.565390128611459659e+03
1.083303852244739234e-02 8.624784528948935986e+03
1.108577258116778472e-02 8.681264509504175294e+03
1.134440290844707967e-02 8.734666969023779529e+03
1.160906706383343402e-02 8.784899574834309533e+03
1.187990581612995838e-02 8.832034810716226275e+03
1.215706321826650477e-02 8.875644325125873365e+03
1.244068668391801885e-02 8.915566109484721892e+03
1.273092706591058727e-02 8.951636333912771079e+03
1.302793873645656346e-02 8.983988022611518318e+03
1.333187966926157632e-02 9.012351620902629293e+03
1.364291152354719407e-02 9.036395249775319826e+03
1.396119973003374058e-02 9.055946841776349174e+03
1.428691357892904711e-02 9.070878893534170857e+03
1.462022630997014856e-02 9.081540662836876436e+03
1.496131520456540562e-02 9.087286817587309997e+03
1.531036168008653893e-02 9.087965157537732011e+03
1.566755138636032399e-02 9.083426934852330305e+03
1.603307430441144529e-02 9.073910630867012514e+03
1.640712484750914135e-02 9.059321885622597620e+03
1.678990196457106482e-02 9.039180249401575566e+03
1.718160924597975786e-02 9.013354514193122668e+03
1.758245503186767200e-02 8.981720348203225512e+03
1.799265252292845188e-02 8.945067104134035617e+03
1.841241989381363353e-02 8.902546970683197287e+03
1.884198040917459127e-02 8.854027116319537527e+03
1.928156254241203404e-02 8.799431356456641879e+03
1.973140009719570945e-02 8.739142235103559869e+03
2.019173233181916632e-02 8.673480670906985324e+03
2.066280408645590136e-02 8.601773147788533606e+03
2.114486591338407898e-02 8.524035911523431423e+03
2.163817421024968532e-02 8.440302388700742085e+03
2.214299135643851488e-02 8.351903086053280276e+03
2.265958585262968852e-02 8.258075812546430825e+03
2.318823246360515733e-02 8.158633800689122836e+03
2.372921236439063872e-02 8.053670175854064837e+03
2.428281328980631815e-02 7.943772577023943086e+03
2.484932968750634338e-02 7.830096541403917399e+03
2.542906287458872316e-02 7.711485113172164347e+03
2.602232119785915371e-02 7.588199633445707150e+03
2.662942019783343106e-02 7.460541930921031962e+03
2.725068277656639629e-02 7.330598492425102449e+03
2.788643936939607867e-02 7.198002667913427103e+03
2.853702812069457834e-02 7.062339747276892012e+03
2.920279506371953673e-02 6.923931156206247579e+03
2.988409430466106020e-02 6.783479444539587348e+03
3.058128821098288555e-02 6.643615042467910826e+03
3.129474760415727752e-02 6.502160955432952505e+03
3.202485195689635383e-02 6.359472107696105013e+03
3.277198959498513198e-02 6.215955689347100815e+03
3.353655790382303187e-02 6.074158024245958586e+03
3.431896353978396152e-02 5.934410729405431994e+03
3.511962264650774629e-02 5.795659124605385841e+03
3.593896107623718167e-02 5.658323850836694874e+03
3.677741461631926778e-02 5.522818414484619097e+03
3.763542922099045313e-02 5.393541753003999474e+03
3.851346124856937225e-02 5.266910863144128598e+03
3.941197770418360807e-02 5.143191161363536594e+03
4.033145648815875811e-02 5.022645224212714311e+03
4.127238665020293434e-02 4.907303477926746382e+03
4.223526864952098503e-02 4.797903972254879591e+03
4.322061462099714702e-02 4.692329572340689992e+03
4.422894864758816769e-02 4.590752170060381104e+03
4.526080703907068431e-02 4.493328994847759532e+03
4.631673861729242864e-02 4.403560910845597391e+03
4.739730500807784463e-02 4.318256346444431983e+03
4.850308093994387670e-02 4.236751550407917421e+03
4.963465454978523150e-02 4.158906308259696743e+03
5.079262769569053981e-02 4.085535211618263929e+03
5.197761627705723558e-02 4.017227915214682071e+03
5.319025056217418362e-02 3.951258625405479506e+03
5.443117552344681198e-02 3.887280510301679442e+03
5.570105118044350878e-02 3.824934567957369381e+03
5.700055295094449276e-02 3.765022069654117331e+03
5.833037201018145823e-02 3.705617854450658342e+03
5.969121565845768307e-02 3.645702391193290623e+03
6.108380769734466503e-02 3.584808155704582987e+03
6.250888881465604952e-02 3.522592586162730186e+03
6.396721697840199172e-02 3.458726648869903329e+03
6.545956783993543693e-02 3.392113884799986408e+03
6.698673514650317629e-02 3.322443587240963097e+03
6.854953116342150932e-02 3.249500370138597191e+03
7.014878710610215895e-02 3.173212911705095394e+03
7.178535358215605566e-02 3.093774134960795891e+03
7.346010104381263395e-02 3.011488708036643857e+03
7.517392025089317253e-02 2.926729676740129435e+03
7.692772274458531401e-02 2.839936572377860557e+03
7.872244133227143670e-02 2.752309075971904804e+03
8.055903058366725711e-02 2.664479193412500535e+03
8.243846733853543718e-02 2.577191249132068606e+03
8.436175122624475775e-02 2.491169268307703987e+03
8.632990519744949964e-02 2.407979197350014147e+03
8.834397606817404047e-02 2.328821783441420394e+03
9.040503507659004845e-02 2.253550004073394120e+03
9.251417845278328556e-02 2.182707463474087035e+03
9.467252800181388817e-02 2.116778679050710252e+03
9.688123170037812870e-02 2.057431668398678994e+03
9.914146430739147198e-02 2.003015222306153191e+03
1.014544279888157652e-01 1.953195766074990843e+03
1.038213529570635035e-01 1.907540506817890218e+03
1.062434981253197602e-01 1.865415883603398470e+03
1.087221517771300300e-01 1.825848241523903880e+03
1.112586322516074810e-01 1.787910446483978831e+03
1.138542886446278907e-01 1.750909497474681984e+03
1.165105015263836613e-01 1.714058901133302015e+03
1.192286836756759894e-01 1.676879725946757389e+03
1.220102808313403425e-01 1.639220338529182072e+03
1.248567724612024976e-01 1.600945697676023656e+03
1.277696725489722018e-01 1.561972889637255548e+03
1.307505303994973556e-01 1.522550737117611334e+03
1.338009314628032798e-01 1.483069906461976416e+03
1.369224981773583538e-01 1.443984501632753563e+03
1.401168908330103213e-01 1.405929412122095528e+03
1.433858084540571565e-01 1.369716057497407519e+03
1.467309897029200061e-01 1.336203755080000292e+03
1.501542138048964081e-01 1.305028240941008107e+03
1.536573014944900839e-01 1.274427184983335565e+03
1.572421159838189308e-01 1.242491402338305761e+03
1.609105639536131949e-01 1.209537954849093467e+03
1.646645965673362300e-01 1.177813865830320537e+03
1.685062105089633055e-01 1.149425312965054900e+03
1.724374490449732122e-01 1.124025259660812480e+03
1.764604031111129956e-01 1.100278848967722070e+03
1.805772124245197952e-01 1.077028779665259663e+03
1.847900666217884569e-01 1.053521112625451678e+03
1.891012064235868539e-01 1.029419822869021118e+03
1.935129248264451096e-01 1.006661177745470468e+03
1.980275683223490513e-01 9.877424135582627969e+02
2.026475381467831571e-01 9.705735878565312760e+02
2.073752915558944032e-01 9.497193429859847811e+02
2.122133431334496667e-01 9.250810767014744442e+02
2.171642661282869036e-01 9.027992705792427159e+02
2.222306938229647866e-01 8.845194483020752614e+02
2.274153209343465765e-01 8.653325729877084314e+02
2.327209050468597995e-01 8.450764136006110903e+02
2.381502680791894033e-01 8.297716643534539571e+02
2.437062977851931211e-01 8.179218153903152597e+02
2.493919492898330481e-01 8.016136976349030192e+02
2.552102466609360021e-01 7.817957222119370044e+02
2.611642845176273542e-01 7.635477275962931571e+02
2.672572296762898425e-01 7.482825605971186178e+02
2.734923228349173674e-01 7.348646274175657709e+02
2.798728802967700435e-01 7.200379671303421674e+02
2.864022957342391984e-01 7.047982386515245707e+02
2.930840419938659513e-01 6.914213825468806363e+02
2.999216729434655559e-01 6.792825697435437178e+02
3.069188253623497675e-01 6.663203624638143765e+02
3.140792208756485460e-01 6.521763151004741985e+02
3.214066679337534982e-01 6.400399483633862019e+02
3.289050638379471536e-01 6.268947985507631984e+02
3.365783968132902704e-01 6.123409455021566146e+02
3.444307481298635731e-01 6.000115378782567177e+02
3.524662942735044546e-01 5.899271490249500403e+02
3.606893091671826701e-01 5.795077803726344428e+02
3.691041664442051284e-01 5.677441227991976120e+02
3.777153417744466557e-01 5.563718285136736768e+02
3.865274152448588407e-01 5.438825389178164187e+02
3.955450737955154006e-01 5.288027532694029560e+02
4.047731137124839229e-01 5.209724922558974640e+02
4.142164431788625256e-01 5.102567944069062946e+02
4.238800848853329639e-01 5.030186187125533479e+02
4.337691787016094147e-01 4.894055877625905282e+02
4.438889844102211213e-01 4.815275081184263399e+02
4.542448845040683025e-01 4.674519793301558366e+02
4.648423870492506271e-01 4.559119247790031295e+02
4.756871286146758249e-01 4.457995532635733866e+02
4.867848772700245075e-01 4.336905955508034936e+02
4.981415356536570416e-01 4.261701490720486731e+02
5.097631441120862306e-01 4.157299410962734214e+02
5.216558839127015679e-01 4.050905545839147521e+02
5.338260805314477553e-01 3.966874023841258463e+02
5.462802070171937086e-01 3.880105434018688015e+02
5.590248874346031016e-01 3.746699645370282497e+02
5.720669003873211089e-01 3.666155326109581551e+02
5.854131826233621716e-01 3.567830429784301600e+02
5.990708327246012654e-01 3.476331873629014808e+02
6.130471148823500860e-01 3.378618772915426689e+02
6.273494627610176622e-01 3.264308861781719884e+02
6.419854834518992082e-01 3.176476624871993977e+02
6.569629615192169592e-01 3.056412207908201708e+02
6.722898631405560543e-01 3.031910432225641330e+02
6.879743403438838278e-01 2.877691796203995409e+02
7.040247353434304634e-01 2.810445828407343356e+02
7.204495849767266202e-01 2.723899951806408239e+02
7.372576252451427115e-01 2.574773239897103849e+02
7.544577959603738782e-01 2.498607526808815464e+02
7.720592454993182585e-01 2.403447725130202173e+02
7.900713356698951806e-01 2.297154672941956903e+02
8.085036466903670060e-01 2.177495974168877240e+02
8.273659822848425938e-01 2.118105467794116521e+02
8.466683748976587820e-01 2.016234986281829720e+02
8.664210910293974610e-01 1.911241581193375225e+02
8.866346366974072746e-01 1.799390134813795328e+02
9.073197630237190836e-01 1.694536263988140092e+02
9.284874719533106058e-01 1.589637355186704610e+02
9.501490221057966590e-01 1.524013249905701173e+02
9.723159347636266547e-01 1.410036644019097025e+02
9.949999999999999956e-01 1.316020431999999971e+02
