  0.5000022E-02  0.1247506E+05  0.1247506E+05  0.1247506E+05  0.1247506E+05  0.1247506E+05  0.1247506E+05  0.1247506E+05  0.1247506E+05  0.1247506E+05  0.1247506E+05  0.1247506E+05  0.1738898E+04
  0.1500002E-01  0.1657172E+05  0.1657172E+05  0.1657172E+05  0.1657172E+05  0.1657172E+05  0.1657172E+05  0.1657172E+05  0.1657172E+05  0.1657172E+05  0.1657172E+05  0.1657172E+05  0.1168358E+04
  0.2500002E-01  0.1443341E+05  0.1443341E+05  0.1443341E+05  0.1443341E+05  0.1443341E+05  0.1443341E+05  0.1443341E+05  0.1443341E+05  0.1443341E+05  0.1443341E+05  0.1443341E+05  0.4988288E+03
  0.3500002E-01  0.1101126E+05  0.1101126E+05  0.1101126E+05  0.1101126E+05  0.1101126E+05  0.1101126E+05  0.1101126E+05  0.1101126E+05  0.1101126E+05  0.1101126E+05  0.1101126E+05  0.2863235E+03
  0.4500002E-01  0.8525671E+04  0.8525671E+04  0.8525671E+04  0.8525671E+04  0.8525671E+04  0.8525671E+04  0.8525671E+04  0.8525671E+04  0.8525671E+04  0.8525671E+04  0.8525671E+04  0.1732931E+03
  0.5500002E-01  0.7188003E+04  0.7188003E+04  0.7188003E+04  0.7188003E+04  0.7188003E+04  0.7188003E+04  0.7188003E+04  0.7188003E+04  0.7188003E+04  0.7188003E+04  0.7188003E+04  0.1209505E+03
  0.6500002E-01  0.6420130E+04  0.6420130E+04  0.6420130E+04  0.6420130E+04  0.6420130E+04  0.6420130E+04  0.6420130E+04  0.6420130E+04  0.6420130E+04  0.6420130E+04  0.6420130E+04  0.8801740E+02
  0.7500002E-01  0.5421373E+04  0.5421373E+04  0.5421373E+04  0.5421373E+04  0.5421373E+04  0.5421373E+04  0.5421373E+04  0.5421373E+04  0.5421373E+04  0.5421373E+04  0.5421373E+04  0.6441829E+02
  0.8500002E-01  0.4400396E+04  0.4400396E+04  0.4400396E+04  0.4400396E+04  0.4400396E+04  0.4400396E+04  0.4400396E+04  0.4400396E+04  0.4400396E+04  0.4400396E+04  0.4400396E+04  0.4761586E+02
  0.9500002E-01  0.3590987E+04  0.3590987E+04  0.3590987E+04  0.3590987E+04  0.3590987E+04  0.3590987E+04  0.3590987E+04  0.3590987E+04  0.3590987E+04  0.3590987E+04  0.3590987E+04  0.3940823E+02
  0.1050000E+00  0.3140529E+04  0.3140529E+04  0.3140529E+04  0.3140529E+04  0.3140529E+04  0.3140529E+04  0.3140529E+04  0.3140529E+04  0.3140529E+04  0.3140529E+04  0.3140529E+04  0.3046685E+02
  0.1150000E+00  0.2850837E+04  0.2850837E+04  0.2850837E+04  0.2850837E+04  0.2850837E+04  0.2850837E+04  0.2850837E+04  0.2850837E+04  0.2850837E+04  0.2850837E+04  0.2850837E+04  0.2343980E+02
  0.1250000E+00  0.2625749E+04  0.2625749E+04  0.2625749E+04  0.2625749E+04  0.2625749E+04  0.2625749E+04  0.2625749E+04  0.2625749E+04  0.2625749E+04  0.2625749E+04  0.2625749E+04  0.2052401E+02
  0.1350000E+00  0.2340916E+04  0.2340916E+04  0.2340916E+04  0.2340916E+04  0.2340916E+04  0.2340916E+04  0.2340916E+04  0.2340916E+04  0.2340916E+04  0.2340916E+04  0.2340916E+04  0.1740969E+02
  0.1450000E+00  0.2041819E+04  0.2041819E+04  0.2041819E+04  0.2041819E+04  0.2041819E+04  0.2041819E+04  0.2041819E+04  0.2041819E+04  0.2041819E+04  0.2041819E+04  0.2041819E+04  0.1315895E+02
  0.1550000E+00  0.1808883E+04  0.1808883E+04  0.1808883E+04  0.1808883E+04  0.1808883E+04  0.1808883E+04  0.1808883E+04  0.1808883E+04  0.1808883E+04  0.1808883E+04  0.1808883E+04  0.1044273E+02
  0.1650000E+00  0.1646571E+04  0.1646571E+04  0.1646571E+04  0.1646571E+04  0.1646571E+04  0.1646571E+04  0.1646571E+04  0.1646571E+04  0.1646571E+04  0.1646571E+04  0.1646571E+04  0.8977348E+01
  0.1750000E+00  0.1525995E+04  0.1525995E+04  0.1525995E+04  0.1525995E+04  0.1525995E+04  0.1525995E+04  0.1525995E+04  0.1525995E+04  0.1525995E+04  0.1525995E+04  0.1525995E+04  0.8357846E+01
  0.1850000E+00  0.1426168E+04  0.1426168E+04  0.1426168E+04  0.1426168E+04  0.1426168E+04  0.1426168E+04  0.1426168E+04  0.1426168E+04  0.1426168E+04  0.1426168E+04  0.1426168E+04  0.8040535E+01
  0.1950000E+00  0.1317528E+04  0.1317528E+04  0.1317528E+04  0.1317528E+04  0.1317528E+04  0.1317528E+04  0.1317528E+04  0.1317528E+04  0.1317528E+04  0.1317528E+04  0.1317528E+04  0.6565020E+01
  0.2050000E+00  0.1216120E+04  0.1216120E+04  0.1216120E+04  0.1216120E+04  0.1216120E+04  0.1216120E+04  0.1216120E+04  0.1216120E+04  0.1216120E+04  0.1216120E+04  0.1216120E+04  0.5560573E+01
  0.2150000E+00  0.1120869E+04  0.1120869E+04  0.1120869E+04  0.1120869E+04  0.1120869E+04  0.1120869E+04  0.1120869E+04  0.1120869E+04  0.1120869E+04  0.1120869E+04  0.1120869E+04  0.4847923E+01
  0.2250000E+00  0.1043836E+04  0.1043836E+04  0.1043836E+04  0.1043836E+04  0.1043836E+04  0.1043836E+04  0.1043836E+04  0.1043836E+04  0.1043836E+04  0.1043836E+04  0.1043836E+04  0.4139026E+01
  0.2350000E+00  0.9850001E+03  0.9850001E+03  0.9850001E+03  0.9850001E+03  0.9850001E+03  0.9850001E+03  0.9850001E+03  0.9850001E+03  0.9850001E+03  0.9850001E+03  0.9850001E+03  0.3801932E+01
  0.2450000E+00  0.9308408E+03  0.9308408E+03  0.9308408E+03  0.9308408E+03  0.9308408E+03  0.9308408E+03  0.9308408E+03  0.9308408E+03  0.9308408E+03  0.9308408E+03  0.9308408E+03  0.3474578E+01
  0.2550000E+00  0.8772329E+03  0.8772329E+03  0.8772329E+03  0.8772329E+03  0.8772329E+03  0.8772329E+03  0.8772329E+03  0.8772329E+03  0.8772329E+03  0.8772329E+03  0.8772329E+03  0.3524791E+01
  0.2650000E+00  0.8277254E+03  0.8277254E+03  0.8277254E+03  0.8277254E+03  0.8277254E+03  0.8277254E+03  0.8277254E+03  0.8277254E+03  0.8277254E+03  0.8277254E+03  0.8277254E+03  0.2835327E+01
  0.2750000E+00  0.7824023E+03  0.7824023E+03  0.7824023E+03  0.7824023E+03  0.7824023E+03  0.7824023E+03  0.7824023E+03  0.7824023E+03  0.7824023E+03  0.7824023E+03  0.7824023E+03  0.2514800E+01
  0.2850000E+00  0.7410948E+03  0.7410948E+03  0.7410948E+03  0.7410948E+03  0.7410948E+03  0.7410948E+03  0.7410948E+03  0.7410948E+03  0.7410948E+03  0.7410948E+03  0.7410948E+03  0.2252730E+01
  0.2950000E+00  0.7066665E+03  0.7066665E+03  0.7066665E+03  0.7066665E+03  0.7066665E+03  0.7066665E+03  0.7066665E+03  0.7066665E+03  0.7066665E+03  0.7066665E+03  0.7066665E+03  0.2350004E+01
  0.3050000E+00  0.6741018E+03  0.6741018E+03  0.6741018E+03  0.6741018E+03  0.6741018E+03  0.6741018E+03  0.6741018E+03  0.6741018E+03  0.6741018E+03  0.6741018E+03  0.6741018E+03  0.2136318E+01
  0.3150000E+00  0.6439019E+03  0.6439019E+03  0.6439019E+03  0.6439019E+03  0.6439019E+03  0.6439019E+03  0.6439019E+03  0.6439019E+03  0.6439019E+03  0.6439019E+03  0.6439019E+03  0.1984591E+01
  0.3250000E+00  0.6143835E+03  0.6143835E+03  0.6143835E+03  0.6143835E+03  0.6143835E+03  0.6143835E+03  0.6143835E+03  0.6143835E+03  0.6143835E+03  0.6143835E+03  0.6143835E+03  0.2010280E+01
  0.3350000E+00  0.5882104E+03  0.5882104E+03  0.5882104E+03  0.5882104E+03  0.5882104E+03  0.5882104E+03  0.5882104E+03  0.5882104E+03  0.5882104E+03  0.5882104E+03  0.5882104E+03  0.1615671E+01
  0.3450000E+00  0.5667578E+03  0.5667578E+03  0.5667578E+03  0.5667578E+03  0.5667578E+03  0.5667578E+03  0.5667578E+03  0.5667578E+03  0.5667578E+03  0.5667578E+03  0.5667578E+03  0.1653663E+01
  0.3550000E+00  0.5420290E+03  0.5420290E+03  0.5420290E+03  0.5420290E+03  0.5420290E+03  0.5420290E+03  0.5420290E+03  0.5420290E+03  0.5420290E+03  0.5420290E+03  0.5420290E+03  0.1467281E+01
  0.3650000E+00  0.5212836E+03  0.5212836E+03  0.5212836E+03  0.5212836E+03  0.5212836E+03  0.5212836E+03  0.5212836E+03  0.5212836E+03  0.5212836E+03  0.5212836E+03  0.5212836E+03  0.1281728E+01
  0.3750000E+00  0.5031881E+03  0.5031881E+03  0.5031881E+03  0.5031881E+03  0.5031881E+03  0.5031881E+03  0.5031881E+03  0.5031881E+03  0.5031881E+03  0.5031881E+03  0.5031881E+03  0.1183321E+01
  0.3850000E+00  0.4856635E+03  0.4856635E+03  0.4856635E+03  0.4856635E+03  0.4856635E+03  0.4856635E+03  0.4856635E+03  0.4856635E+03  0.4856635E+03  0.4856635E+03  0.4856635E+03  0.1289945E+01
  0.3950000E+00  0.4692309E+03  0.4692309E+03  0.4692309E+03  0.4692309E+03  0.4692309E+03  0.4692309E+03  0.4692309E+03  0.4692309E+03  0.4692309E+03  0.4692309E+03  0.4692309E+03  0.1225515E+01
  0.4050000E+00  0.4531347E+03  0.4531347E+03  0.4531347E+03  0.4531347E+03  0.4531347E+03  0.4531347E+03  0.4531347E+03  0.4531347E+03  0.4531347E+03  0.4531347E+03  0.4531347E+03  0.1116106E+01
  0.4150000E+00  0.4381288E+03  0.4381288E+03  0.4381288E+03  0.4381288E+03  0.4381288E+03  0.4381288E+03  0.4381288E+03  0.4381288E+03  0.4381288E+03  0.4381288E+03  0.4381288E+03  0.9457248E+00
  0.4250000E+00  0.4245824E+03  0.4245824E+03  0.4245824E+03  0.4245824E+03  0.4245824E+03  0.4245824E+03  0.4245824E+03  0.4245824E+03  0.4245824E+03  0.4245824E+03  0.4245824E+03  0.1001274E+01
  0.4350000E+00  0.4116678E+03  0.4116678E+03  0.4116678E+03  0.4116678E+03  0.4116678E+03  0.4116678E+03  0.4116678E+03  0.4116678E+03  0.4116678E+03  0.4116678E+03  0.4116678E+03  0.9492685E+00
  0.4450000E+00  0.3990957E+03  0.3990957E+03  0.3990957E+03  0.3990957E+03  0.3990957E+03  0.3990957E+03  0.3990957E+03  0.3990957E+03  0.3990957E+03  0.3990957E+03  0.3990957E+03  0.9121981E+00
  0.4550000E+00  0.3870556E+03  0.3870556E+03  0.3870556E+03  0.3870556E+03  0.3870556E+03  0.3870556E+03  0.3870556E+03  0.3870556E+03  0.3870556E+03  0.3870556E+03  0.3870556E+03  0.8391533E+00
  0.4650000E+00  0.3763109E+03  0.3763109E+03  0.3763109E+03  0.3763109E+03  0.3763109E+03  0.3763109E+03  0.3763109E+03  0.3763109E+03  0.3763109E+03  0.3763109E+03  0.3763109E+03  0.7291037E+00
  0.4750000E+00  0.3669963E+03  0.3669963E+03  0.3669963E+03  0.3669963E+03  0.3669963E+03  0.3669963E+03  0.3669963E+03  0.3669963E+03  0.3669963E+03  0.3669963E+03  0.3669963E+03  0.6742712E+00
  0.4850000E+00  0.3561398E+03  0.3561398E+03  0.3561398E+03  0.3561398E+03  0.3561398E+03  0.3561398E+03  0.3561398E+03  0.3561398E+03  0.3561398E+03  0.3561398E+03  0.3561398E+03  0.6517725E+00
  0.4950000E+00  0.3478147E+03  0.3478147E+03  0.3478147E+03  0.3478147E+03  0.3478147E+03  0.3478147E+03  0.3478147E+03  0.3478147E+03  0.3478147E+03  0.3478147E+03  0.3478147E+03  0.6810870E+00
  0.5050000E+00  0.3388217E+03  0.3388217E+03  0.3388217E+03  0.3388217E+03  0.3388217E+03  0.3388217E+03  0.3388217E+03  0.3388217E+03  0.3388217E+03  0.3388217E+03  0.3388217E+03  0.6828704E+00
  0.5150000E+00  0.3305897E+03  0.3305897E+03  0.3305897E+03  0.3305897E+03  0.3305897E+03  0.3305897E+03  0.3305897E+03  0.3305897E+03  0.3305897E+03  0.3305897E+03  0.3305897E+03  0.6756252E+00
  0.5250000E+00  0.3218526E+03  0.3218526E+03  0.3218526E+03  0.3218526E+03  0.3218526E+03  0.3218526E+03  0.3218526E+03  0.3218526E+03  0.3218526E+03  0.3218526E+03  0.3218526E+03  0.5919194E+00
  0.5350000E+00  0.3151869E+03  0.3151869E+03  0.3151869E+03  0.3151869E+03  0.3151869E+03  0.3151869E+03  0.3151869E+03  0.3151869E+03  0.3151869E+03  0.3151869E+03  0.3151869E+03  0.6232259E+00
  0.5450000E+00  0.3075110E+03  0.3075110E+03  0.3075110E+03  0.3075110E+03  0.3075110E+03  0.3075110E+03  0.3075110E+03  0.3075110E+03  0.3075110E+03  0.3075110E+03  0.3075110E+03  0.5630409E+00
  0.5550000E+00  0.3009434E+03  0.3009434E+03  0.3009434E+03  0.3009434E+03  0.3009434E+03  0.3009434E+03  0.3009434E+03  0.3009434E+03  0.3009434E+03  0.3009434E+03  0.3009434E+03  0.5792450E+00
  0.5650000E+00  0.2943598E+03  0.2943598E+03  0.2943598E+03  0.2943598E+03  0.2943598E+03  0.2943598E+03  0.2943598E+03  0.2943598E+03  0.2943598E+03  0.2943598E+03  0.2943598E+03  0.5120915E+00
  0.5750000E+00  0.2885581E+03  0.2885581E+03  0.2885581E+03  0.2885581E+03  0.2885581E+03  0.2885581E+03  0.2885581E+03  0.2885581E+03  0.2885581E+03  0.2885581E+03  0.2885581E+03  0.4564416E+00
  0.5850000E+00  0.2815501E+03  0.2815501E+03  0.2815501E+03  0.2815501E+03  0.2815501E+03  0.2815501E+03  0.2815501E+03  0.2815501E+03  0.2815501E+03  0.2815501E+03  0.2815501E+03  0.4538894E+00
  0.5950000E+00  0.2761639E+03  0.2761639E+03  0.2761639E+03  0.2761639E+03  0.2761639E+03  0.2761639E+03  0.2761639E+03  0.2761639E+03  0.2761639E+03  0.2761639E+03  0.2761639E+03  0.4719912E+00
  0.6050000E+00  0.2709742E+03  0.2709742E+03  0.2709742E+03  0.2709742E+03  0.2709742E+03  0.2709742E+03  0.2709742E+03  0.2709742E+03  0.2709742E+03  0.2709742E+03  0.2709742E+03  0.4174349E+00
  0.6150000E+00  0.2651840E+03  0.2651840E+03  0.2651840E+03  0.2651840E+03  0.2651840E+03  0.2651840E+03  0.2651840E+03  0.2651840E+03  0.2651840E+03  0.2651840E+03  0.2651840E+03  0.4436408E+00
  0.6250000E+00  0.2599907E+03  0.2599907E+03  0.2599907E+03  0.2599907E+03  0.2599907E+03  0.2599907E+03  0.2599907E+03  0.2599907E+03  0.2599907E+03  0.2599907E+03  0.2599907E+03  0.4111496E+00
  0.6350000E+00  0.2555323E+03  0.2555323E+03  0.2555323E+03  0.2555323E+03  0.2555323E+03  0.2555323E+03  0.2555323E+03  0.2555323E+03  0.2555323E+03  0.2555323E+03  0.2555323E+03  0.4060180E+00
  0.6450000E+00  0.2513397E+03  0.2513397E+03  0.2513397E+03  0.2513397E+03  0.2513397E+03  0.2513397E+03  0.2513397E+03  0.2513397E+03  0.2513397E+03  0.2513397E+03  0.2513397E+03  0.3599110E+00
  0.6550000E+00  0.2462622E+03  0.2462622E+03  0.2462622E+03  0.2462622E+03  0.2462622E+03  0.2462622E+03  0.2462622E+03  0.2462622E+03  0.2462622E+03  0.2462622E+03  0.2462622E+03  0.3802389E+00
  0.6650000E+00  0.2418838E+03  0.2418838E+03  0.2418838E+03  0.2418838E+03  0.2418838E+03  0.2418838E+03  0.2418838E+03  0.2418838E+03  0.2418838E+03  0.2418838E+03  0.2418838E+03  0.3993346E+00
  0.6750000E+00  0.2369479E+03  0.2369479E+03  0.2369479E+03  0.2369479E+03  0.2369479E+03  0.2369479E+03  0.2369479E+03  0.2369479E+03  0.2369479E+03  0.2369479E+03  0.2369479E+03  0.3674644E+00
  0.6850000E+00  0.2333718E+03  0.2333718E+03  0.2333718E+03  0.2333718E+03  0.2333718E+03  0.2333718E+03  0.2333718E+03  0.2333718E+03  0.2333718E+03  0.2333718E+03  0.2333718E+03  0.3059028E+00
  0.6950000E+00  0.2293383E+03  0.2293383E+03  0.2293383E+03  0.2293383E+03  0.2293383E+03  0.2293383E+03  0.2293383E+03  0.2293383E+03  0.2293383E+03  0.2293383E+03  0.2293383E+03  0.3491705E+00
  0.7050000E+00  0.2257162E+03  0.2257162E+03  0.2257162E+03  0.2257162E+03  0.2257162E+03  0.2257162E+03  0.2257162E+03  0.2257162E+03  0.2257162E+03  0.2257162E+03  0.2257162E+03  0.3405712E+00
  0.7150000E+00  0.2219977E+03  0.2219977E+03  0.2219977E+03  0.2219977E+03  0.2219977E+03  0.2219977E+03  0.2219977E+03  0.2219977E+03  0.2219977E+03  0.2219977E+03  0.2219977E+03  0.2872040E+00
  0.7250000E+00  0.2180557E+03  0.2180557E+03  0.2180557E+03  0.2180557E+03  0.2180557E+03  0.2180557E+03  0.2180557E+03  0.2180557E+03  0.2180557E+03  0.2180557E+03  0.2180557E+03  0.2994399E+00
  0.7350000E+00  0.2150678E+03  0.2150678E+03  0.2150678E+03  0.2150678E+03  0.2150678E+03  0.2150678E+03  0.2150678E+03  0.2150678E+03  0.2150678E+03  0.2150678E+03  0.2150678E+03  0.3034989E+00
  0.7450000E+00  0.2116021E+03  0.2116021E+03  0.2116021E+03  0.2116021E+03  0.2116021E+03  0.2116021E+03  0.2116021E+03  0.2116021E+03  0.2116021E+03  0.2116021E+03  0.2116021E+03  0.2951025E+00
  0.7550000E+00  0.2083535E+03  0.2083535E+03  0.2083535E+03  0.2083535E+03  0.2083535E+03  0.2083535E+03  0.2083535E+03  0.2083535E+03  0.2083535E+03  0.2083535E+03  0.2083535E+03  0.2802877E+00
  0.7650000E+00  0.2053440E+03  0.2053440E+03  0.2053440E+03  0.2053440E+03  0.2053440E+03  0.2053440E+03  0.2053440E+03  0.2053440E+03  0.2053440E+03  0.2053440E+03  0.2053440E+03  0.2676188E+00
  0.7750000E+00  0.2024252E+03  0.2024252E+03  0.2024252E+03  0.2024252E+03  0.2024252E+03  0.2024252E+03  0.2024252E+03  0.2024252E+03  0.2024252E+03  0.2024252E+03  0.2024252E+03  0.2719890E+00
  0.7850000E+00  0.1990786E+03  0.1990786E+03  0.1990786E+03  0.1990786E+03  0.1990786E+03  0.1990786E+03  0.1990786E+03  0.1990786E+03  0.1990786E+03  0.1990786E+03  0.1990786E+03  0.2752065E+00
  0.7950000E+00  0.1961112E+03  0.1961112E+03  0.1961112E+03  0.1961112E+03  0.1961112E+03  0.1961112E+03  0.1961112E+03  0.1961112E+03  0.1961112E+03  0.1961112E+03  0.1961112E+03  0.2666045E+00
  0.8050000E+00  0.1938819E+03  0.1938819E+03  0.1938819E+03  0.1938819E+03  0.1938819E+03  0.1938819E+03  0.1938819E+03  0.1938819E+03  0.1938819E+03  0.1938819E+03  0.1938819E+03  0.2513491E+00
  0.8150000E+00  0.1914197E+03  0.1914197E+03  0.1914197E+03  0.1914197E+03  0.1914197E+03  0.1914197E+03  0.1914197E+03  0.1914197E+03  0.1914197E+03  0.1914197E+03  0.1914197E+03  0.2412752E+00
  0.8250000E+00  0.1886292E+03  0.1886292E+03  0.1886292E+03  0.1886292E+03  0.1886292E+03  0.1886292E+03  0.1886292E+03  0.1886292E+03  0.1886292E+03  0.1886292E+03  0.1886292E+03  0.2637085E+00
  0.8350000E+00  0.1860403E+03  0.1860403E+03  0.1860403E+03  0.1860403E+03  0.1860403E+03  0.1860403E+03  0.1860403E+03  0.1860403E+03  0.1860403E+03  0.1860403E+03  0.1860403E+03  0.2237623E+00
  0.8450000E+00  0.1833648E+03  0.1833648E+03  0.1833648E+03  0.1833648E+03  0.1833648E+03  0.1833648E+03  0.1833648E+03  0.1833648E+03  0.1833648E+03  0.1833648E+03  0.1833648E+03  0.2494231E+00
  0.8550000E+00  0.1813870E+03  0.1813870E+03  0.1813870E+03  0.1813870E+03  0.1813870E+03  0.1813870E+03  0.1813870E+03  0.1813870E+03  0.1813870E+03  0.1813870E+03  0.1813870E+03  0.2180004E+00
  0.8650000E+00  0.1786348E+03  0.1786348E+03  0.1786348E+03  0.1786348E+03  0.1786348E+03  0.1786348E+03  0.1786348E+03  0.1786348E+03  0.1786348E+03  0.1786348E+03  0.1786348E+03  0.2098337E+00
  0.8750000E+00  0.1760670E+03  0.1760670E+03  0.1760670E+03  0.1760670E+03  0.1760670E+03  0.1760670E+03  0.1760670E+03  0.1760670E+03  0.1760670E+03  0.1760670E+03  0.1760670E+03  0.2145053E+00
  0.8850000E+00  0.1742407E+03  0.1742407E+03  0.1742407E+03  0.1742407E+03  0.1742407E+03  0.1742407E+03  0.1742407E+03  0.1742407E+03  0.1742407E+03  0.1742407E+03  0.1742407E+03  0.2104267E+00
  0.8950000E+00  0.1720615E+03  0.1720615E+03  0.1720615E+03  0.1720615E+03  0.1720615E+03  0.1720615E+03  0.1720615E+03  0.1720615E+03  0.1720615E+03  0.1720615E+03  0.1720615E+03  0.2246980E+00
  0.9050000E+00  0.1697346E+03  0.1697346E+03  0.1697346E+03  0.1697346E+03  0.1697346E+03  0.1697346E+03  0.1697346E+03  0.1697346E+03  0.1697346E+03  0.1697346E+03  0.1697346E+03  0.2234277E+00
  0.9150000E+00  0.1681612E+03  0.1681612E+03  0.1681612E+03  0.1681612E+03  0.1681612E+03  0.1681612E+03  0.1681612E+03  0.1681612E+03  0.1681612E+03  0.1681612E+03  0.1681612E+03  0.1937248E+00
  0.9250000E+00  0.1657070E+03  0.1657070E+03  0.1657070E+03  0.1657070E+03  0.1657070E+03  0.1657070E+03  0.1657070E+03  0.1657070E+03  0.1657070E+03  0.1657070E+03  0.1657070E+03  0.1924718E+00
  0.9350000E+00  0.1637497E+03  0.1637497E+03  0.1637497E+03  0.1637497E+03  0.1637497E+03  0.1637497E+03  0.1637497E+03  0.1637497E+03  0.1637497E+03  0.1637497E+03  0.1637497E+03  0.1898121E+00
  0.9450000E+00  0.1619032E+03  0.1619032E+03  0.1619032E+03  0.1619032E+03  0.1619032E+03  0.1619032E+03  0.1619032E+03  0.1619032E+03  0.1619032E+03  0.1619032E+03  0.1619032E+03  0.1764015E+00
  0.9550000E+00  0.1600056E+03  0.1600056E+03  0.1600056E+03  0.1600056E+03  0.1600056E+03  0.1600056E+03  0.1600056E+03  0.1600056E+03  0.1600056E+03  0.1600056E+03  0.1600056E+03  0.2034925E+00
  0.9650000E+00  0.1582681E+03  0.1582681E+03  0.1582681E+03  0.1582681E+03  0.1582681E+03  0.1582681E+03  0.1582681E+03  0.1582681E+03  0.1582681E+03  0.1582681E+03  0.1582681E+03  0.1754139E+00
  0.9750000E+00  0.1562393E+03  0.1562393E+03  0.1562393E+03  0.1562393E+03  0.1562393E+03  0.1562393E+03  0.1562393E+03  0.1562393E+03  0.1562393E+03  0.1562393E+03  0.1562393E+03  0.1877047E+00
  0.9850000E+00  0.1547352E+03  0.1547352E+03  0.1547352E+03  0.1547352E+03  0.1547352E+03  0.1547352E+03  0.1547352E+03  0.1547352E+03  0.1547352E+03  0.1547352E+03  0.1547352E+03  0.1756801E+00
  0.9950000E+00  0.1528583E+03  0.1528583E+03  0.1528583E+03  0.1528583E+03  0.1528583E+03  0.1528583E+03  0.1528583E+03  0.1528583E+03  0.1528583E+03  0.1528583E+03  0.1528583E+03  0.1706118E+00
