9.999999999999999547e-07 6.377041957193169353e+00
1.028062896708320958e-06 6.548745804557684735e+00
1.056913319588303903e-06 6.725072846855404407e+00
1.086573368905558963e-06 6.906147565420214463e+00
1.117065765123167987e-06 7.092097793288494323e+00
1.148413866306221038e-06 7.283054805449299174e+00
1.180641686014776057e-06 7.479153411515680361e+00
1.213773911698949190e-06 7.680532050898275287e+00
1.247835923610211339e-06 7.887332890536656649e+00
1.282853814243417146e-06 8.099701925264591651e+00
1.318854408324405767e-06 8.317789080877428631e+00
1.355865283358527202e-06 8.541748319972347403e+00
1.393914790755815947e-06 8.771737750641795728e+00
1.433032077548997290e-06 9.007919738092324380e+00
1.473247108720965359e-06 9.250461019265122431e+00
1.514590690158834321e-06 9.499532820548109768e+00
1.557094492252146268e-06 9.755310978654888387e+00
1.600791074153313606e-06 1.001797606475663649e+01
1.645713908718880276e-06 1.028771351196085426e+01
1.691897408150705343e-06 1.056471374621593817e+01
1.739376950356714640e-06 1.084917232074682936e+01
1.788188906051409476e-06 1.114129005410483053e+01
1.838370666616899334e-06 1.144127317193979820e+01
1.889960672745776478e-06 1.174933345258270201e+01
1.942998443887830115e-06 1.206568837655474091e+01
1.997524608523082492e-06 1.239056128009677593e+01
2.053580935284395229e-06 1.272418151283550714e+01
2.111210364953458521e-06 1.306678459969178085e+01
2.170457043354683971e-06 1.341861240715206804e+01
2.231366355172194137e-06 1.377991331401316089e+01
2.293984958715813823e-06 1.415094238672394766e+01
2.358360821662697630e-06 1.453196155945152590e+01
2.424543257801969034e-06 1.492323981899183138e+01
2.492582964810521700e-06 1.532505339465865291e+01
2.562532063088919802e-06 1.573768595328925812e+01
2.634444135687144721e-06 1.616142879949368449e+01
2.708374269350775322e-06 1.659658108130242127e+01
2.784379096719045798e-06 1.704345000134309984e+01
2.862516839707080559e-06 1.750235103371196743e+01
2.942847354105609816e-06 1.797360814667371542e+01
3.025432175432230969e-06 1.845755403136560346e+01
3.110334566069416387e-06 1.895453033665300424e+01
3.197619563725343130e-06 1.946488791031359966e+01
3.287354031254673449e-06 1.998898704670651227e+01
3.379606707877455920e-06 2.052719774111689688e+01
3.474448261835369917e-06 2.107989995094528979e+01
3.571951344525660982e-06 2.164748386392582447e+01
3.672190646154232758e-06 2.223035017356849963e+01
3.775242952950521563e-06 2.282891036201618462e+01
3.881187205987988825e-06 2.344358699051438322e+01
3.990104561655294390e-06 2.407481399770310659e+01
4.102078453824427070e-06 2.472303700593717224e+01
4.217194657763531206e-06 2.538871363585025520e+01
4.335541355843231908e-06 2.607231382939450270e+01
4.457209205086914588e-06 2.677432018156573079e+01
4.582291406616646448e-06 2.749522828106770334e+01
4.710883777047956455e-06 2.823554706013923621e+01
4.843084821888157401e-06 2.899579915380235207e+01
4.978995810994442029e-06 2.977652126878084360e+01
5.118720856149542040e-06 3.057826456234266033e+01
5.262366990814394768e-06 3.140159503135008379e+01
5.410044252118897051e-06 3.224709391177098183e+01
5.561865765153555496e-06 3.311535808895008870e+01
5.717947829626605849e-06 3.400700051891948306e+01
5.878410008952985973e-06 3.492265066105109383e+01
6.043375221843405347e-06 3.586295492234958715e+01
6.212969836463623392e-06 3.682857711370683518e+01
6.387323767236215628e-06 3.782019891843211923e+01
6.566570574358769415e-06 3.883852037339212160e+01
6.750847566114899789e-06 3.988426036310045930e+01
6.940295904056402051e-06 4.095815712710207634e+01
7.135060711137120214e-06 4.206096878100904490e+01
7.335291182881360103e-06 4.319347385156086006e+01
7.541140701672017137e-06 4.435647182607765160e+01
7.752766954245954545e-06 4.555078371669942072e+01
7.970332052486641988e-06 4.677725263980598669e+01
8.194002657606595474e-06 4.803674441102607062e+01
8.423950107814716636e-06 4.933014815625158889e+01
8.660350549566388269e-06 5.065837693909430328e+01
8.903385072496702044e-06 5.202236840521391059e+01
9.153239848140602819e-06 5.342308544398616021e+01
9.410106272545459364e-06 5.486151686796072369e+01
9.674181112886226584e-06 5.633867811059960218e+01
9.945666658194741649e-06 5.785561194277602226e+01
1.022477087431905183e-05 5.941338810159598438e+01
1.051170756323131633e-05 6.101310729886279915e+01
1.080669652680635304e-05 6.265589905822354666e+01
1.110996373519629119e-05 6.434292296186866622e+01
1.142174149993029558e-05 6.607536980178517183e+01
1.174226865187198410e-05 6.785446241943458290e+01
1.207179072417082283e-05 6.968145656800595589e+01
1.241056014034771979e-05 7.155764179796999258e+01
1.275883640765867756e-05 7.348434237976178451e+01
1.311688631588519449e-05 7.546291827775885963e+01
1.348498414170264223e-05 7.749476613747781073e+01
1.386341185878461820e-05 7.958132021394197864e+01
1.425245935380260327e-05 8.172405337320847707e+01
1.465242464848790891e-05 8.392447807449414654e+01
1.506361412792488139e-05 8.618414761984043082e+01
1.548634277525084131e-05 8.850465706444050795e+01
1.592093441294235994e-05 9.088764440317434889e+01
1.636772195087271182e-05 9.333479167843000823e+01
1.682704764133057104e-05 9.584782614708666415e+01
1.729926334119522629e-05 9.842852153605807075e+01
1.778473078146923075e-05 1.010786993100812907e+02
1.828382184437490039e-05 1.038002299574222604e+02
1.879691884822697450e-05 1.065950343088766772e+02
1.932441484029941731e-05 1.094650848922449171e+02
1.986671389791152582e-05 1.124124073225319194e+02
2.042423143796238152e-05 1.154390817222498811e+02
2.099739453515276334e-05 1.185472441674398283e+02
2.158664224913661749e-05 1.217390881992624116e+02
2.219242596085361572e-05 1.250168663650667611e+02
2.281520971830011351e-05 1.283828916841267187e+02
2.345547059200345016e-05 1.318395397515697880e+02
2.411369904047190149e-05 1.353892499235211062e+02
2.479039928590020259e-05 1.390345271973093872e+02
2.548608970041845560e-05 1.427779439569993940e+02
2.620130320318030118e-05 1.466221416791378829e+02
2.693658766859454714e-05 1.505698328211621799e+02
2.769250634601294809e-05 1.546238027858109376e+02
2.846963829119569363e-05 1.587869119019968309e+02
2.926857880988471757e-05 1.630620974388241393e+02
3.008993991382592482e-05 1.674523756736284383e+02
3.093435078958720296e-05 1.719608440155246285e+02
3.180245828053436205e-05 1.765906831716697809e+02
3.269492738233168344e-05 1.813451593118779215e+02
3.361244175234811031e-05 1.862276262281295942e+02
3.455570423335871144e-05 1.912415276874548624e+02
3.552543739194274279e-05 1.963903996922225872e+02
3.652238407199075734e-05 2.016778743579687898e+02
3.754730796374465952e-05 2.071076809043060507e+02
3.860099418880674288e-05 2.126836488051943093e+02
3.968424990156572393e-05 2.184097104792737127e+02
4.079790490750064604e-05 2.242899038637413014e+02
4.194281229883565018e-05 2.303283750129696443e+02
4.311984910803445890e-05 2.365293811671567141e+02
4.432991697963161934e-05 2.428972939020900412e+02
4.557394286091946532e-05 2.494366022183349401e+02
4.685287971201636557e-05 2.561519156894201501e+02
4.816770723586207258e-05 2.630479676942176184e+02
4.951943262869871234e-05 2.701296187312956931e+02
5.090909135161254356e-05 2.774018597281650500e+02
5.233774792372732245e-05 2.848698150082923917e+02
5.380649673765702237e-05 2.925387449089177494e+02
5.531646289784249718e-05 3.004140502356960951e+02
5.686880308241432195e-05 3.085012798527490077e+02
5.846470642924196155e-05 3.168061296957425270e+02
6.010539544684808614e-05 3.253344484732698447e+02
6.179212695088590046e-05 3.340922417522119758e+02
6.352619302689592787e-05 3.430856760477662988e+02
6.530892202008271169e-05 3.523210820189499941e+02
6.714167955286408026e-05 3.618049586473945851e+02
6.902586957097929337e-05 3.715439784122514766e+02
7.096293541895171847e-05 3.815449923856377836e+02
7.295436094573301208e-05 3.918150350010953389e+02
7.500167164137467365e-05 4.023613289377514093e+02
7.710643580559797925e-05 4.131912901337447011e+02
7.927026574915726348e-05 4.243125328588600951e+02
8.149481902891700998e-05 4.357328743478717570e+02
8.378179971758882539e-05 4.474603334337414822e+02
8.613295970910075840e-05 4.595031417466132666e+02
8.855010006059939787e-05 4.718697596460235104e+02
9.103507237211129965e-05 4.845688675530735168e+02
9.358978020492457993e-05 4.976093773772892632e+02
9.621618053976964575e-05 5.110004386432023580e+02
9.891628527592656540e-05 5.247514447771617370e+02
1.016921627723955935e-04 5.388720380880505445e+02
1.045459394323232019e-04 5.533721124591058924e+02
1.074798013318868650e-04 5.682618206481838570e+02
1.104959958948944696e-04 5.835515840687554601e+02
1.135968336143759478e-04 5.992521006134896879e+02
1.167846898224885041e-04 6.153743519014041112e+02
1.200620065100902947e-04 6.319296107118420878e+02
1.234312941973767105e-04 6.489294486025416973e+02
1.268951338570122229e-04 6.663857434011432588e+02
1.304561788912301026e-04 6.843106644010447326e+02
1.341171571644169552e-04 7.027166985786457190e+02
1.378808730927356160e-04 7.216166839575540735e+02
1.417502097923901689e-04 7.410237791730081653e+02
1.457281312881768612e-04 7.609514888960499093e+02
1.498176847840135978e-04 7.814136727580163324e+02
1.540220029971873204e-04 8.024245544989360042e+02
1.583443065581060898e-04 8.239987309036047236e+02
1.627879064773969273e-04 8.461511707729887348e+02
1.673562066822359298e-04 8.688972158579999814e+02
1.720527066238559304e-04 8.922525961472649669e+02
1.768810039582282656e-04 9.162334495421262091e+02
1.818447973019721273e-04 9.408563327313293030e+02
1.869478890656031179e-04 9.661382317213997339e+02
1.921941883662897936e-04 9.920965726196204741e+02
1.975877140223525731e-04 1.018749232553458341e+03
2.031325976317951184e-04 1.046114479623500756e+03
2.088330867372290912e-04 1.074211078520335377e+03
2.146935480796158030e-04 1.103058294604379626e+03
2.207184709433169872e-04 1.132675833671422879e+03
2.269124705950180713e-04 1.163083902646221077e+03
2.332802918191559870e-04 1.194303221708286173e+03
2.398268125525639203e-04 1.226355036666925344e+03
2.465570476211124073e-04 1.259261131610463053e+03
2.534761525812122425e-04 1.293043833647892598e+03
2.605894276691213978e-04 1.327725984346853238e+03
2.679023218610804150e-04 1.363330937484314290e+03
2.754204370473875541e-04 1.399882605632061313e+03
2.831495323236090300e-04 1.437405491036299509e+03
2.910955284022158666e-04 1.475924698993960646e+03
2.992645121480213524e-04 1.515465951455624236e+03
3.076627412408973255e-04 1.556055600888274967e+03
3.162966489693395120e-04 1.597720379715845638e+03
3.251728491585541649e-04 1.640487980972480273e+03
3.342981412368414124e-04 1.684386665186437313e+03
3.436795154441545899e-04 1.729445203209816555e+03
3.533241581868297042e-04 1.775693042701872400e+03
3.632394575425811978e-04 1.823160323384268850e+03
3.734330089199851938e-04 1.871877891057300758e+03
3.839126208767842095e-04 1.921877311813470442e+03
3.946863211014702238e-04 1.973190885794006135e+03
4.057623625627283705e-04 2.025851608921541356e+03
4.171492298314505428e-04 2.079893094875963925e+03
4.288556455801661614e-04 2.135349583714063556e+03
4.408905772648626900e-04 2.192256057939580842e+03
4.532632439943184836e-04 2.250648268846296560e+03
4.659831235922095465e-04 2.310562749451567925e+03
4.790599598573984743e-04 2.372036827485818776e+03
4.925037700279695941e-04 2.435107750735288391e+03
5.063248524547231833e-04 2.499814943496880005e+03
5.205337944900158753e-04 2.566198265906057713e+03
5.351414805979795358e-04 2.634297901351607834e+03
5.501591006923386247e-04 2.704154823147543993e+03
5.655981587082104748e-04 2.775810823773753327e+03
5.814704814144555558e-04 2.849308526057797280e+03
5.977882274733270973e-04 2.924691392794270541e+03
6.145638967543618934e-04 3.002003736178476629e+03
6.318103399096428692e-04 3.081290710554341786e+03
6.495407682177762763e-04 3.162598163870021835e+03
6.677687637041152544e-04 3.245972482142000445e+03
6.865082895449870068e-04 3.331460709643545670e+03
7.057737007638941037e-04 3.419110703901983470e+03
7.255797552278806265e-04 3.508971141269572399e+03
7.459416249524902223e-04 3.601091519413127571e+03
7.668749077239690867e-04 3.695519801970774552e+03
7.883956390476300289e-04 3.792308819189010592e+03
8.105203044315142978e-04 3.891510898234760589e+03
8.332658520147727789e-04 3.993178127771736854e+03
8.566497055504343917e-04 4.097363107604314791e+03
8.806897777525097854e-04 4.204119123350953487e+03
9.054044840176536007e-04 4.313500168502290762e+03
9.308127565318916486e-04 4.425560934666145840e+03
9.569340587732336721e-04 4.540356800637266133e+03
9.837884004212612329e-04 4.657943820181522824e+03
1.011396352685127323e-03 4.778378495695271340e+03
1.039779064061702781e-03 4.901717078626176772e+03
1.068958276535940909e-03 5.028015053498220368e+03
1.098956342235874947e-03 5.157328004261151364e+03
1.129796240554994512e-03 5.289711813709976013e+03
1.161501595755138694e-03 5.425222626178538121e+03
1.194096695063365113e-03 5.563911202013056936e+03
1.227606507276675753e-03 5.705838766434036188e+03
1.262056701888843819e-03 5.851062500600748535e+03
1.297473668753994615e-03 5.999638723720493545e+03
1.333884538302005643e-03 6.151622889722932086e+03
1.371317202321201177e-03 6.307070082852474115e+03
1.409800335324284731e-03 6.466035136139345013e+03
1.449363416513846370e-03 6.628572587067586937e+03
1.490036752364293617e-03 6.794736609618861621e+03
1.531851499837494834e-03 6.964580943604498316e+03
1.574839690249920992e-03 7.138158782922731916e+03
1.619034253809570464e-03 7.315521950303467747e+03
1.664469044841461942e-03 7.496719285741996828e+03
1.711178867721045455e-03 7.681796635908936878e+03
1.759199503535362847e-03 7.870798402140150756e+03
1.808567737492405327e-03 8.063767375421302859e+03
1.859321387099656300e-03 8.260734257214855461e+03
1.911499331133406166e-03 8.461748939985325705e+03
1.965141539421029655e-03 8.666849366466745778e+03
2.020289103459032773e-03 8.876071258048643358e+03
2.076984267890350129e-03 9.089445662732607161e+03
2.135270462864964549e-03 9.306999257654677422e+03
2.195192337308672637e-03 9.528755428934944575e+03
2.256795793125463551e-03 9.754734510214782858e+03
2.320128020359716811e-03 9.984953619409465318e+03
2.385237533345155054e-03 1.021942648423780702e+04
2.452174207868230548e-03 1.045816326390061477e+04
2.520989319374445682e-03 1.070117012620310379e+04
2.591735582246831003e-03 1.094844771967019369e+04
2.664467190186703850e-03 1.119998865559673504e+04
2.739239857727623385e-03 1.145577940288049831e+04
2.816110862914349491e-03 1.171579986683349125e+04
2.895139091179495510e-03 1.198001540484074758e+04
2.976385080451491184e-03 1.224840924664959493e+04
3.059911067528388925e-03 1.252094645153157217e+04
3.145781035753086093e-03 1.279758609151614473e+04
3.234060764026420228e-03 1.307827919017025670e+04
3.324817877195726957e-03 1.336296486504170753e+04
3.418121897857449940e-03 1.365157251803459258e+04
3.514044299613473376e-03 1.394402344596695548e+04
3.612658561821994237e-03 1.424023096909724882e+04
3.714040225884836059e-03 1.454010019976279727e+04
3.818266953114391512e-03 1.484352781464144573e+04
3.925418584224436153e-03 1.515040180953426716e+04
4.035577200490450024e-03 1.546059977163569056e+04
4.148827186626268156e-03 1.577398292462225072e+04
4.265255295425235404e-03 1.609039218530369180e+04
4.384950714215377250e-03 1.640965660716432103e+04
4.508005133179481157e-03 1.673159706593363444e+04
4.634512815592478456e-03 1.705602142620973245e+04
4.764570670029839861e-03 1.738272557658874575e+04
4.898278324602382133e-03 1.771149372168435002e+04
5.035738203274306782e-03 1.804209807871077282e+04
5.177055604322939632e-03 1.837429623559210449e+04
5.322338781000293326e-03 1.870783036745790741e+04
5.471699024458195892e-03 1.904242896503637530e+04
5.625250749000586421e-03 1.937780790262023584e+04
5.783111579728195638e-03 1.971367051241711306e+04
5.945402442642802425e-03 2.004970764147307273e+04
6.112247657280086600e-03 2.038559773547436271e+04
6.283775031942015130e-03 2.072100600849241164e+04
6.460115961601736387e-03 2.105557586879683731e+04
6.641405528555941601e-03 2.138889658152904303e+04
6.827782605901879139e-03 2.172053869400955955e+04
7.019389963918173589e-03 2.205007570528792348e+04
7.216374379431034561e-03 2.237697793775626997e+04
7.418886748249581622e-03 2.270075079692473446e+04
7.627082200756440424e-03 2.302088530900007027e+04
7.841120220742150287e-03 2.333685881261333634e+04
8.061164767574364315e-03 2.364813221609013635e+04
8.287384401795558700e-03 2.395413680684240171e+04
8.519952414245298561e-03 2.425427883221555021e+04
8.759046958806073965e-03 2.454794956986475154e+04
9.004851188874382628e-03 2.483452970121720500e+04
9.257553397661565098e-03 2.511339064841390427e+04
9.517347162431917529e-03 2.538389602983646182e+04
9.784431492788474641e-03 2.564540327211856857e+04
1.005901098312023123e-02 2.589726077373255612e+04
1.034129596932739995e-02 2.613877673280478120e+04
1.063150268994483318e-02 2.636925601342729715e+04
1.092985345178699129e-02 2.658797212277761355e+04
1.123657680024157425e-02 2.679396092854955714e+04
1.155190769434186887e-02 2.698641610773009597e+04
1.187608768675224406e-02 2.716453649323866557e+04
1.220936510880453463e-02 2.732752944467305133e+04
1.255199526072709425e-02 2.747461376132996884e+04
1.290424060721221365e-02 2.760499118823069148e+04
1.326637097847173027e-02 2.771781949762571821e+04
1.363866377693485031e-02 2.781224145073971522e+04
1.402140418974649055e-02 2.788742268238519318e+04
1.441488540722896637e-02 2.794256033827404099e+04
1.481940884747431561e-02 2.797688765023256929e+04
1.523528438723936555e-02 2.798967725405560850e+04
1.566283059932039104e-02 2.798024703776597016e+04
1.610237499658904656e-02 2.794796252271914636e+04
1.655425428287697620e-02 2.789251652721563005e+04
1.701881461090063233e-02 2.781340463634241678e+04
1.749641184742440139e-02 2.770972520351918138e+04
1.798741184586491459e-02 2.758100562987451121e+04
1.849219072654545090e-02 2.742685359637130023e+04
1.901113516481506630e-02 2.724696229903542553e+04
1.954464268725319975e-02 2.704111571261280551e+04
2.009312197618662657e-02 2.680920416583229235e+04
2.065699318275204810e-02 2.655131701934572266e+04
2.123668824874410874e-02 2.626775574527378922e+04
2.183265123749542763e-02 2.595896122570855368e+04
2.244533867404205699e-02 2.562546854333516603e+04
2.307521989483502997e-02 2.526790491191140973e+04
2.372277740726557935e-02 2.488698913010732213e+04
2.438850725928016355e-02 2.448352965070507707e+04
2.507291941936747731e-02 2.405842727919558456e+04
2.577653816720924113e-02 2.361386871237684318e+04
2.649990249529372843e-02 2.315192998761454146e+04
2.724356652179973221e-02 2.267406464253387821e+04
2.800809991506727006e-02 2.218247295388656494e+04
2.879408832998013590e-02 2.167930109768766124e+04
2.960213385659463819e-02 2.116663205226791615e+04
3.043285548135814603e-02 2.064647843247365017e+04
3.128688956127075732e-02 2.012077441261378044e+04
3.216489031135334742e-02 1.959165872200687227e+04
3.306753030579533126e-02 1.906198158870530096e+04
3.399550099316620694e-02 1.853509100854772259e+04
3.494951322608504801e-02 1.801413961389684846e+04
3.593029780575477533e-02 1.750196128261039848e+04
3.693860604177687940e-02 1.700107615681531024e+04
3.797521032767662424e-02 1.651370289235730161e+04
3.904090473257897792e-02 1.604177425806507381e+04
4.013650560948874013e-02 1.558934948814452582e+04
4.126285222064077218e-02 1.515690315423338325e+04
4.242080738039932797e-02 1.474438521630939977e+04
4.361125811619905035e-02 1.435288456481047615e+04
4.483511634803386686e-02 1.398331233126323059e+04
4.609331958701429893e-02 1.363631552648093020e+04
4.738683165352830517e-02 1.331150035443675370e+04
4.871664341555586447e-02 1.300762132157535598e+04
5.008377354770271461e-02 1.272324126726764007e+04
5.148926931153494091e-02 1.245664084922246548e+04
5.293420735781146497e-02 1.220538236597292416e+04
5.441969455123057270e-02 1.196648252153367321e+04
5.594686881832013070e-02 1.173675657232032063e+04
5.751690001912263678e-02 1.151238370114949430e+04
5.913099084334209887e-02 1.128940126163601417e+04
6.079037773163947778e-02 1.106353120636998756e+04
6.249633182278229587e-02 1.083104224129082831e+04
6.425015992737398429e-02 1.058757215341422125e+04
6.605320552890898977e-02 1.032955726330194921e+04
6.790684981292025024e-02 1.005391154698982427e+04
6.981251272500769989e-02 9.759333744115401714e+03
7.177165405855792657e-02 9.445940295727665216e+03
7.378577457298858555e-02 9.114811561534397697e+03
7.585641714337397479e-02 8.768194905449645375e+03
7.798516794233179006e-02 8.409791874422146066e+03
8.017365765507851461e-02 8.044674016707991541e+03
8.242356272858127053e-02 7.678786587109000720e+03
8.473660665576525364e-02 7.318289381274489642e+03
8.711456129575961826e-02 6.969119051874335128e+03
8.955924823119322531e-02 6.636778378645229168e+03
9.207254016358007442e-02 6.326086151836364479e+03
9.465636234786335701e-02 6.041658399306757929e+03
9.731269406721684834e-02 5.790645316589982031e+03
1.000435701492335822e-01 5.574218124935026026e+03
1.028510825246631982e-01 5.388936236575706062e+03
1.057373818298918133e-01 5.224382325325605962e+03
1.087046790543923641e-01 5.069093939037130440e+03
1.117552472344071901e-01 4.921147088190932664e+03
1.148914231941592229e-01 4.783038580468263717e+03
1.181156093359289061e-01 4.656773451640126041e+03
1.214302754803634754e-01 4.534808871368365544e+03
1.248379607584318707e-01 4.404711418429552396e+03
1.283412755564731778e-01 4.254816010911469675e+03
1.319429035158286301e-01 4.086918279054374125e+03
1.356456035885892919e-01 3.908008662130378070e+03
1.394522121510337331e-01 3.725841676060317695e+03
1.433656451763750395e-01 3.548037960670123994e+03
1.473889004684814652e-01 3.382897483090378955e+03
1.515250599582814439e-01 3.233745715115175244e+03
1.557772920646128545e-01 3.099129627733601865e+03
1.601488541213240135e-01 2.977240090531583974e+03
1.646430948724870447e-01 2.866315298422837259e+03
1.692634570376319314e-01 2.764539282330578772e+03
1.740134799489723161e-01 2.671275310572083981e+03
1.788968022626358234e-01 2.585623573003242655e+03
1.839171647459810766e-01 2.501870303919932212e+03
1.890784131431348103e-01 2.412524971959218874e+03
1.943845011209438256e-01 2.320347849139307982e+03
1.998394932975993965e-01 2.232440773499878105e+03
2.054475683562531074e-01 2.146776977530384556e+03
2.112130222460103512e-01 2.059932712386470484e+03
2.171402714727524441e-01 1.977031105535679444e+03
2.232338564823090621e-01 1.902474058967600286e+03
2.294984451385722601e-01 1.835884397297013493e+03
2.359388362992162758e-01 1.774323446495826147e+03
2.425599634917631198e-01 1.714288031884854718e+03
2.493668986928065934e-01 1.654893773202217744e+03
2.563648562132971320e-01 1.596247090177440214e+03
2.635591966928544916e-01 1.539113481275426466e+03
2.709554312061741022e-01 1.484625927643796558e+03
2.785592254846715465e-01 1.432330845126963368e+03
2.863764042565977719e-01 1.382631903842393058e+03
2.944129557089510407e-01 1.336688332510035025e+03
3.026750360746027768e-01 1.292783178925492166e+03
3.111689743481517167e-01 1.249935144429860657e+03
3.199012771341180339e-01 1.206475273463848453e+03
3.288786336311927405e-01 1.164513197807376400e+03
3.381079207563586486e-01 1.128889573770026573e+03
3.475962084128095264e-01 1.094192876429480521e+03
3.573507649057022229e-01 1.055271000801805712e+03
3.673790625098911633e-01 1.022253248765591479e+03
3.776887831939060303e-01 9.901833669475680608e+02
3.882878245045680576e-01 9.598279896795128252e+02
3.991843056167383996e-01 9.290608747039128730e+02
4.103865735528437475e-01 9.006250731005249008e+02
4.219032095769389978e-01 8.734257705465056461e+02
4.337430357682057203e-01 8.479724156186215396e+02
4.459151217789224519e-01 8.220699446479372909e+02
4.584287917820827341e-01 7.966405256225609719e+02
4.712936316139836879e-01 7.746550475143351377e+02
4.845194961172563652e-01 7.519792444841000361e+02
4.981165166899626517e-01 7.296770818143647830e+02
5.120951090465417632e-01 7.080422225164738848e+02
5.264659811965511915e-01 6.887711014270007581e+02
5.412401416473159310e-01 6.696242525925530344e+02
5.564289078367615771e-01 6.513267127003502992e+02
5.720439148029085041e-01 6.334008556821651155e+02
5.880971240966460512e-01 6.155920012933853513e+02
6.046008329446308505e-01 5.987015193116620821e+02
6.215676836693208029e-01 5.823415154974917414e+02
6.390106733733633693e-01 5.670520284961671678e+02
6.569431638957546893e-01 5.513433040146929898e+02
6.753788920473987600e-01 5.358849331651437069e+02
6.943319801339051800e-01 5.224065050715147436e+02
7.138169467736869001e-01 5.086507317088847344e+02
7.338487180196460180e-01 4.948294676748752750e+02
7.544426387929650257e-01 4.817800405190569677e+02
7.756144846377651669e-01 4.693146167943741602e+02
7.973804738056339270e-01 4.564524076042395109e+02
8.197572796792734762e-01 4.443561195918832709e+02
8.427620435448071046e-01 4.324958409777904080e+02
8.664123877224986225e-01 4.208836953903893345e+02
8.907264290659647754e-01 4.094395786774924773e+02
9.157227928402145167e-01 3.984078066285169939e+02
9.414206269891446377e-01 3.878526217709946309e+02
9.678396168034237856e-01 3.771414847009668279e+02
9.949999999999999956e-01 3.665461000000000240e+02
