#   0.1000000E+00   0.3000000E+00   0.5000000E+00   0.7000000E+00   0.9000000E+00
   0.5000022E-02   0.9731710E+05   0.3493487E+05  -0.4096000E+10   0.0000000E+00   0.1136296E+06   0.3822174E+05   0.1019353E+06   0.6101493E+05   0.1243028E+06   0.3872813E+05
   0.1500002E-01   0.1120740E+06   0.2474643E+05   0.1085273E+06   0.2290616E+05   0.1240307E+06   0.3190161E+05   0.1526627E+06   0.3590510E+05   0.1745457E+06   0.2213620E+05
   0.2500002E-01   0.1079536E+06   0.1250643E+05   0.9914975E+05   0.5586979E+04   0.1225419E+06   0.1175776E+05   0.1275388E+06   0.8076904E+04   0.1458180E+06   0.1067423E+05
   0.3500002E-01   0.7459345E+05   0.6092032E+04   0.7898515E+05   0.8054280E+04   0.8758410E+05   0.9107199E+04   0.9854392E+05   0.1069979E+05   0.1076611E+06   0.6239969E+04
   0.4500002E-01   0.5937785E+05   0.3227568E+04   0.6215350E+05   0.4830720E+04   0.6588941E+05   0.5835080E+04   0.7625354E+05   0.7491071E+04   0.8642033E+05   0.7132666E+04
   0.5500002E-01   0.4884959E+05   0.4621508E+04   0.5178045E+05   0.2877515E+04   0.5538302E+05   0.3541980E+04   0.6540690E+05   0.5672045E+04   0.7336389E+05   0.4446620E+04
   0.6500002E-01   0.4489240E+05   0.2716109E+04   0.4815722E+05   0.2527210E+04   0.5068133E+05   0.3127979E+04   0.5656925E+05   0.2096467E+04   0.6642280E+05   0.3064494E+04
   0.7500002E-01   0.3723401E+05   0.1546080E+04   0.3911619E+05   0.1556753E+04   0.4343221E+05   0.2071581E+04   0.4958240E+05   0.2011376E+04   0.5688275E+05   0.3200739E+04
   0.8500002E-01   0.3067584E+05   0.1429715E+04   0.3173904E+05   0.2215667E+04   0.3505684E+05   0.1759796E+04   0.3950753E+05   0.2366269E+04   0.4630140E+05   0.2877212E+04
   0.9500002E-01   0.2484130E+05   0.1754785E+04   0.2630406E+05   0.1587861E+04   0.2829336E+05   0.1100164E+04   0.3287969E+05   0.2191108E+04   0.3909788E+05   0.1283684E+04
   0.1050000E+00   0.2185407E+05   0.1845284E+04   0.2342241E+05   0.1158430E+04   0.2509613E+05   0.1588866E+04   0.2835231E+05   0.1786190E+04   0.3492480E+05   0.1479823E+04
   0.1150000E+00   0.1915478E+05   0.1464528E+04   0.2121595E+05   0.1033405E+04   0.2322415E+05   0.1639088E+04   0.2585666E+05   0.1435987E+04   0.3224186E+05   0.1622244E+04
   0.1250000E+00   0.1873856E+05   0.9091736E+03   0.1949601E+05   0.1149426E+04   0.2044848E+05   0.1377880E+04   0.2441285E+05   0.1302909E+04   0.2910887E+05   0.1653295E+04
   0.1350000E+00   0.1640517E+05   0.1337942E+04   0.1734375E+05   0.8346483E+03   0.1938205E+05   0.8476690E+03   0.2212251E+05   0.9758048E+03   0.2562037E+05   0.1162147E+04
   0.1450000E+00   0.1436050E+05   0.4495282E+03   0.1519630E+05   0.8554073E+03   0.1685058E+05   0.9792343E+03   0.1973316E+05   0.8708733E+03   0.2394770E+05   0.9392848E+03
   0.1550000E+00   0.1259067E+05   0.8131923E+03   0.1382057E+05   0.8127275E+03   0.1490564E+05   0.6929374E+03   0.1730014E+05   0.1051648E+04   0.2152030E+05   0.9796161E+03
   0.1650000E+00   0.1183618E+05   0.7208806E+03   0.1201212E+05   0.6799192E+03   0.1368304E+05   0.5345364E+03   0.1543593E+05   0.8197052E+03   0.1928609E+05   0.6924325E+03
   0.1750000E+00   0.1076825E+05   0.6618309E+03   0.1101037E+05   0.5823654E+03   0.1251436E+05   0.1017243E+04   0.1454489E+05   0.6291786E+03   0.1814210E+05   0.1039172E+04
   0.1850000E+00   0.1014457E+05   0.5565382E+03   0.1095618E+05   0.5630600E+03   0.1198475E+05   0.5903607E+03   0.1354975E+05   0.9196784E+03   0.1719928E+05   0.9050001E+03
   0.1950000E+00   0.9846050E+04   0.7475895E+03   0.9412362E+04   0.4781509E+03   0.1064154E+05   0.6954782E+03   0.1297604E+05   0.7528794E+03   0.1607243E+05   0.6800549E+03
   0.2050000E+00   0.8430449E+04   0.3007530E+03   0.8816442E+04   0.7367857E+03   0.1001681E+05   0.3281994E+03   0.1183969E+05   0.4394245E+03   0.1527122E+05   0.7157041E+03
   0.2150000E+00   0.7576711E+04   0.5503872E+03   0.8526531E+04   0.4850497E+03   0.9178441E+04   0.4299486E+03   0.1104973E+05   0.6271091E+03   0.1373238E+05   0.4954955E+03
   0.2250000E+00   0.7650279E+04   0.4634931E+03   0.7822516E+04   0.3818676E+03   0.8299637E+04   0.6036591E+03   0.1023053E+05   0.5133797E+03   0.1313306E+05   0.5526796E+03
   0.2350000E+00   0.7027320E+04   0.5464731E+03   0.7116003E+04   0.5093813E+03   0.7795187E+04   0.3794537E+03   0.9589335E+04   0.5391175E+03   0.1235555E+05   0.4137937E+03
   0.2450000E+00   0.6456469E+04   0.6991932E+03   0.6885622E+04   0.4046415E+03   0.7319649E+04   0.3738067E+03   0.9180757E+04   0.3559595E+03   0.1153182E+05   0.7252497E+03
   0.2550000E+00   0.5928278E+04   0.4413863E+03   0.6360442E+04   0.4068422E+03   0.7015616E+04   0.5764778E+03   0.8686634E+04   0.4936686E+03   0.1103480E+05   0.5768529E+03
   0.2650000E+00   0.5466052E+04   0.3209681E+03   0.5672266E+04   0.4865030E+03   0.6606830E+04   0.2392276E+03   0.7598342E+04   0.5851823E+03   0.1047744E+05   0.3073268E+03
   0.2750000E+00   0.5159953E+04   0.5195391E+03   0.5468389E+04   0.4222206E+03   0.5960213E+04   0.2687567E+03   0.7432908E+04   0.3169508E+03   0.9803897E+04   0.6559120E+03
   0.2850000E+00   0.4929315E+04   0.4246789E+03   0.5041119E+04   0.2916188E+03   0.5844874E+04   0.2054553E+03   0.6803007E+04   0.4526741E+03   0.9323320E+04   0.4019799E+03
   0.2950000E+00   0.4497211E+04   0.4124357E+03   0.5150008E+04   0.3912803E+03   0.5774671E+04   0.3429229E+03   0.6525401E+04   0.5093333E+03   0.8767201E+04   0.3702564E+03
   0.3050000E+00   0.4563531E+04   0.4212348E+03   0.4618668E+04   0.3625030E+03   0.5132078E+04   0.2772962E+03   0.6314900E+04   0.3506852E+03   0.8426265E+04   0.3705735E+03
   0.3150000E+00   0.3879826E+04   0.3122354E+03   0.4276299E+04   0.3482148E+03   0.4950306E+04   0.2971586E+03   0.5992915E+04   0.4202684E+03   0.7723502E+04   0.5708129E+03
   0.3250000E+00   0.3924535E+04   0.3543532E+03   0.4038207E+04   0.3574445E+03   0.4640128E+04   0.2347637E+03   0.5745343E+04   0.4279826E+03   0.7533211E+04   0.3945543E+03
   0.3350000E+00   0.3695704E+04   0.3568713E+03   0.3973264E+04   0.3026915E+03   0.4457742E+04   0.3984816E+03   0.5215371E+04   0.2846352E+03   0.7260286E+04   0.3086996E+03
   0.3450000E+00   0.3548125E+04   0.5260921E+03   0.3776444E+04   0.4445255E+03   0.3963115E+04   0.3437540E+03   0.5076036E+04   0.3263957E+03   0.6764400E+04   0.3346871E+03
   0.3550000E+00   0.3365117E+04   0.3680692E+03   0.3401720E+04   0.3832610E+03   0.3949421E+04   0.3551510E+03   0.4661217E+04   0.3139154E+03   0.6512549E+04   0.2464137E+03
   0.3650000E+00   0.3131218E+04   0.2839194E+03   0.3279293E+04   0.4060303E+03   0.3579290E+04   0.2079859E+03   0.4543865E+04   0.1978352E+03   0.6224671E+04   0.4974612E+03
   0.3750000E+00   0.2838303E+04   0.3449380E+03   0.3242109E+04   0.3588170E+03   0.3476562E+04   0.2713961E+03   0.4325265E+04   0.2240502E+03   0.5923879E+04   0.3824602E+03
   0.3850000E+00   0.2842946E+04   0.2782488E+03   0.3074256E+04   0.3185305E+03   0.3338630E+04   0.2453023E+03   0.4135620E+04   0.3294048E+03   0.5654151E+04   0.3624341E+03
   0.3950000E+00   0.2734510E+04   0.2441824E+03   0.2808244E+04   0.2061908E+03   0.3177732E+04   0.2494970E+03   0.3904085E+04   0.2835929E+03   0.5279012E+04   0.2910147E+03
   0.4050000E+00   0.2594961E+04   0.2433656E+03   0.2654679E+04   0.3834061E+03   0.3142377E+04   0.1866222E+03   0.3601988E+04   0.2041315E+03   0.5127680E+04   0.2621099E+03
   0.4150000E+00   0.2309808E+04   0.2888263E+03   0.2349670E+04   0.2476369E+03   0.2781172E+04   0.1736916E+03   0.3601458E+04   0.2516667E+03   0.4716731E+04   0.1784409E+03
   0.4250000E+00   0.2372852E+04   0.1819209E+03   0.2310181E+04   0.2126106E+03   0.2579255E+04   0.1791141E+03   0.3282473E+04   0.1589670E+03   0.4544096E+04   0.2513198E+03
   0.4350000E+00   0.2199225E+04   0.2207622E+03   0.2222482E+04   0.1532953E+03   0.2590081E+04   0.2324714E+03   0.3093070E+04   0.2414371E+03   0.4508282E+04   0.2425006E+03
   0.4450000E+00   0.2122519E+04   0.2009138E+03   0.2241867E+04   0.3393770E+03   0.2491457E+04   0.2590453E+03   0.3043859E+04   0.2851344E+03   0.4153335E+04   0.1876103E+03
   0.4550000E+00   0.2072970E+04   0.3276158E+03   0.2077074E+04   0.2416911E+03   0.2416761E+04   0.2236452E+03   0.2793216E+04   0.1811512E+03   0.4012281E+04   0.2184715E+03
   0.4650000E+00   0.1814016E+04   0.1871742E+03   0.2032686E+04   0.1999445E+03   0.2269538E+04   0.1942481E+03   0.2581075E+04   0.2182776E+03   0.3883703E+04   0.2053155E+03
   0.4750000E+00   0.1733953E+04   0.2704178E+03   0.1876235E+04   0.2425359E+03   0.1995696E+04   0.2666756E+03   0.2545069E+04   0.2505487E+03   0.3675539E+04   0.2539357E+03
   0.4850000E+00   0.1881778E+04   0.1408642E+03   0.1831760E+04   0.2007283E+03   0.1918228E+04   0.2522196E+03   0.2259920E+04   0.2586633E+03   0.3469576E+04   0.2862638E+03
   0.4950000E+00   0.1657205E+04   0.1803211E+03   0.1684650E+04   0.2980928E+03   0.1828414E+04   0.1860771E+03   0.2294216E+04   0.1610117E+03   0.3237417E+04   0.1902128E+03
   0.5050000E+00   0.1606586E+04   0.2419214E+03   0.1606407E+04   0.2403775E+03   0.1601422E+04   0.2035751E+03   0.2130546E+04   0.1800239E+03   0.3169750E+04   0.1226134E+03
   0.5150000E+00   0.1551040E+04   0.2874417E+03   0.1427080E+04   0.1377054E+03   0.1519256E+04   0.1814570E+03   0.2066240E+04   0.2565924E+03   0.2947802E+04   0.2350388E+03
   0.5250000E+00   0.1385148E+04   0.2218039E+03   0.1431682E+04   0.2334213E+03   0.1450889E+04   0.1910736E+03   0.1852188E+04   0.2232265E+03   0.2874478E+04   0.2069317E+03
   0.5350000E+00   0.1374843E+04   0.1938918E+03   0.1462717E+04   0.1652690E+03   0.1529092E+04   0.2270671E+03   0.1817329E+04   0.2243276E+03   0.2698253E+04   0.2365538E+03
   0.5450000E+00   0.1316145E+04   0.2036291E+03   0.1285597E+04   0.2588110E+03   0.1362055E+04   0.1787078E+03   0.1631005E+04   0.1364821E+03   0.2676642E+04   0.1637059E+03
   0.5550000E+00   0.1412876E+04   0.1490703E+03   0.1264454E+04   0.1753752E+03   0.1350974E+04   0.1636397E+03   0.1597706E+04   0.2639981E+03   0.2536202E+04   0.1094993E+03
   0.5650000E+00   0.1162181E+04   0.1752241E+03   0.1151866E+04   0.2399578E+03   0.1261628E+04   0.1973074E+03   0.1508485E+04   0.2414160E+03   0.2465723E+04   0.1698862E+03
   0.5750000E+00   0.1097251E+04   0.1699758E+03   0.1139035E+04   0.2025264E+03   0.1135037E+04   0.2732224E+03   0.1380669E+04   0.1755673E+03   0.2212627E+04   0.1719323E+03
   0.5850000E+00   0.1038801E+04   0.2175516E+03   0.1068302E+04   0.1820374E+03   0.1135959E+04   0.1356311E+03   0.1396808E+04   0.1730769E+03   0.2097748E+04   0.1838906E+03
   0.5950000E+00   0.1018351E+04   0.1766162E+03   0.1026669E+04   0.2717721E+03   0.1055570E+04   0.1123433E+03   0.1256561E+04   0.1992790E+03   0.2005385E+04   0.2726925E+03
   0.6050000E+00   0.1044474E+04   0.2365855E+03   0.9914915E+03   0.2329325E+03   0.1013577E+04   0.1141468E+03   0.1281365E+04   0.1601640E+03   0.1936357E+04   0.2589155E+03
   0.6150000E+00   0.9952434E+03   0.1702086E+03   0.9634365E+03   0.1770772E+03   0.9676965E+03   0.2053135E+03   0.1093140E+04   0.1894018E+03   0.1873020E+04   0.2069338E+03
   0.6250000E+00   0.9503067E+03   0.2227803E+03   0.8383314E+03   0.2140155E+03   0.9344156E+03   0.1548317E+03   0.1048527E+04   0.1879749E+03   0.1806886E+04   0.1588895E+03
   0.6350000E+00   0.9690770E+03   0.1565063E+03   0.9564753E+03   0.1442769E+03   0.7859891E+03   0.1056234E+03   0.9607896E+03   0.1047991E+03   0.1723190E+04   0.1454260E+03
   0.6450000E+00   0.8349246E+03   0.1796709E+03   0.7602799E+03   0.2174619E+03   0.8065797E+03   0.2307285E+03   0.9595721E+03   0.1592457E+03   0.1643423E+04   0.1588886E+03
   0.6550000E+00   0.8066905E+03   0.2181504E+03   0.8014908E+03   0.1483349E+03   0.7200543E+03   0.1590889E+03   0.8238510E+03   0.1575857E+03   0.1496672E+04   0.1726838E+03
   0.6650000E+00   0.7993474E+03   0.1661273E+03   0.7389107E+03   0.1711810E+03   0.7939454E+03   0.1424735E+03   0.8278886E+03   0.1795499E+03   0.1511184E+04   0.1708910E+03
   0.6750000E+00   0.7395595E+03   0.2714014E+03   0.6793109E+03   0.2139419E+03   0.6053142E+03   0.2106138E+03   0.8690701E+03   0.1240027E+03   0.1412602E+04   0.1346083E+03
   0.6850000E+00   0.7311125E+03   0.1859370E+03   0.6782459E+03   0.1923456E+03   0.4828124E+03   0.1561494E+03   0.7892391E+03   0.1554962E+03   0.1231183E+04   0.1015864E+03
   0.6950000E+00   0.6114997E+03   0.2098297E+03   0.6139320E+03   0.2004322E+03   0.5046777E+03   0.1740517E+03   0.6896600E+03   0.1552980E+03   0.1273463E+04   0.1777695E+03
   0.7050000E+00   0.6710166E+03   0.1889279E+03   0.6016322E+03   0.1614322E+03   0.5071369E+03   0.1190875E+03   0.6070320E+03   0.1242123E+03   0.1210723E+04   0.1408890E+03
   0.7150000E+00   0.6165769E+03   0.1653168E+03   0.5791655E+03   0.1811807E+03   0.4753700E+03   0.1185260E+03   0.6092695E+03   0.1423774E+03   0.1175682E+04   0.1778635E+03
   0.7250000E+00   0.5374526E+03   0.1153230E+03   0.5855948E+03   0.1378297E+03   0.3731241E+03   0.1138208E+03   0.5887142E+03   0.1193718E+03   0.1142397E+04   0.1400893E+03
   0.7350000E+00   0.5603368E+03   0.2180808E+03   0.4925865E+03   0.1158215E+03   0.4484062E+03   0.1049220E+03   0.5773161E+03   0.1313704E+03   0.1064279E+04   0.1437566E+03
   0.7450000E+00   0.5315218E+03   0.1269564E+03   0.4625090E+03   0.1200873E+03   0.4292039E+03   0.9596860E+02   0.4364721E+03   0.1647776E+03   0.1101427E+04   0.1453422E+03
   0.7550000E+00   0.5253285E+03   0.1486070E+03   0.4838247E+03   0.1343481E+03   0.3705509E+03   0.1104220E+03   0.4592591E+03   0.1148474E+03   0.1045403E+04   0.7585132E+02
   0.7650000E+00   0.5474217E+03   0.1495943E+03   0.3442341E+03   0.1465897E+03   0.3342077E+03   0.1001762E+03   0.4126968E+03   0.1553631E+03   0.9129388E+03   0.1180399E+03
   0.7750000E+00   0.4976522E+03   0.1398496E+03   0.3410098E+03   0.1468050E+03   0.2797419E+03   0.1560468E+03   0.3965846E+03   0.1674541E+03   0.9108932E+03   0.1467932E+03
   0.7850000E+00   0.4224794E+03   0.1344733E+03   0.3151273E+03   0.1173292E+03   0.2825601E+03   0.1235367E+03   0.3714149E+03   0.1928144E+03   0.9051954E+03   0.7779902E+02
   0.7950000E+00   0.4259808E+03   0.1807490E+03   0.3532256E+03   0.1872883E+03   0.1991636E+03   0.1007832E+03   0.3313398E+03   0.1039117E+03   0.8400584E+03   0.1427283E+03
   0.8050000E+00   0.3752313E+03   0.1715366E+03   0.2124667E+03   0.1304319E+03   0.1799809E+03   0.1221404E+03   0.3327266E+03   0.1098215E+03   0.8570828E+03   0.1247433E+03
   0.8150000E+00   0.4037596E+03   0.1717852E+03   0.2875736E+03   0.1483074E+03   0.2206693E+03   0.9095051E+02   0.2610786E+03   0.1031550E+03   0.7913163E+03   0.1049452E+03
   0.8250000E+00   0.3798517E+03   0.1195151E+03   0.2182580E+03   0.1434610E+03   0.2078523E+03   0.1066782E+03   0.2437097E+03   0.1541705E+03   0.7687492E+03   0.1405673E+03
   0.8350000E+00   0.3812623E+03   0.1019921E+03   0.3775996E+03   0.1063129E+03   0.1651675E+03   0.1883035E+03   0.2199328E+03   0.1395289E+03   0.7590181E+03   0.1241471E+03
   0.8450000E+00   0.3636247E+03   0.1129937E+03   0.2616431E+03   0.1693733E+03   0.1878707E+03   0.1181245E+03   0.2017831E+03   0.1807329E+03   0.7350974E+03   0.1471318E+03
   0.8550000E+00   0.3568900E+03   0.1352607E+03   0.2620017E+03   0.1084244E+03   0.2125633E+03   0.1004382E+03   0.1568970E+03   0.1194343E+03   0.7169006E+03   0.1510682E+03
   0.8650000E+00   0.3602410E+03   0.1059941E+03   0.2500331E+03   0.1747085E+03   0.2182218E+03   0.1191134E+03   0.2016158E+03   0.1246554E+03   0.6311097E+03   0.1216332E+03
   0.8750000E+00   0.3597794E+03   0.1270202E+03   0.1799811E+03   0.1613657E+03   0.1446847E+03   0.6771905E+02   0.2078177E+03   0.9582855E+02   0.6780638E+03   0.8717618E+02
   0.8850000E+00   0.2996745E+03   0.1439304E+03   0.1608335E+03   0.1095570E+03   0.1743881E+03   0.1269299E+03   0.2300374E+03   0.1544628E+03   0.6053473E+03   0.1214816E+03
   0.8950000E+00   0.3964698E+03   0.8167291E+02   0.2473480E+03   0.1085493E+03   0.7540044E+02   0.9197692E+02   0.1296298E+03   0.1295027E+03   0.5954500E+03   0.1495360E+03
   0.9050000E+00   0.3341339E+03   0.1343986E+03   0.2222007E+03   0.1206759E+03   0.1057727E+03   0.1123642E+03   0.1940016E+03   0.1113682E+03   0.5731076E+03   0.1264842E+03
   0.9150000E+00   0.3721691E+03   0.1187066E+03   0.1915764E+03   0.7251061E+02   0.8592712E+01   0.1315061E+03   0.1747744E+03   0.1416031E+03   0.6622977E+03   0.1413858E+03
   0.9250000E+00   0.3467114E+03   0.1559146E+03   0.1638931E+03   0.6405014E+02   0.5022304E+02   0.1664127E+03   0.1521524E+03   0.1113857E+03   0.6492298E+03   0.9033481E+02
   0.9350000E+00   0.3184842E+03   0.1006693E+03   0.2252462E+03   0.4982684E+02   0.5068515E+02   0.1328407E+03   0.1534353E+03   0.1511567E+03   0.5725688E+03   0.1246638E+03
   0.9450000E+00   0.3095406E+03   0.9370109E+02   0.1713614E+03   0.7803591E+02   0.6574185E+02   0.1284465E+03   0.1119335E+03   0.1260484E+03   0.6026250E+03   0.1171338E+03
   0.9550000E+00   0.3447742E+03   0.1036952E+03   0.1688035E+03   0.1382525E+03   0.1271400E+03   0.9545165E+02   0.9253827E+02   0.7989271E+02   0.5890855E+03   0.9419650E+02
   0.9650000E+00   0.3464307E+03   0.1165537E+03   0.2277208E+03   0.1342640E+03   0.6583811E+02   0.1194604E+03   0.1562590E+03   0.1473442E+03   0.5928079E+03   0.1063519E+03
   0.9750000E+00   0.3474807E+03   0.1397721E+03   0.1868625E+03   0.1152185E+03   0.8483825E+02   0.9697925E+02   0.2039157E+03   0.1562501E+03   0.6464713E+03   0.1223551E+03
   0.9850000E+00   0.4057857E+03   0.1109068E+03   0.1895436E+03   0.1504674E+03   0.7307476E+02   0.1257913E+03   0.1330248E+03   0.8449209E+02   0.6070860E+03   0.9078861E+02
   0.9950000E+00   0.5003727E+03   0.1276278E+03   0.2349293E+03   0.1075194E+03   0.9423310E+02   0.8579823E+02   0.1750069E+03   0.9765051E+02   0.5578812E+03   0.1300980E+03
