#   0.1000000E+00   0.3000000E+00   0.5000000E+00   0.7000000E+00   0.9000000E+00 real
   0.5000022E-02   0.6987288E+05   0.1808295E+05  -0.4096000E+10   0.0000000E+00   0.9376174E+05   0.2124415E+05   0.9493420E+05   0.4264217E+05   0.1296006E+06   0.3772940E+05   0.7845486E+05   0.1202192E+05
   0.1500002E-01   0.9468323E+05   0.1803178E+05   0.9901554E+05   0.1733594E+05   0.1160222E+06   0.2204169E+05   0.1275753E+06   0.2186178E+05   0.1488268E+06   0.1815824E+05   0.9700229E+05   0.8264118E+04
   0.2500002E-01   0.8878416E+05   0.8169125E+04   0.8732322E+05   0.5657635E+04   0.9982717E+05   0.7845325E+04   0.1164731E+06   0.1112036E+05   0.1312702E+06   0.1070351E+05   0.8578592E+05   0.2931337E+04
   0.3500002E-01   0.6545026E+05   0.4084936E+04   0.6687319E+05   0.5303832E+04   0.7479694E+05   0.5487678E+04   0.8610371E+05   0.4598582E+04   0.9773492E+05   0.5608488E+04   0.6433256E+05   0.1205446E+04
   0.4500002E-01   0.4972827E+05   0.2198124E+04   0.5212133E+05   0.3459401E+04   0.5692538E+05   0.2544230E+04   0.6599385E+05   0.4254211E+04   0.7425883E+05   0.3585750E+04   0.4932971E+05   0.1497702E+04
   0.5500002E-01   0.4185628E+05   0.2204289E+04   0.4422132E+05   0.1742101E+04   0.4840834E+05   0.2011991E+04   0.5499164E+05   0.2517278E+04   0.6262227E+05   0.2846325E+04   0.4198464E+05   0.7602700E+03
   0.6500002E-01   0.3802883E+05   0.1342291E+04   0.3959586E+05   0.1658601E+04   0.4286987E+05   0.1446297E+04   0.4825124E+05   0.2213819E+04   0.5506319E+05   0.1435159E+04   0.3762950E+05   0.6087785E+03
   0.7500002E-01   0.3178790E+05   0.1102397E+04   0.3323713E+05   0.9562766E+03   0.3582272E+05   0.1569914E+04   0.3965491E+05   0.1393397E+04   0.4614489E+05   0.1826996E+04   0.3160621E+05   0.4079780E+03
   0.8500002E-01   0.2611531E+05   0.9856307E+03   0.2673353E+05   0.1132844E+04   0.2863416E+05   0.7970367E+03   0.3189254E+05   0.9277338E+03   0.3712282E+05   0.1242482E+04   0.2557609E+05   0.3644448E+03
   0.9500002E-01   0.2101523E+05   0.6737134E+03   0.2170865E+05   0.9657903E+03   0.2322219E+05   0.6384250E+03   0.2620575E+05   0.8391476E+03   0.2994207E+05   0.9855283E+03   0.2076238E+05   0.3867628E+03
   0.1050000E+00   0.1833781E+05   0.5895944E+03   0.1894388E+05   0.7144263E+03   0.2026794E+05   0.6382839E+03   0.2224559E+05   0.5577255E+03   0.2586391E+05   0.5542781E+03   0.1812057E+05   0.1593202E+03
   0.1150000E+00   0.1660398E+05   0.5504292E+03   0.1715812E+05   0.5590998E+03   0.1812302E+05   0.5694721E+03   0.1999416E+05   0.5239009E+03   0.2266885E+05   0.6280899E+03   0.1646488E+05   0.1329312E+03
   0.1250000E+00   0.1554625E+05   0.4753801E+03   0.1572993E+05   0.4568195E+03   0.1671786E+05   0.3869189E+03   0.1803993E+05   0.5282536E+03   0.2017947E+05   0.5954107E+03   0.1532053E+05   0.1598624E+03
   0.1350000E+00   0.1371063E+05   0.4063368E+03   0.1406462E+05   0.3746335E+03   0.1476466E+05   0.3400324E+03   0.1573828E+05   0.4724417E+03   0.1756011E+05   0.5074568E+03   0.1364313E+05   0.1518151E+03
   0.1450000E+00   0.1195358E+05   0.3689720E+03   0.1223096E+05   0.3126765E+03   0.1261971E+05   0.3985614E+03   0.1360020E+05   0.3459534E+03   0.1510291E+05   0.3687318E+03   0.1183549E+05   0.1158493E+03
   0.1550000E+00   0.1053501E+05   0.2008064E+03   0.1073701E+05   0.2410493E+03   0.1110991E+05   0.2645972E+03   0.1193023E+05   0.3222802E+03   0.1313278E+05   0.3642368E+03   0.1045480E+05   0.1026927E+03
   0.1650000E+00   0.9560786E+04   0.2696473E+03   0.9652877E+04   0.2899489E+03   0.9973407E+04   0.2282186E+03   0.1053930E+05   0.2484522E+03   0.1155233E+05   0.2704996E+03   0.9472146E+04   0.1204473E+03
   0.1750000E+00   0.8722849E+04   0.2171183E+03   0.8895141E+04   0.2752532E+03   0.9042632E+04   0.2383641E+03   0.9485500E+04   0.2737194E+03   0.1018782E+05   0.2400796E+03   0.8721862E+04   0.8169734E+02
   0.1850000E+00   0.8208094E+04   0.1833437E+03   0.8178545E+04   0.1849950E+03   0.8366038E+04   0.2310212E+03   0.8552753E+04   0.2004387E+03   0.9097180E+04   0.2016279E+03   0.8184945E+04   0.1070387E+03
   0.1950000E+00   0.7526753E+04   0.2408592E+03   0.7523226E+04   0.1235304E+03   0.7553444E+04   0.1753397E+03   0.7694577E+04   0.1882069E+03   0.8045827E+04   0.1376066E+03   0.7525358E+04   0.5591342E+02
   0.2050000E+00   0.6949935E+04   0.1884284E+03   0.6848786E+04   0.1457263E+03   0.6763068E+04   0.1657722E+03   0.6841437E+04   0.1421116E+03   0.7195293E+04   0.1853225E+03   0.6885362E+04   0.5574744E+02
   0.2150000E+00   0.6374763E+04   0.1506461E+03   0.6232069E+04   0.1507918E+03   0.6130285E+04   0.1214323E+03   0.6107829E+04   0.1004829E+03   0.6345453E+04   0.1782889E+03   0.6321580E+04   0.4171330E+02
   0.2250000E+00   0.5890448E+04   0.1643353E+03   0.5718340E+04   0.1294269E+03   0.5569247E+04   0.1668486E+03   0.5524540E+04   0.1423281E+03   0.5600832E+04   0.1444636E+03   0.5847390E+04   0.6553879E+02
   0.2350000E+00   0.5536005E+04   0.1440219E+03   0.5329061E+04   0.1186642E+03   0.5142474E+04   0.1509080E+03   0.4971529E+04   0.1542408E+03   0.5015295E+04   0.1349608E+03   0.5479643E+04   0.5542317E+02
   0.2450000E+00   0.5140432E+04   0.1283167E+03   0.4926617E+04   0.1284793E+03   0.4666997E+04   0.1224112E+03   0.4517195E+04   0.1477054E+03   0.4494123E+04   0.1330622E+03   0.5121971E+04   0.7463798E+02
   0.2550000E+00   0.4830997E+04   0.1769041E+03   0.4622913E+04   0.1297834E+03   0.4302243E+04   0.1425607E+03   0.4075700E+04   0.1203218E+03   0.4016755E+04   0.1102538E+03   0.4826523E+04   0.7885602E+02
   0.2650000E+00   0.4512396E+04   0.1029568E+03   0.4275275E+04   0.1259089E+03   0.3938893E+04   0.1147079E+03   0.3675752E+04   0.1069802E+03   0.3571660E+04   0.1111845E+03   0.4497107E+04   0.6907606E+02
   0.2750000E+00   0.4217679E+04   0.1116128E+03   0.3940547E+04   0.1223774E+03   0.3590798E+04   0.1038053E+03   0.3308562E+04   0.1224998E+03   0.3194512E+04   0.8732418E+02   0.4196776E+04   0.5328684E+02
   0.2850000E+00   0.3955232E+04   0.1090291E+03   0.3647000E+04   0.9342319E+02   0.3305132E+04   0.1122681E+03   0.3014479E+04   0.1041649E+03   0.2844824E+04   0.7716464E+02   0.3940110E+04   0.5136355E+02
   0.2950000E+00   0.3726335E+04   0.1129339E+03   0.3433542E+04   0.7792353E+02   0.3066686E+04   0.8942217E+02   0.2709826E+04   0.9079741E+02   0.2551700E+04   0.8463268E+02   0.3731728E+04   0.3702680E+02
   0.3050000E+00   0.3559448E+04   0.1095997E+03   0.3219847E+04   0.9309432E+02   0.2828457E+04   0.7850959E+02   0.2484969E+04   0.8830773E+02   0.2287767E+04   0.9342711E+02   0.3544702E+04   0.5496227E+02
   0.3150000E+00   0.3329643E+04   0.1226366E+03   0.2994700E+04   0.7909603E+02   0.2574344E+04   0.8828518E+02   0.2264061E+04   0.7978054E+02   0.2049705E+04   0.9037864E+02   0.3338129E+04   0.4591015E+02
   0.3250000E+00   0.3140674E+04   0.8891196E+02   0.2798860E+04   0.7898709E+02   0.2387968E+04   0.6821720E+02   0.2037407E+04   0.7123879E+02   0.1848723E+04   0.9144005E+02   0.3149382E+04   0.2711582E+02
   0.3350000E+00   0.2956574E+04   0.7857918E+02   0.2632044E+04   0.8124291E+02   0.2213324E+04   0.8903717E+02   0.1852120E+04   0.6302728E+02   0.1639339E+04   0.5605469E+02   0.2983825E+04   0.3812689E+02
   0.3450000E+00   0.2810390E+04   0.6766151E+02   0.2480519E+04   0.6790958E+02   0.2013017E+04   0.8308954E+02   0.1701225E+04   0.7601818E+02   0.1491200E+04   0.7135228E+02   0.2828057E+04   0.3469524E+02
   0.3550000E+00   0.2639657E+04   0.8851130E+02   0.2293251E+04   0.6908973E+02   0.1867883E+04   0.6863262E+02   0.1523637E+04   0.6248376E+02   0.1333548E+04   0.5688135E+02   0.2673317E+04   0.5071967E+02
   0.3650000E+00   0.2469623E+04   0.8474956E+02   0.2146192E+04   0.5318366E+02   0.1745435E+04   0.6523091E+02   0.1387192E+04   0.6263962E+02   0.1172566E+04   0.5339389E+02   0.2517846E+04   0.3548085E+02
   0.3750000E+00   0.2384640E+04   0.6749123E+02   0.2039920E+04   0.5396095E+02   0.1604229E+04   0.6030450E+02   0.1258546E+04   0.6668892E+02   0.1066824E+04   0.5756673E+02   0.2415626E+04   0.3088748E+02
   0.3850000E+00   0.2250488E+04   0.6017915E+02   0.1890110E+04   0.6781315E+02   0.1465040E+04   0.4866955E+02   0.1135797E+04   0.6322900E+02   0.9553298E+03   0.5603605E+02   0.2289543E+04   0.3005581E+02
   0.3950000E+00   0.2117463E+04   0.6705150E+02   0.1775596E+04   0.5655955E+02   0.1353326E+04   0.6004662E+02   0.1049973E+04   0.5596148E+02   0.8317236E+03   0.5572000E+02   0.2168580E+04   0.2643811E+02
   0.4050000E+00   0.2032119E+04   0.6260459E+02   0.1664629E+04   0.5684668E+02   0.1255249E+04   0.5602503E+02   0.9410118E+03   0.4945291E+02   0.7704994E+03   0.4576140E+02   0.2063077E+04   0.3619570E+02
   0.4150000E+00   0.1945711E+04   0.6741980E+02   0.1553365E+04   0.6409725E+02   0.1157621E+04   0.5295336E+02   0.8488485E+03   0.4941593E+02   0.6915618E+03   0.5278633E+02   0.1962981E+04   0.2245899E+02
   0.4250000E+00   0.1843933E+04   0.6510410E+02   0.1474577E+04   0.6258267E+02   0.1060865E+04   0.5410779E+02   0.7919610E+03   0.5120226E+02   0.6084637E+03   0.5562289E+02   0.1885391E+04   0.3871690E+02
   0.4350000E+00   0.1752735E+04   0.4572280E+02   0.1381970E+04   0.5281970E+02   0.9770823E+03   0.5699195E+02   0.6986076E+03   0.4961647E+02   0.5487441E+03   0.5398699E+02   0.1786843E+04   0.1919997E+02
   0.4450000E+00   0.1661936E+04   0.6490086E+02   0.1292569E+04   0.5880605E+02   0.9244651E+03   0.4279829E+02   0.6465156E+03   0.4276759E+02   0.5049653E+03   0.4826111E+02   0.1698577E+04   0.2680251E+02
   0.4550000E+00   0.1561835E+04   0.4405340E+02   0.1212733E+04   0.4564596E+02   0.8459184E+03   0.4266985E+02   0.5863790E+03   0.5234420E+02   0.4445920E+03   0.3623665E+02   0.1616166E+04   0.2863728E+02
   0.4650000E+00   0.1538058E+04   0.5133504E+02   0.1171751E+04   0.4378078E+02   0.7720220E+03   0.5066129E+02   0.5435491E+03   0.3724307E+02   0.3994937E+03   0.4185409E+02   0.1567247E+04   0.2900442E+02
   0.4750000E+00   0.1464383E+04   0.6412122E+02   0.1090355E+04   0.3650492E+02   0.7218887E+03   0.4127863E+02   0.4769947E+03   0.3631706E+02   0.3524454E+03   0.4633086E+02   0.1501123E+04   0.1129455E+02
   0.4850000E+00   0.1378915E+04   0.4616838E+02   0.1015473E+04   0.4778998E+02   0.6592844E+03   0.3631452E+02   0.4365682E+03   0.5014237E+02   0.3173841E+03   0.3981049E+02   0.1416461E+04   0.1945889E+02
   0.4950000E+00   0.1302505E+04   0.5082642E+02   0.9522063E+03   0.4339181E+02   0.6184948E+03   0.4432329E+02   0.3946263E+03   0.4317678E+02   0.2952517E+03   0.3682685E+02   0.1355496E+04   0.1979010E+02
   0.5050000E+00   0.1260600E+04   0.5393105E+02   0.9215263E+03   0.3909032E+02   0.5794136E+03   0.3357207E+02   0.3682670E+03   0.3444088E+02   0.2622358E+03   0.3358812E+02   0.1308046E+04   0.2487299E+02
   0.5150000E+00   0.1193764E+04   0.4604848E+02   0.8567739E+03   0.3756201E+02   0.5247670E+03   0.3367163E+02   0.3239203E+03   0.3563554E+02   0.2421594E+03   0.3594183E+02   0.1248065E+04   0.2543451E+02
   0.5250000E+00   0.1135257E+04   0.3828591E+02   0.8034232E+03   0.3595133E+02   0.4713120E+03   0.3923402E+02   0.3025927E+03   0.3540687E+02   0.2147578E+03   0.2999762E+02   0.1176259E+04   0.1618851E+02
   0.5350000E+00   0.1080386E+04   0.3960613E+02   0.7437387E+03   0.3441032E+02   0.4524052E+03   0.3238392E+02   0.2782138E+03   0.3639975E+02   0.1952500E+03   0.3201177E+02   0.1125898E+04   0.1708148E+02
   0.5450000E+00   0.1033641E+04   0.4858253E+02   0.7085629E+03   0.3678631E+02   0.4145001E+03   0.3312246E+02   0.2489502E+03   0.3201115E+02   0.1695729E+03   0.3766828E+02   0.1081923E+04   0.1406876E+02
   0.5550000E+00   0.9922239E+03   0.4338154E+02   0.6719438E+03   0.3413610E+02   0.3797633E+03   0.3441091E+02   0.2331742E+03   0.3839075E+02   0.1605548E+03   0.3183612E+02   0.1041270E+04   0.1163736E+02
   0.5650000E+00   0.9533250E+03   0.3544228E+02   0.6255021E+03   0.4153218E+02   0.3556732E+03   0.3646354E+02   0.2085773E+03   0.3280657E+02   0.1397568E+03   0.3216018E+02   0.9927689E+03   0.2433505E+02
   0.5750000E+00   0.9013638E+03   0.3902346E+02   0.5963294E+03   0.4958750E+02   0.3315920E+03   0.3401512E+02   0.1862634E+03   0.3424709E+02   0.1251068E+03   0.3631784E+02   0.9545265E+03   0.2628367E+02
   0.5850000E+00   0.8679529E+03   0.3557871E+02   0.5719458E+03   0.2990071E+02   0.2967301E+03   0.3407468E+02   0.1675442E+03   0.3097958E+02   0.1136821E+03   0.3070381E+02   0.9115626E+03   0.1225585E+02
   0.5950000E+00   0.8259844E+03   0.3878036E+02   0.5303013E+03   0.4333957E+02   0.2768626E+03   0.2642286E+02   0.1526936E+03   0.2747711E+02   0.9356327E+02   0.3319980E+02   0.8735824E+03   0.1911963E+02
   0.6050000E+00   0.7965921E+03   0.3303359E+02   0.4925359E+03   0.3612106E+02   0.2472027E+03   0.2930725E+02   0.1344727E+03   0.2421649E+02   0.9879224E+02   0.2639363E+02   0.8449879E+03   0.1491573E+02
   0.6150000E+00   0.7444200E+03   0.4450231E+02   0.4624935E+03   0.3695317E+02   0.2403723E+03   0.3200734E+02   0.1261481E+03   0.3016998E+02   0.9418725E+02   0.2840841E+02   0.7917064E+03   0.1915007E+02
   0.6250000E+00   0.7263284E+03   0.3177258E+02   0.4368290E+03   0.2357886E+02   0.2092136E+03   0.2036942E+02   0.1155657E+03   0.3150833E+02   0.7485860E+02   0.3347474E+02   0.7721396E+03   0.1170771E+02
   0.6350000E+00   0.6855164E+03   0.4350306E+02   0.4075731E+03   0.3116900E+02   0.2040307E+03   0.3642537E+02   0.1056994E+03   0.2817526E+02   0.6968644E+02   0.2776888E+02   0.7289637E+03   0.1900946E+02
   0.6450000E+00   0.6563471E+03   0.3431416E+02   0.3883875E+03   0.2793447E+02   0.1930665E+03   0.2806628E+02   0.8971514E+02   0.3250620E+02   0.5531125E+02   0.2707355E+02   0.7063656E+03   0.1601026E+02
   0.6550000E+00   0.6177017E+03   0.3956881E+02   0.3638952E+03   0.2969569E+02   0.1679945E+03   0.3030856E+02   0.8160586E+02   0.3385310E+02   0.4536890E+02   0.3000638E+02   0.6680604E+03   0.1558971E+02
   0.6650000E+00   0.6006210E+03   0.3609383E+02   0.3471630E+03   0.3254586E+02   0.1591855E+03   0.2771199E+02   0.7639698E+02   0.2819092E+02   0.4748660E+02   0.3640673E+02   0.6454166E+03   0.1730685E+02
   0.6750000E+00   0.5786528E+03   0.4161652E+02   0.3162372E+03   0.3431727E+02   0.1369461E+03   0.2496760E+02   0.5932949E+02   0.2391943E+02   0.4874800E+02   0.3166462E+02   0.6119970E+03   0.1591893E+02
   0.6850000E+00   0.5520536E+03   0.3146506E+02   0.3015231E+03   0.2589667E+02   0.1367250E+03   0.2981054E+02   0.5755375E+02   0.2774897E+02   0.3874808E+02   0.2759740E+02   0.5877653E+03   0.1780602E+02
   0.6950000E+00   0.5166584E+03   0.3204702E+02   0.2827559E+03   0.2640005E+02   0.1253818E+03   0.2519752E+02   0.5480773E+02   0.2824632E+02   0.3266947E+02   0.1955505E+02   0.5632863E+03   0.1484266E+02
   0.7050000E+00   0.5015280E+03   0.2340558E+02   0.2673188E+03   0.2645246E+02   0.1127046E+03   0.2574560E+02   0.5308016E+02   0.2755557E+02   0.2767954E+02   0.2460546E+02   0.5448523E+03   0.1504316E+02
   0.7150000E+00   0.4767398E+03   0.3014617E+02   0.2421346E+03   0.2799825E+02   0.9961140E+02   0.2600598E+02   0.4720823E+02   0.2321590E+02   0.2317587E+02   0.2460744E+02   0.5099695E+03   0.1400441E+02
   0.7250000E+00   0.4643401E+03   0.2553993E+02   0.2374025E+03   0.2523517E+02   0.1026759E+03   0.2544923E+02   0.5220482E+02   0.2678899E+02   0.1891471E+02   0.2602172E+02   0.4951616E+03   0.1268725E+02
   0.7350000E+00   0.4247737E+03   0.3086127E+02   0.2133478E+03   0.2156445E+02   0.9018658E+02   0.2529545E+02   0.3342096E+02   0.2290917E+02   0.2226701E+02   0.2352411E+02   0.4685626E+03   0.7848738E+01
   0.7450000E+00   0.4114020E+03   0.3069987E+02   0.2028897E+03   0.2563565E+02   0.8004570E+02   0.2457589E+02   0.4294631E+02   0.2328132E+02   0.1466204E+02   0.1970209E+02   0.4557540E+03   0.1330247E+02
   0.7550000E+00   0.3985890E+03   0.3219089E+02   0.2016913E+03   0.2221776E+02   0.6926462E+02   0.2309259E+02   0.3333188E+02   0.2943111E+02   0.1619282E+02   0.2375397E+02   0.4370450E+03   0.1766083E+02
   0.7650000E+00   0.3816375E+03   0.2917127E+02   0.1774799E+03   0.1892802E+02   0.7359676E+02   0.2489439E+02   0.3105397E+02   0.2165258E+02   0.1182429E+02   0.2037205E+02   0.4262349E+03   0.1380950E+02
   0.7750000E+00   0.3643489E+03   0.3071217E+02   0.1692483E+03   0.3003606E+02   0.6473696E+02   0.2446125E+02   0.2347693E+02   0.2418071E+02   0.1273203E+02   0.2152151E+02   0.4015341E+03   0.1592441E+02
   0.7850000E+00   0.3403985E+03   0.3086087E+02   0.1561733E+03   0.2156279E+02   0.6035950E+02   0.2348737E+02   0.2105075E+02   0.2213352E+02   0.1216437E+02   0.2523022E+02   0.3750270E+03   0.8058337E+01
   0.7950000E+00   0.3228766E+03   0.2765528E+02   0.1458407E+03   0.2153727E+02   0.4347903E+02   0.2490217E+02   0.2446656E+02   0.2150238E+02   0.1227229E+02   0.2500419E+02   0.3590530E+03   0.1305327E+02
   0.8050000E+00   0.3186047E+03   0.2077835E+02   0.1418978E+03   0.1985712E+02   0.4435041E+02   0.2294014E+02   0.1250925E+02   0.2104166E+02   0.9962883E+01   0.1881509E+02   0.3484259E+03   0.1161976E+02
   0.8150000E+00   0.3024289E+03   0.2537282E+02   0.1295405E+03   0.2206777E+02   0.4412707E+02   0.2117929E+02   0.2468371E+02   0.2024742E+02   0.1276021E+02   0.1810364E+02   0.3338432E+03   0.1190340E+02
   0.8250000E+00   0.2836880E+03   0.2609883E+02   0.1210174E+03   0.2074019E+02   0.3741648E+02   0.2092829E+02   0.1598284E+02   0.1854780E+02   0.1081995E+02   0.1837903E+02   0.3194850E+03   0.1387459E+02
   0.8350000E+00   0.2730239E+03   0.2370836E+02   0.1058759E+03   0.2335942E+02   0.3163074E+02   0.2219987E+02   0.1911589E+02   0.2059733E+02   0.9841944E+01   0.2411047E+02   0.3014166E+03   0.1527455E+02
   0.8450000E+00   0.2552712E+03   0.2982194E+02   0.1084540E+03   0.2309576E+02   0.3121428E+02   0.1855596E+02   0.9884736E+01   0.2467606E+02   0.8856818E+01   0.2310171E+02   0.2851783E+03   0.1641098E+02
   0.8550000E+00   0.2487948E+03   0.3417294E+02   0.9944929E+02   0.2394061E+02   0.3193333E+02   0.2075053E+02   0.1522182E+02   0.2655924E+02   0.8338904E+01   0.2577507E+02   0.2782461E+03   0.1121932E+02
   0.8650000E+00   0.2321047E+03   0.1850191E+02   0.8972412E+02   0.2150088E+02   0.2865537E+02   0.2450304E+02   0.1233535E+02   0.2050810E+02   0.8147050E+01   0.2235631E+02   0.2593465E+03   0.1181574E+02
   0.8750000E+00   0.2172708E+03   0.2461479E+02   0.8204237E+02   0.2781604E+02   0.2233107E+02   0.2328816E+02   0.4022990E+01   0.2791008E+02   0.6856582E+01   0.1876811E+02   0.2503078E+03   0.1198862E+02
   0.8850000E+00   0.2070051E+03   0.2497599E+02   0.7723878E+02   0.1710895E+02   0.1693332E+02   0.1706198E+02   0.6633960E+01   0.2196750E+02   0.7707919E+01   0.2343653E+02   0.2353855E+03   0.9563321E+01
   0.8950000E+00   0.1953758E+03   0.1975965E+02   0.7105975E+02   0.2199934E+02   0.1588849E+02   0.1963936E+02   0.3873519E+01   0.1866179E+02   0.1307196E+01   0.1686443E+02   0.2254162E+03   0.1639729E+02
   0.9050000E+00   0.1973009E+03   0.2490317E+02   0.6580886E+02   0.1893104E+02   0.1906081E+02   0.1839153E+02   0.4576600E+01   0.1856129E+02   0.1600945E+01   0.2312604E+02   0.2188589E+03   0.1158210E+02
   0.9150000E+00   0.1823307E+03   0.2311774E+02   0.5997290E+02   0.1707531E+02   0.2079613E+02   0.2122514E+02   0.2825300E+01   0.1512422E+02   0.1435598E+01   0.1729255E+02   0.2018109E+03   0.7790656E+01
   0.9250000E+00   0.1734008E+03   0.2823504E+02   0.5732207E+02   0.2119094E+02   0.1662262E+02   0.1678186E+02   0.2430364E+01   0.1937343E+02   0.3429752E+01   0.1613449E+02   0.1970244E+03   0.1296058E+02
   0.9350000E+00   0.1654746E+03   0.2095154E+02   0.5424412E+02   0.1913773E+02   0.6112417E+01   0.1638308E+02   0.6555669E+01   0.1844839E+02   0.2149611E+01   0.2100578E+02   0.1857184E+03   0.1405561E+02
   0.9450000E+00   0.1566458E+03   0.2197757E+02   0.4853529E+02   0.1740308E+02   0.1649708E+02   0.1993139E+02   0.3408770E+01   0.1704800E+02   0.1553267E+01   0.1852112E+02   0.1772336E+03   0.9799994E+01
   0.9550000E+00   0.1474971E+03   0.2380649E+02   0.5042509E+02   0.2144138E+02   0.9496121E+01   0.2099232E+02  -0.8960878E+00   0.2162872E+02   0.2908591E+01   0.1678846E+02   0.1678738E+03   0.1108072E+02
   0.9650000E+00   0.1314560E+03   0.1735929E+02   0.4016054E+02   0.1613238E+02   0.6779645E+01   0.1797153E+02  -0.5044434E+01   0.1505901E+02   0.8857195E+00   0.2028588E+02   0.1528173E+03   0.6638317E+01
   0.9750000E+00   0.1238617E+03   0.2495962E+02   0.3859332E+02   0.2385897E+02   0.5093370E+01   0.1069827E+02  -0.3013076E+01   0.1663851E+02   0.6186258E+01   0.2280864E+02   0.1425843E+03   0.8924619E+01
   0.9850000E+00   0.1237962E+03   0.2158464E+02   0.3723166E+02   0.2013204E+02   0.6536194E+01   0.1974004E+02   0.1645516E+01   0.1921009E+02  -0.2553474E+01   0.1723992E+02   0.1341787E+03   0.1011526E+02
   0.9950000E+00   0.1104531E+03   0.2122259E+02   0.3308842E+02   0.1398256E+02   0.5111663E+01   0.1979612E+02  -0.4413983E+00   0.2087260E+02   0.1027221E+02   0.1680984E+02   0.1281793E+03   0.1583922E+02
