#   0.1000000E+00   0.3000000E+00   0.5000000E+00   0.7000000E+00   0.9000000E+00
   0.5000022E-02   0.1181384E+06   0.3470246E+05  -0.4096000E+10   0.0000000E+00   0.1555715E+06   0.4131653E+05   0.1424886E+06   0.9565725E+05   0.1966762E+06   0.5918180E+05
   0.1500002E-01   0.1686458E+06   0.4069006E+05   0.1665642E+06   0.2307236E+05   0.1889394E+06   0.4561061E+05   0.2025106E+06   0.4399698E+05   0.2364156E+06   0.2092717E+05
   0.2500002E-01   0.1508725E+06   0.1829290E+05   0.1422235E+06   0.1726628E+05   0.1703720E+06   0.1980657E+05   0.1803763E+06   0.1929837E+05   0.1966644E+06   0.1768645E+05
   0.3500002E-01   0.1102626E+06   0.9161495E+04   0.1142339E+06   0.7645427E+04   0.1208261E+06   0.1079630E+05   0.1390600E+06   0.7778968E+04   0.1510946E+06   0.1121203E+05
   0.4500002E-01   0.8352910E+05   0.5144275E+04   0.8542107E+05   0.7332335E+04   0.9245403E+05   0.4663595E+04   0.1083402E+06   0.9578052E+04   0.1187176E+06   0.6921663E+04
   0.5500002E-01   0.7046421E+05   0.3726597E+04   0.7170910E+05   0.4583099E+04   0.8112998E+05   0.4474660E+04   0.9045971E+05   0.7264521E+04   0.9937209E+05   0.5557612E+04
   0.6500002E-01   0.6380528E+05   0.2632131E+04   0.6839401E+05   0.5846920E+04   0.7230218E+05   0.2948630E+04   0.8084085E+05   0.3510236E+04   0.9012961E+05   0.3295811E+04
   0.7500002E-01   0.5361950E+05   0.3641140E+04   0.5661318E+05   0.2242936E+04   0.6209998E+05   0.4485735E+04   0.6864733E+05   0.2939706E+04   0.7966211E+05   0.3085033E+04
   0.8500002E-01   0.4291174E+05   0.2873758E+04   0.4594596E+05   0.3270266E+04   0.4922716E+05   0.3436098E+04   0.5602712E+05   0.1932281E+04   0.6586927E+05   0.3926009E+04
   0.9500002E-01   0.3556195E+05   0.2396809E+04   0.3660395E+05   0.3235164E+04   0.4108639E+05   0.1733901E+04   0.4642667E+05   0.3009716E+04   0.5506091E+05   0.3321191E+04
   0.1050000E+00   0.3153546E+05   0.1161134E+04   0.3198908E+05   0.1838044E+04   0.3592449E+05   0.2214220E+04   0.4038236E+05   0.1816145E+04   0.4831529E+05   0.1844038E+04
   0.1150000E+00   0.2754037E+05   0.1564228E+04   0.2954612E+05   0.1918762E+04   0.3301276E+05   0.1962928E+04   0.3721464E+05   0.1717134E+04   0.4579617E+05   0.1494989E+04
   0.1250000E+00   0.2686393E+05   0.8153979E+03   0.2777523E+05   0.1215718E+04   0.3009732E+05   0.1830365E+04   0.3479944E+05   0.1585005E+04   0.4144712E+05   0.2201104E+04
   0.1350000E+00   0.2324318E+05   0.1458000E+04   0.2511434E+05   0.1054628E+04   0.2732384E+05   0.1652182E+04   0.3082227E+05   0.1129996E+04   0.3727348E+05   0.1561312E+04
   0.1450000E+00   0.2070123E+05   0.1387819E+04   0.2175049E+05   0.1627292E+04   0.2321230E+05   0.1773647E+04   0.2789603E+05   0.1266045E+04   0.3426231E+05   0.1171080E+04
   0.1550000E+00   0.1777985E+05   0.1298330E+04   0.1930138E+05   0.9874904E+03   0.2097371E+05   0.8868545E+03   0.2506281E+05   0.1022704E+04   0.3093229E+05   0.9128746E+03
   0.1650000E+00   0.1599858E+05   0.8271982E+03   0.1692546E+05   0.1095000E+04   0.1911052E+05   0.1222707E+04   0.2249960E+05   0.1009224E+04   0.2820062E+05   0.1067273E+04
   0.1750000E+00   0.1509895E+05   0.1017535E+04   0.1618561E+05   0.1042781E+04   0.1751121E+05   0.1055069E+04   0.2072846E+05   0.6537415E+03   0.2629761E+05   0.9529270E+03
   0.1850000E+00   0.1366145E+05   0.9581745E+03   0.1466713E+05   0.7110548E+03   0.1676395E+05   0.7498649E+03   0.1929163E+05   0.8236227E+03   0.2542520E+05   0.1105922E+04
   0.1950000E+00   0.1234158E+05   0.5020801E+03   0.1367926E+05   0.4120986E+03   0.1518814E+05   0.1032052E+04   0.1821751E+05   0.7004456E+03   0.2340809E+05   0.8800005E+03
   0.2050000E+00   0.1185222E+05   0.8127942E+03   0.1237153E+05   0.9882708E+03   0.1420350E+05   0.9504776E+03   0.1665629E+05   0.8631148E+03   0.2177801E+05   0.7228519E+03
   0.2150000E+00   0.1048038E+05   0.9425200E+03   0.1164592E+05   0.6456304E+03   0.1290149E+05   0.9379207E+03   0.1514559E+05   0.7057621E+03   0.1978315E+05   0.1120138E+04
   0.2250000E+00   0.1020201E+05   0.6676940E+03   0.1057842E+05   0.9317901E+03   0.1141414E+05   0.7121509E+03   0.1417055E+05   0.9726540E+03   0.1824937E+05   0.6800514E+03
   0.2350000E+00   0.9405572E+04   0.6082128E+03   0.9801725E+04   0.6918865E+03   0.1126537E+05   0.4445888E+03   0.1332041E+05   0.5710871E+03   0.1801455E+05   0.6366301E+03
   0.2450000E+00   0.9191304E+04   0.5817550E+03   0.8660494E+04   0.6854209E+03   0.1044970E+05   0.9604279E+03   0.1269998E+05   0.7148887E+03   0.1691405E+05   0.4959703E+03
   0.2550000E+00   0.8315581E+04   0.9055594E+03   0.8704235E+04   0.3763378E+03   0.9705212E+04   0.6460427E+03   0.1174753E+05   0.7024469E+03   0.1559628E+05   0.9093410E+03
   0.2650000E+00   0.7524373E+04   0.4976060E+03   0.8039710E+04   0.3886941E+03   0.8897592E+04   0.6566509E+03   0.1094003E+05   0.6200497E+03   0.1525268E+05   0.6603245E+03
   0.2750000E+00   0.7242914E+04   0.6196278E+03   0.7632270E+04   0.5916524E+03   0.8267848E+04   0.5622633E+03   0.1024617E+05   0.3725404E+03   0.1420196E+05   0.5773734E+03
   0.2850000E+00   0.6611728E+04   0.6113471E+03   0.6813113E+04   0.4255973E+03   0.7751041E+04   0.6368229E+03   0.9710228E+04   0.4737808E+03   0.1318573E+05   0.4774011E+03
   0.2950000E+00   0.6107445E+04   0.4836136E+03   0.6145531E+04   0.3935325E+03   0.7171936E+04   0.4782251E+03   0.8925252E+04   0.5803133E+03   0.1242360E+05   0.3731503E+03
   0.3050000E+00   0.6030357E+04   0.4129461E+03   0.5991851E+04   0.5433777E+03   0.6677812E+04   0.4025935E+03   0.8454191E+04   0.5472322E+03   0.1179387E+05   0.7831424E+03
   0.3150000E+00   0.5623941E+04   0.4356341E+03   0.5660732E+04   0.6116111E+03   0.6524471E+04   0.5028491E+03   0.7834788E+04   0.5240211E+03   0.1110202E+05   0.6767909E+03
   0.3250000E+00   0.5047910E+04   0.4002395E+03   0.5157846E+04   0.5825001E+03   0.5917330E+04   0.2853068E+03   0.7417960E+04   0.5609804E+03   0.1059460E+05   0.4633340E+03
   0.3350000E+00   0.4724605E+04   0.5908051E+03   0.4909164E+04   0.3187530E+03   0.5404695E+04   0.4532178E+03   0.6841079E+04   0.6077414E+03   0.1004778E+05   0.6164138E+03
   0.3450000E+00   0.4712821E+04   0.5265279E+03   0.4803625E+04   0.4677859E+03   0.4904250E+04   0.4310412E+03   0.6649905E+04   0.5153077E+03   0.9492234E+04   0.5658377E+03
   0.3550000E+00   0.4132344E+04   0.4896447E+03   0.4065706E+04   0.5480461E+03   0.4586010E+04   0.5626046E+03   0.5721949E+04   0.3462733E+03   0.8815521E+04   0.4330012E+03
   0.3650000E+00   0.3792161E+04   0.5145515E+03   0.4121219E+04   0.2881233E+03   0.4429226E+04   0.4269348E+03   0.5710480E+04   0.4243502E+03   0.8468467E+04   0.4186067E+03
   0.3750000E+00   0.3604938E+04   0.5110345E+03   0.3805892E+04   0.3772396E+03   0.4204493E+04   0.3191272E+03   0.5641384E+04   0.4166538E+03   0.7992471E+04   0.4854931E+03
   0.3850000E+00   0.3415190E+04   0.3903512E+03   0.3686033E+04   0.4352013E+03   0.3841919E+04   0.2531271E+03   0.5117103E+04   0.3728159E+03   0.7678490E+04   0.4795459E+03
   0.3950000E+00   0.3020540E+04   0.2545444E+03   0.3287591E+04   0.4691562E+03   0.3778795E+04   0.5631738E+03   0.4567742E+04   0.3323400E+03   0.7075323E+04   0.3304531E+03
   0.4050000E+00   0.3008417E+04   0.5705869E+03   0.3081854E+04   0.3911536E+03   0.3313437E+04   0.2493959E+03   0.4334705E+04   0.4648508E+03   0.6687835E+04   0.2924300E+03
   0.4150000E+00   0.3001696E+04   0.2951695E+03   0.2848694E+04   0.4069675E+03   0.3325805E+04   0.4923476E+03   0.3943380E+04   0.4129171E+03   0.6369028E+04   0.1693897E+03
   0.4250000E+00   0.2719082E+04   0.3677187E+03   0.2939546E+04   0.3378778E+03   0.3000964E+04   0.3731609E+03   0.4072421E+04   0.3661908E+03   0.5937402E+04   0.2680193E+03
   0.4350000E+00   0.2664219E+04   0.2995992E+03   0.2413660E+04   0.4583215E+03   0.2762596E+04   0.3336896E+03   0.3432230E+04   0.4087308E+03   0.5726462E+04   0.5214531E+03
   0.4450000E+00   0.2292876E+04   0.2639370E+03   0.2387781E+04   0.1926020E+03   0.2521109E+04   0.3182367E+03   0.3209869E+04   0.4104130E+03   0.5456762E+04   0.3095433E+03
   0.4550000E+00   0.2438996E+04   0.4763564E+03   0.2085962E+04   0.3237053E+03   0.2360781E+04   0.2350287E+03   0.2987162E+04   0.3396832E+03   0.5196542E+04   0.2551672E+03
   0.4650000E+00   0.2119517E+04   0.3022552E+03   0.2085156E+04   0.4017696E+03   0.2229231E+04   0.3351053E+03   0.2780495E+04   0.3298418E+03   0.4690610E+04   0.2492080E+03
   0.4750000E+00   0.1894086E+04   0.2158525E+03   0.2013585E+04   0.3905873E+03   0.2011836E+04   0.2972441E+03   0.2670273E+04   0.2683800E+03   0.4454996E+04   0.2947362E+03
   0.4850000E+00   0.1884053E+04   0.2350518E+03   0.1781343E+04   0.3672667E+03   0.1773971E+04   0.3112874E+03   0.2401392E+04   0.2714499E+03   0.4099128E+04   0.4126387E+03
   0.4950000E+00   0.1608498E+04   0.2568838E+03   0.1502493E+04   0.3236836E+03   0.1623785E+04   0.2515383E+03   0.2278363E+04   0.3390928E+03   0.4078989E+04   0.3369173E+03
   0.5050000E+00   0.1713471E+04   0.3317241E+03   0.1358411E+04   0.2131492E+03   0.1607009E+04   0.2576590E+03   0.2065701E+04   0.2864312E+03   0.3968860E+04   0.3140556E+03
   0.5150000E+00   0.1544530E+04   0.2177409E+03   0.1437370E+04   0.3402192E+03   0.1161328E+04   0.2237635E+03   0.1871500E+04   0.2369395E+03   0.3518783E+04   0.2776911E+03
   0.5250000E+00   0.1416989E+04   0.1976942E+03   0.1230329E+04   0.2870187E+03   0.1214852E+04   0.1725119E+03   0.1673966E+04   0.2314516E+03   0.3413243E+04   0.3333599E+03
   0.5350000E+00   0.1303136E+04   0.2601539E+03   0.1270592E+04   0.2389316E+03   0.1105191E+04   0.2321920E+03   0.1625579E+04   0.2790064E+03   0.3339664E+04   0.3324355E+03
   0.5450000E+00   0.1257269E+04   0.3563860E+03   0.9842816E+03   0.3513012E+03   0.1036249E+04   0.2110177E+03   0.1402663E+04   0.1611344E+03   0.2886856E+04   0.3032857E+03
   0.5550000E+00   0.1106379E+04   0.2963332E+03   0.1047308E+04   0.2148668E+03   0.9900464E+03   0.2365222E+03   0.1399616E+04   0.1950007E+03   0.2762943E+04   0.4343632E+03
   0.5650000E+00   0.1164608E+04   0.2839226E+03   0.9984308E+03   0.2279645E+03   0.7882863E+03   0.2587337E+03   0.1327159E+04   0.3219821E+03   0.2789439E+04   0.2742184E+03
   0.5750000E+00   0.9114900E+03   0.2213693E+03   0.8356928E+03   0.2199664E+03   0.7960972E+03   0.1570534E+03   0.1208444E+04   0.3743023E+03   0.2348712E+04   0.3286323E+03
   0.5850000E+00   0.8056288E+03   0.2448744E+03   0.7594778E+03   0.2525023E+03   0.5659376E+03   0.1882341E+03   0.1020292E+04   0.2601527E+03   0.2272974E+04   0.2455392E+03
   0.5950000E+00   0.7809055E+03   0.1551442E+03   0.5822472E+03   0.1793665E+03   0.5932556E+03   0.2704458E+03   0.8670663E+03   0.2447629E+03   0.2091310E+04   0.1846920E+03
   0.6050000E+00   0.7403628E+03   0.3099278E+03   0.6032572E+03   0.2380099E+03   0.3837551E+03   0.2924890E+03   0.8217282E+03   0.2150766E+03   0.2162696E+04   0.2936832E+03
   0.6150000E+00   0.8121331E+03   0.2271943E+03   0.3877241E+03   0.1803373E+03   0.5152983E+03   0.3265216E+03   0.6552748E+03   0.3106652E+03   0.1986584E+04   0.3456236E+03
   0.6250000E+00   0.7429980E+03   0.3228133E+03   0.6461301E+03   0.2767114E+03   0.2760988E+03   0.1874486E+03   0.5786084E+03   0.2949393E+03   0.1921420E+04   0.2304472E+03
   0.6350000E+00   0.6651160E+03   0.2679797E+03   0.3667495E+03   0.2866515E+03   0.2475378E+03   0.2107147E+03   0.4800393E+03   0.1514785E+03   0.1661296E+04   0.2205933E+03
   0.6450000E+00   0.5495734E+03   0.2244630E+03   0.3376608E+03   0.2028637E+03   0.1115861E+03   0.1969149E+03   0.4214815E+03   0.1522509E+03   0.1611122E+04   0.2140966E+03
   0.6550000E+00   0.4314636E+03   0.2375451E+03   0.3290427E+03   0.2357173E+03   0.2021010E+03   0.2435771E+03   0.3137751E+03   0.2138870E+03   0.1417142E+04   0.1707940E+03
   0.6650000E+00   0.3017320E+03   0.2515293E+03   0.3038010E+03   0.2317842E+03   0.5557664E+02   0.2514704E+03   0.2470694E+03   0.2295923E+03   0.1358060E+04   0.1778036E+03
   0.6750000E+00   0.3701875E+03   0.2627233E+03   0.2321348E+03   0.2380824E+03   0.1656176E+01   0.2449140E+03   0.3457317E+03   0.3090006E+03   0.1293209E+04   0.2208313E+03
   0.6850000E+00   0.3874676E+03   0.2424846E+03   0.1008647E+03   0.1824308E+03  -0.1563238E+02   0.1694899E+03   0.3194936E+03   0.1509824E+03   0.1264842E+04   0.2690004E+03
   0.6950000E+00   0.2943295E+03   0.1908879E+03   0.1014314E+03   0.1908865E+03  -0.7315954E+02   0.2956881E+03   0.1834766E+03   0.1696621E+03   0.1158044E+04   0.2511234E+03
   0.7050000E+00   0.2798888E+03   0.1967009E+03   0.1637696E+03   0.1951270E+03  -0.1828947E+03   0.2304705E+03   0.1758846E+02   0.1887609E+03   0.1194836E+04   0.2144357E+03
   0.7150000E+00   0.1336836E+03   0.1867135E+03  -0.2014652E+02   0.2092487E+03  -0.1597881E+03   0.2327199E+03   0.1658429E+03   0.1759250E+03   0.1004569E+04   0.1962377E+03
   0.7250000E+00   0.2626703E+03   0.1472959E+03  -0.6875678E+02   0.1627752E+03  -0.2054722E+03   0.1900940E+03  -0.1007860E+03   0.2414688E+03   0.9147171E+03   0.2254028E+03
   0.7350000E+00   0.1052381E+03   0.2654463E+03  -0.5547269E+02   0.2593495E+03  -0.1962262E+03   0.2012825E+03  -0.3634360E+02   0.1646204E+03   0.8238002E+03   0.1599968E+03
   0.7450000E+00  -0.1261238E+01   0.1937001E+03  -0.8415271E+02   0.2309016E+03  -0.1896397E+03   0.1157319E+03  -0.1259026E+03   0.1735947E+03   0.7966325E+03   0.2109931E+03
   0.7550000E+00   0.7952185E+02   0.1923165E+03  -0.1092518E+03   0.1740293E+03  -0.2086548E+03   0.1728679E+03  -0.6833032E+02   0.1468463E+03   0.7794060E+03   0.1821487E+03
   0.7650000E+00   0.8323881E+02   0.2059249E+03  -0.1206255E+03   0.1941225E+03  -0.2515650E+03   0.2503072E+03  -0.5603639E+02   0.1284659E+03   0.6975126E+03   0.2113232E+03
   0.7750000E+00  -0.6796563E+02   0.1660063E+03  -0.1805666E+03   0.1990697E+03  -0.2809388E+03   0.2070065E+03  -0.6291831E+02   0.1601739E+03   0.7388028E+03   0.2247509E+03
   0.7850000E+00  -0.2591470E+02   0.1958573E+03  -0.1939000E+03   0.1351615E+03  -0.3617181E+03   0.2169041E+03  -0.1619611E+03   0.1699397E+03   0.5995811E+03   0.2242386E+03
   0.7950000E+00  -0.3532067E+02   0.2446254E+03  -0.2262364E+03   0.1806345E+03  -0.3292250E+03   0.1646035E+03  -0.1552432E+03   0.2108607E+03   0.5143408E+03   0.1722045E+03
   0.8050000E+00  -0.7530984E+02   0.1421634E+03  -0.1490233E+03   0.1557269E+03  -0.3646642E+03   0.1936804E+03  -0.2190043E+03   0.1595995E+03   0.4790988E+03   0.2261365E+03
   0.8150000E+00   0.3817619E+02   0.1282205E+03  -0.2674483E+03   0.1838116E+03  -0.3348113E+03   0.1970584E+03  -0.3153708E+03   0.1802375E+03   0.4240622E+03   0.1483463E+03
   0.8250000E+00  -0.2925084E+02   0.1467710E+03  -0.2491609E+03   0.1310881E+03  -0.4301662E+03   0.1855905E+03  -0.1745949E+03   0.1860612E+03   0.5183794E+03   0.1467859E+03
   0.8350000E+00  -0.6675940E+02   0.2884069E+03  -0.2890203E+03   0.1860959E+03  -0.4245144E+03   0.2804657E+03  -0.3735444E+03   0.1609069E+03   0.4127191E+03   0.1940682E+03
   0.8450000E+00   0.1966829E+02   0.2091503E+03  -0.2605867E+03   0.2005535E+03  -0.2557658E+03   0.2198818E+03  -0.2172748E+03   0.1592718E+03   0.3459813E+03   0.1581479E+03
   0.8550000E+00  -0.5735133E+02   0.1417043E+03  -0.3681152E+03   0.1672382E+03  -0.4109673E+03   0.1510706E+03  -0.2390501E+03   0.1618419E+03   0.4143287E+03   0.1884839E+03
   0.8650000E+00  -0.7141296E+02   0.2129068E+03  -0.2889679E+03   0.1406007E+03  -0.4754017E+03   0.1150735E+03  -0.2822615E+03   0.2606175E+03   0.3812319E+03   0.1739215E+03
   0.8750000E+00  -0.2017183E+03   0.1775462E+03  -0.4056388E+03   0.1710565E+03  -0.5175645E+03   0.1963518E+03  -0.2404405E+03   0.1512953E+03   0.3238044E+03   0.2236231E+03
   0.8850000E+00  -0.1516977E+03   0.1499473E+03  -0.3375599E+03   0.1629915E+03  -0.5032169E+03   0.1410848E+03  -0.2856002E+03   0.1148278E+03   0.3171271E+03   0.1556039E+03
   0.8950000E+00  -0.1715183E+03   0.1480637E+03  -0.2741480E+03   0.6876488E+02  -0.4823495E+03   0.1477835E+03  -0.3438087E+03   0.1899039E+03   0.2680158E+03   0.1616044E+03
   0.9050000E+00  -0.1748823E+03   0.1877196E+03  -0.3716318E+03   0.1815375E+03  -0.4423576E+03   0.1350238E+03  -0.3450832E+03   0.1598724E+03   0.2052012E+03   0.1138195E+03
   0.9150000E+00  -0.1784547E+03   0.1074606E+03  -0.3888556E+03   0.1223211E+03  -0.3969984E+03   0.2126308E+03  -0.2817716E+03   0.1905920E+03   0.2306524E+03   0.9392734E+02
   0.9250000E+00  -0.2380187E+03   0.1964856E+03  -0.3791770E+03   0.1568101E+03  -0.4669715E+03   0.1669905E+03  -0.2605418E+03   0.2498556E+03   0.1794409E+03   0.2115975E+03
   0.9350000E+00  -0.1719628E+03   0.1828449E+03  -0.4252406E+03   0.1545188E+03  -0.4459469E+03   0.1973571E+03  -0.2994537E+03   0.2129538E+03   0.1975402E+03   0.1569008E+03
   0.9450000E+00  -0.3218221E+03   0.1542760E+03  -0.3113242E+03   0.1334961E+03  -0.4485851E+03   0.1984513E+03  -0.3180348E+03   0.1692950E+03   0.8320043E+02   0.1493973E+03
   0.9550000E+00  -0.3555005E+03   0.2239147E+03  -0.5184735E+03   0.1644137E+03  -0.4788719E+03   0.1075208E+03  -0.2807470E+03   0.1615853E+03   0.1098757E+03   0.1832822E+03
   0.9650000E+00  -0.2251630E+03   0.1220189E+03  -0.4002665E+03   0.1178098E+03  -0.4677793E+03   0.1828729E+03  -0.2952170E+03   0.1098682E+03   0.4324620E+02   0.1212576E+03
   0.9750000E+00  -0.2605794E+03   0.1771243E+03  -0.3907722E+03   0.1842230E+03  -0.4625834E+03   0.1255308E+03  -0.3014752E+03   0.1562556E+03   0.9651711E+02   0.1175674E+03
   0.9850000E+00  -0.3430313E+03   0.1414603E+03  -0.4328657E+03   0.1265753E+03  -0.4508907E+03   0.1512326E+03  -0.3049377E+03   0.2080154E+03   0.1855192E+03   0.1127413E+03
   0.9950000E+00  -0.3250379E+03   0.2640545E+03  -0.4490766E+03   0.1499890E+03  -0.4247411E+03   0.1746470E+03  -0.3331126E+03   0.1507908E+03   0.3637849E+02   0.1480974E+03
