#   0.1000000E+00   0.3000000E+00   0.5000000E+00   0.7000000E+00   0.9000000E+00 real
   0.5000022E-02   0.8908242E+05   0.4200742E+05  -0.4096000E+10   0.0000000E+00   0.1059870E+06   0.3427331E+05   0.1093597E+06   0.6841821E+05   0.1455608E+06   0.6402311E+05   0.9273266E+05   0.1983673E+05
   0.1500002E-01   0.1075336E+06   0.2576684E+05   0.1150285E+06   0.2679115E+05   0.1310533E+06   0.3032039E+05   0.1472112E+06   0.3448719E+05   0.1660882E+06   0.2324207E+05   0.1127511E+06   0.8708132E+04
   0.2500002E-01   0.1044868E+06   0.1269756E+05   0.1010129E+06   0.8075999E+04   0.1159321E+06   0.9481667E+04   0.1342180E+06   0.1455850E+05   0.1478768E+06   0.1433019E+05   0.1011698E+06   0.4310203E+04
   0.3500002E-01   0.7579758E+05   0.6754427E+04   0.7662444E+05   0.9040373E+04   0.8599572E+05   0.8307177E+04   0.9685405E+05   0.8282747E+04   0.1087867E+06   0.7966346E+04   0.7469941E+05   0.3559406E+04
   0.4500002E-01   0.5845251E+05   0.4306649E+04   0.6084279E+05   0.5995913E+04   0.6620670E+05   0.5513272E+04   0.7444188E+05   0.6888573E+04   0.8315329E+05   0.6029497E+04   0.5804563E+05   0.3064880E+04
   0.5500002E-01   0.4945059E+05   0.3884466E+04   0.5077967E+05   0.3393645E+04   0.5525434E+05   0.4447602E+04   0.6180642E+05   0.4725785E+04   0.6956329E+05   0.4590565E+04   0.4901132E+05   0.1490792E+04
   0.6500002E-01   0.4482412E+05   0.2437494E+04   0.4709245E+05   0.2766803E+04   0.4979227E+05   0.2637915E+04   0.5414756E+05   0.3604262E+04   0.6188276E+05   0.3508226E+04   0.4464245E+05   0.8735120E+03
   0.7500002E-01   0.3771391E+05   0.2521350E+04   0.3922318E+05   0.2303902E+04   0.4158200E+05   0.2417185E+04   0.4586873E+05   0.2008156E+04   0.5118243E+05   0.3318836E+04   0.3765418E+05   0.7608643E+03
   0.8500002E-01   0.3067119E+05   0.1827514E+04   0.3139093E+05   0.2118641E+04   0.3323969E+05   0.1875199E+04   0.3615980E+05   0.2088860E+04   0.4075510E+05   0.2383073E+04   0.3029960E+05   0.9055709E+03
   0.9500002E-01   0.2502979E+05   0.1515001E+04   0.2548747E+05   0.1593646E+04   0.2688562E+05   0.1790944E+04   0.2985479E+05   0.1899729E+04   0.3268054E+05   0.1785876E+04   0.2469856E+05   0.8314059E+03
   0.1050000E+00   0.2151122E+05   0.1691901E+04   0.2283039E+05   0.1540808E+04   0.2366553E+05   0.1388477E+04   0.2488491E+05   0.1732576E+04   0.2849110E+05   0.1475538E+04   0.2174620E+05   0.5107078E+03
   0.1150000E+00   0.2003254E+05   0.1651382E+04   0.2045934E+05   0.1264335E+04   0.2090931E+05   0.1460911E+04   0.2248097E+05   0.1448424E+04   0.2446115E+05   0.1552360E+04   0.1983235E+05   0.8706394E+03
   0.1250000E+00   0.1878211E+05   0.9608310E+03   0.1856376E+05   0.1085662E+04   0.1887467E+05   0.1370875E+04   0.2017674E+05   0.1212516E+04   0.2150707E+05   0.1588788E+04   0.1826527E+05   0.4785588E+03
   0.1350000E+00   0.1637829E+05   0.1110157E+04   0.1626107E+05   0.1010036E+04   0.1709109E+05   0.1070478E+04   0.1787440E+05   0.1240949E+04   0.1829639E+05   0.1261023E+04   0.1631981E+05   0.5017463E+03
   0.1450000E+00   0.1461675E+05   0.7192630E+03   0.1458961E+05   0.1117552E+04   0.1478509E+05   0.8950087E+03   0.1531813E+05   0.9684100E+03   0.1600917E+05   0.1028615E+04   0.1446095E+05   0.4046566E+03
   0.1550000E+00   0.1255796E+05   0.8646554E+03   0.1280024E+05   0.8430068E+03   0.1280029E+05   0.7176297E+03   0.1305923E+05   0.9682383E+03   0.1362821E+05   0.8557465E+03   0.1262031E+05   0.2862196E+03
   0.1650000E+00   0.1148939E+05   0.7701573E+03   0.1152579E+05   0.7866871E+03   0.1150927E+05   0.7264129E+03   0.1143878E+05   0.7638493E+03   0.1192332E+05   0.6460094E+03   0.1141353E+05   0.3204220E+03
   0.1750000E+00   0.1041774E+05   0.7284949E+03   0.1055514E+05   0.7693510E+03   0.1026508E+05   0.7058886E+03   0.1018194E+05   0.6822375E+03   0.1012277E+05   0.8641213E+03   0.1049402E+05   0.3477379E+03
   0.1850000E+00   0.9993206E+04   0.9529797E+03   0.9844980E+04   0.5864374E+03   0.9619009E+04   0.7160271E+03   0.9338664E+04   0.7482790E+03   0.9121327E+04   0.7765114E+03   0.1000827E+05   0.4171744E+03
   0.1950000E+00   0.9303240E+04   0.6204411E+03   0.8844496E+04   0.5023649E+03   0.8544950E+04   0.6723997E+03   0.8229036E+04   0.7177899E+03   0.7741960E+04   0.6234281E+03   0.9163560E+04   0.2274674E+03
   0.2050000E+00   0.8340805E+04   0.5012091E+03   0.8191439E+04   0.7285478E+03   0.7641126E+04   0.4677542E+03   0.7322244E+04   0.5132063E+03   0.6837165E+04   0.6765639E+03   0.8404067E+04   0.2746249E+03
   0.2150000E+00   0.7499125E+04   0.5115522E+03   0.7369759E+04   0.6279354E+03   0.6962903E+04   0.6015817E+03   0.6482706E+04   0.5641201E+03   0.5927458E+04   0.5325539E+03   0.7638565E+04   0.2610556E+03
   0.2250000E+00   0.7287113E+04   0.5303167E+03   0.6775569E+04   0.5495663E+03   0.6213178E+04   0.6380979E+03   0.5636302E+04   0.4990014E+03   0.5033207E+04   0.5063337E+03   0.7163446E+04   0.3245426E+03
   0.2350000E+00   0.6762988E+04   0.4883314E+03   0.6251996E+04   0.5406076E+03   0.5659111E+04   0.4480738E+03   0.4954638E+04   0.5885849E+03   0.4350284E+04   0.4802953E+03   0.6674742E+04   0.2374869E+03
   0.2450000E+00   0.6234120E+04   0.5772300E+03   0.5816929E+04   0.3986961E+03   0.5208990E+04   0.5145341E+03   0.4647193E+04   0.5159543E+03   0.3978918E+04   0.5689543E+03   0.6213590E+04   0.1777250E+03
   0.2550000E+00   0.5823200E+04   0.3714967E+03   0.5370100E+04   0.5266506E+03   0.4732365E+04   0.5229078E+03   0.3931240E+04   0.4355127E+03   0.3331542E+04   0.5168666E+03   0.5838070E+04   0.2134004E+03
   0.2650000E+00   0.5280061E+04   0.3188700E+03   0.4812454E+04   0.4429614E+03   0.4261769E+04   0.3746217E+03   0.3468460E+04   0.4336289E+03   0.2761828E+04   0.4569963E+03   0.5334437E+04   0.1665977E+03
   0.2750000E+00   0.5127648E+04   0.4807010E+03   0.4572906E+04   0.3697061E+03   0.3802818E+04   0.3807311E+03   0.3063487E+04   0.4262697E+03   0.2462229E+04   0.3850481E+03   0.5047569E+04   0.1726938E+03
   0.2850000E+00   0.4761150E+04   0.3740741E+03   0.4309451E+04   0.3372069E+03   0.3466022E+04   0.4349909E+03   0.2752737E+04   0.3893841E+03   0.2084544E+04   0.4349163E+03   0.4809804E+04   0.1222451E+03
   0.2950000E+00   0.4457621E+04   0.3974591E+03   0.4039734E+04   0.4454969E+03   0.3335175E+04   0.3810793E+03   0.2535491E+04   0.3278363E+03   0.1868520E+04   0.3253223E+03   0.4569003E+04   0.1630885E+03
   0.3050000E+00   0.4198148E+04   0.4379897E+03   0.3657913E+04   0.4272532E+03   0.2900626E+04   0.3587152E+03   0.2282551E+04   0.4214538E+03   0.1652554E+04   0.4365596E+03   0.4253498E+04   0.1496680E+03
   0.3150000E+00   0.3944922E+04   0.4244240E+03   0.3449764E+04   0.3436075E+03   0.2676821E+04   0.3677824E+03   0.1820815E+04   0.4038604E+03   0.1439228E+04   0.3475570E+03   0.4031842E+04   0.1209328E+03
   0.3250000E+00   0.3858646E+04   0.3476013E+03   0.3135668E+04   0.3985600E+03   0.2419345E+04   0.3005983E+03   0.1724859E+04   0.3752687E+03   0.1245522E+04   0.2984996E+03   0.3846582E+04   0.1202517E+03
   0.3350000E+00   0.3550074E+04   0.3154790E+03   0.2967236E+04   0.3530469E+03   0.2191961E+04   0.3722272E+03   0.1428268E+04   0.3569317E+03   0.1024027E+04   0.3790221E+03   0.3576014E+04   0.1813097E+03
   0.3450000E+00   0.3378276E+04   0.4113737E+03   0.2820810E+04   0.3096299E+03   0.2066825E+04   0.3162674E+03   0.1427139E+04   0.3105414E+03   0.9224975E+03   0.3553081E+03   0.3404202E+04   0.1633027E+03
   0.3550000E+00   0.3118962E+04   0.3935225E+03   0.2560935E+04   0.3319466E+03   0.1858515E+04   0.2583613E+03   0.1189610E+04   0.3649685E+03   0.8432436E+03   0.2778859E+03   0.3213327E+04   0.1531141E+03
   0.3650000E+00   0.2945635E+04   0.2883449E+03   0.2457214E+04   0.2932682E+03   0.1713587E+04   0.2487911E+03   0.1035086E+04   0.3088226E+03   0.6369081E+03   0.3007723E+03   0.3023503E+04   0.1402949E+03
   0.3750000E+00   0.2827465E+04   0.3530583E+03   0.2313485E+04   0.3213649E+03   0.1521779E+04   0.3502853E+03   0.9128001E+03   0.2773266E+03   0.5665473E+03   0.2562833E+03   0.2927025E+04   0.1854344E+03
   0.3850000E+00   0.2700780E+04   0.3078900E+03   0.2175975E+04   0.3137272E+03   0.1385537E+04   0.2592463E+03   0.8672488E+03   0.3692591E+03   0.4565401E+03   0.2916711E+03   0.2752328E+04   0.1018353E+03
   0.3950000E+00   0.2564080E+04   0.2486146E+03   0.1994189E+04   0.2717478E+03   0.1232271E+04   0.2982238E+03   0.6669342E+03   0.3079914E+03   0.4102135E+03   0.2678846E+03   0.2668989E+04   0.1121911E+03
   0.4050000E+00   0.2430442E+04   0.2420764E+03   0.1833754E+04   0.2741296E+03   0.1190930E+04   0.2759723E+03   0.6120411E+03   0.2639758E+03   0.3433844E+03   0.2474827E+03   0.2461413E+04   0.1442541E+03
   0.4150000E+00   0.2207297E+04   0.2764394E+03   0.1662616E+04   0.2328990E+03   0.1078327E+04   0.2348711E+03   0.5067226E+03   0.2161999E+03   0.2936231E+03   0.2714891E+03   0.2294551E+04   0.1091108E+03
   0.4250000E+00   0.2169582E+04   0.2448322E+03   0.1617009E+04   0.2411333E+03   0.1016120E+04   0.3034985E+03   0.5423051E+03   0.2247995E+03   0.2441919E+03   0.2492283E+03   0.2242827E+04   0.7953468E+02
   0.4350000E+00   0.2042157E+04   0.2381976E+03   0.1542054E+04   0.1996242E+03   0.8812627E+03   0.2464663E+03   0.4256938E+03   0.2541365E+03   0.1616476E+03   0.2172230E+03   0.2100510E+04   0.1150850E+03
   0.4450000E+00   0.1972414E+04   0.2598310E+03   0.1430089E+04   0.2548219E+03   0.7516287E+03   0.2887646E+03   0.4164609E+03   0.2507144E+03   0.1716166E+03   0.2338433E+03   0.1999256E+04   0.1068042E+03
   0.4550000E+00   0.1797099E+04   0.2581844E+03   0.1285189E+04   0.2828527E+03   0.6403678E+03   0.1967663E+03   0.3984020E+03   0.2804479E+03   0.1724799E+03   0.2775815E+03   0.1876360E+04   0.1224927E+03
   0.4650000E+00   0.1724668E+04   0.2421495E+03   0.1211024E+04   0.2331912E+03   0.6229746E+03   0.2237836E+03   0.2783064E+03   0.2425121E+03   0.1901684E+03   0.2955688E+03   0.1801116E+04   0.7647857E+02
   0.4750000E+00   0.1671599E+04   0.2520386E+03   0.1173517E+04   0.2640592E+03   0.5728467E+03   0.2243583E+03   0.3246676E+03   0.2232250E+03   0.1611889E+03   0.1938639E+03   0.1743839E+04   0.1283812E+03
   0.4850000E+00   0.1629226E+04   0.2478609E+03   0.1064305E+04   0.2302600E+03   0.5707061E+03   0.2379950E+03   0.2104504E+03   0.2130298E+03   0.8251904E+02   0.2567703E+03   0.1663420E+04   0.1037712E+03
   0.4950000E+00   0.1502640E+04   0.2374355E+03   0.9744039E+03   0.2155130E+03   0.4606964E+03   0.2435931E+03   0.2551039E+03   0.2114950E+03   0.8625104E+02   0.1819158E+03   0.1544387E+04   0.9764724E+02
   0.5050000E+00   0.1427811E+04   0.2222971E+03   0.9388293E+03   0.2375275E+03   0.3984858E+03   0.1959905E+03   0.1286065E+03   0.2558818E+03   0.1116739E+03   0.2383576E+03   0.1481661E+04   0.1237060E+03
   0.5150000E+00   0.1400136E+04   0.2485081E+03   0.7814931E+03   0.1914282E+03   0.4030902E+03   0.1499747E+03   0.1814223E+03   0.2034929E+03   0.6249210E+02   0.1976674E+03   0.1387986E+04   0.7724937E+02
   0.5250000E+00   0.1238234E+04   0.1799168E+03   0.7783177E+03   0.1670640E+03   0.3389454E+03   0.2054788E+03   0.1839808E+03   0.2070567E+03   0.7853164E+02   0.1937935E+03   0.1305898E+04   0.8740883E+02
   0.5350000E+00   0.1235960E+04   0.1578642E+03   0.7757499E+03   0.2143588E+03   0.2924988E+03   0.1443063E+03   0.1807290E+03   0.1984600E+03   0.1104348E+03   0.1848160E+03   0.1293490E+04   0.8010895E+02
   0.5450000E+00   0.1157563E+04   0.1981174E+03   0.7212777E+03   0.2005098E+03   0.2929383E+03   0.2462793E+03   0.1252054E+03   0.1864763E+03   0.7897662E+02   0.2398286E+03   0.1195583E+04   0.7897177E+02
   0.5550000E+00   0.1218519E+04   0.1958342E+03   0.6592054E+03   0.1733846E+03   0.2498416E+03   0.1728146E+03   0.1534130E+03   0.1753424E+03   0.5349088E+02   0.2233901E+03   0.1205204E+04   0.1130760E+03
   0.5650000E+00   0.1059368E+04   0.1544120E+03   0.6509240E+03   0.1992378E+03   0.2594933E+03   0.1704695E+03   0.1093926E+03   0.2047161E+03   0.5817787E+01   0.1949402E+03   0.1119117E+04   0.9867689E+02
   0.5750000E+00   0.9600076E+03   0.1822587E+03   0.5314265E+03   0.1741763E+03   0.2103066E+03   0.2052820E+03   0.1229985E+03   0.1545019E+03   0.8639772E+02   0.1793179E+03   0.1055557E+04   0.6565835E+02
   0.5850000E+00   0.9787986E+03   0.1983685E+03   0.5751765E+03   0.1832114E+03   0.1719639E+03   0.1554867E+03   0.8230075E+02   0.1512797E+03   0.1127316E+03   0.1740965E+03   0.1064053E+04   0.9763477E+02
   0.5950000E+00   0.9335193E+03   0.1856180E+03   0.4980102E+03   0.2037282E+03   0.2257267E+03   0.1600037E+03   0.1131892E+03   0.1788765E+03   0.7118789E+02   0.2170659E+03   0.1010055E+04   0.8282555E+02
   0.6050000E+00   0.9514957E+03   0.1782572E+03   0.4870315E+03   0.1919928E+03   0.1576509E+03   0.1666065E+03   0.1175220E+03   0.1747716E+03   0.6090117E+02   0.1534322E+03   0.9654219E+03   0.8707238E+02
   0.6150000E+00   0.8970150E+03   0.1806791E+03   0.4349889E+03   0.1258150E+03   0.1974933E+03   0.1594761E+03   0.6604298E+02   0.1865468E+03   0.2294304E+02   0.2141180E+03   0.8956453E+03   0.7289075E+02
   0.6250000E+00   0.8342750E+03   0.2136110E+03   0.4237030E+03   0.1713423E+03   0.1716938E+03   0.1547837E+03   0.3824847E+02   0.1627624E+03   0.2631933E+02   0.1710122E+03   0.8507802E+03   0.6622501E+02
   0.6350000E+00   0.7818238E+03   0.1722545E+03   0.3954967E+03   0.1531427E+03   0.8686251E+02   0.1471439E+03   0.5888974E+02   0.1380011E+03   0.3794541E+02   0.2261029E+03   0.8600517E+03   0.5075191E+02
   0.6450000E+00   0.7732540E+03   0.1883316E+03   0.3948494E+03   0.1342091E+03   0.1531107E+03   0.1396210E+03   0.9093048E+02   0.1908415E+03   0.8333489E+02   0.1726751E+03   0.7961896E+03   0.1122264E+03
   0.6550000E+00   0.6922793E+03   0.2270063E+03   0.3564320E+03   0.1810310E+03   0.8400926E+02   0.1681937E+03   0.7063528E+02   0.1757015E+03   0.7498281E+02   0.1519168E+03   0.7535430E+03   0.6561251E+02
   0.6650000E+00   0.7106806E+03   0.1639115E+03   0.3525423E+03   0.1577849E+03   0.1120735E+03   0.1866676E+03   0.6376194E+02   0.1579135E+03   0.4338738E+02   0.1891330E+03   0.7504342E+03   0.3229683E+02
   0.6750000E+00   0.6485385E+03   0.1590006E+03   0.3114299E+03   0.1627664E+03   0.1573088E+03   0.1551405E+03   0.9000124E+02   0.1393015E+03   0.8958392E+02   0.1777659E+03   0.7017091E+03   0.7852954E+02
   0.6850000E+00   0.6149900E+03   0.1638667E+03   0.3498207E+03   0.1528743E+03   0.1139841E+03   0.1486666E+03   0.4902759E+02   0.1526085E+03   0.2625769E+02   0.1322444E+03   0.6589034E+03   0.7336105E+02
   0.6950000E+00   0.5688792E+03   0.1925162E+03   0.2830541E+03   0.1749937E+03   0.1172625E+03   0.1656735E+03   0.5141398E+02   0.1543708E+03   0.7300661E+02   0.1559009E+03   0.6365405E+03   0.8742762E+02
   0.7050000E+00   0.5915327E+03   0.1911597E+03   0.2974787E+03   0.1360911E+03   0.1374572E+03   0.1735740E+03   0.4165789E+02   0.1482651E+03   0.1008661E+03   0.1521478E+03   0.5905208E+03   0.9077207E+02
   0.7150000E+00   0.5799510E+03   0.1446893E+03   0.2774716E+03   0.1492151E+03   0.8709106E+02   0.1476495E+03   0.5587703E+02   0.1684152E+03   0.1463848E+03   0.1694291E+03   0.6009066E+03   0.5794339E+02
   0.7250000E+00   0.5547380E+03   0.1312041E+03   0.2588839E+03   0.1461204E+03   0.1119002E+03   0.1653062E+03   0.1256433E+03   0.1593238E+03   0.1496529E+03   0.1383845E+03   0.5448701E+03   0.7011238E+02
   0.7350000E+00   0.5033508E+03   0.1638590E+03   0.2032291E+03   0.1955476E+03   0.9491853E+02   0.1719659E+03   0.7338346E+02   0.1789185E+03   0.1163396E+03   0.1331258E+03   0.5170072E+03   0.7134435E+02
   0.7450000E+00   0.4934821E+03   0.1450335E+03   0.2472089E+03   0.1655571E+03   0.8909451E+02   0.1531044E+03   0.6755271E+02   0.1624892E+03   0.1419610E+03   0.1480871E+03   0.5142517E+03   0.5536860E+02
   0.7550000E+00   0.5284720E+03   0.1412753E+03   0.2402219E+03   0.1327066E+03   0.9922815E+02   0.1715268E+03   0.8274781E+02   0.1978425E+03   0.1463636E+03   0.1296996E+03   0.5056661E+03   0.6623431E+02
   0.7650000E+00   0.4527988E+03   0.1349873E+03   0.2395277E+03   0.1411949E+03   0.1188174E+03   0.1543013E+03   0.9609634E+02   0.1278270E+03   0.1415682E+03   0.1390499E+03   0.4507752E+03   0.6455100E+02
   0.7750000E+00   0.4411571E+03   0.1329088E+03   0.2035235E+03   0.1380294E+03   0.7737095E+02   0.1395696E+03   0.5752548E+02   0.1719968E+03   0.1320611E+03   0.1742895E+03   0.4392463E+03   0.8209393E+02
   0.7850000E+00   0.3782866E+03   0.1139308E+03   0.1955744E+03   0.1202438E+03   0.1028145E+03   0.1108359E+03   0.8592747E+02   0.1386920E+03   0.1772879E+03   0.1366127E+03   0.4127892E+03   0.5837673E+02
   0.7950000E+00   0.4076962E+03   0.1242354E+03   0.2560446E+03   0.1352040E+03   0.1053094E+03   0.1464238E+03   0.1055387E+03   0.1204427E+03   0.1821421E+03   0.1422894E+03   0.4365600E+03   0.6442446E+02
   0.8050000E+00   0.4131866E+03   0.1357025E+03   0.2195899E+03   0.1266176E+03   0.1017380E+03   0.1459187E+03   0.8231087E+02   0.1428375E+03   0.2057506E+03   0.1885199E+03   0.3869894E+03   0.6369930E+02
   0.8150000E+00   0.4246832E+03   0.1192608E+03   0.2242398E+03   0.1097589E+03   0.1326147E+03   0.1212957E+03   0.1085727E+03   0.1400761E+03   0.1673792E+03   0.1486580E+03   0.3967407E+03   0.7110705E+02
   0.8250000E+00   0.4034541E+03   0.1152152E+03   0.2402775E+03   0.1277995E+03   0.1150781E+03   0.1445211E+03   0.7262070E+02   0.1344893E+03   0.1849450E+03   0.1187218E+03   0.3790375E+03   0.5317530E+02
   0.8350000E+00   0.3725478E+03   0.1694086E+03   0.2474428E+03   0.1148655E+03   0.1225652E+03   0.1085451E+03   0.8740968E+02   0.1237423E+03   0.1921284E+03   0.1569139E+03   0.3672187E+03   0.5992554E+02
   0.8450000E+00   0.3790485E+03   0.1005880E+03   0.2076102E+03   0.1250997E+03   0.1152963E+03   0.1371737E+03   0.1009027E+03   0.1357062E+03   0.1770647E+03   0.1240462E+03   0.3563878E+03   0.8285832E+02
   0.8550000E+00   0.4325165E+03   0.1189286E+03   0.2525427E+03   0.1148033E+03   0.1199164E+03   0.1536480E+03   0.1253429E+03   0.1350369E+03   0.1764603E+03   0.1159983E+03   0.3840617E+03   0.7008235E+02
   0.8650000E+00   0.3642738E+03   0.1285724E+03   0.2474124E+03   0.1382365E+03   0.1551737E+03   0.1379012E+03   0.1290738E+03   0.1087424E+03   0.2082526E+03   0.1243928E+03   0.3273616E+03   0.6361151E+02
   0.8750000E+00   0.4151413E+03   0.1074132E+03   0.2533588E+03   0.1384439E+03   0.1228680E+03   0.1226368E+03   0.1192829E+03   0.1166054E+03   0.2292018E+03   0.1469427E+03   0.3674713E+03   0.5991056E+02
   0.8850000E+00   0.3670401E+03   0.1404346E+03   0.2350019E+03   0.1408572E+03   0.1411636E+03   0.1258669E+03   0.1757111E+03   0.1239970E+03   0.2109627E+03   0.1094169E+03   0.3361961E+03   0.6584724E+02
   0.8950000E+00   0.4042399E+03   0.1135017E+03   0.2774730E+03   0.1280331E+03   0.1700835E+03   0.1088948E+03   0.1309310E+03   0.1090890E+03   0.2362566E+03   0.1349451E+03   0.3674020E+03   0.4722681E+02
   0.9050000E+00   0.3474322E+03   0.9988458E+02   0.2889813E+03   0.1049130E+03   0.1604746E+03   0.1227829E+03   0.1581721E+03   0.1298613E+03   0.2863179E+03   0.1148937E+03   0.3091527E+03   0.6435511E+02
   0.9150000E+00   0.3868147E+03   0.1255153E+03   0.2748457E+03   0.1012381E+03   0.1634117E+03   0.1207412E+03   0.1822430E+03   0.1199200E+03   0.2855494E+03   0.9817847E+02   0.3619506E+03   0.5532769E+02
   0.9250000E+00   0.4107439E+03   0.1301453E+03   0.2947381E+03   0.1082846E+03   0.1908525E+03   0.1214446E+03   0.1944495E+03   0.1151164E+03   0.2862015E+03   0.1002474E+03   0.3297228E+03   0.6359576E+02
   0.9350000E+00   0.4054010E+03   0.9050094E+02   0.2775187E+03   0.9531850E+02   0.1824788E+03   0.1151064E+03   0.1791180E+03   0.1141453E+03   0.2875139E+03   0.1083026E+03   0.3383531E+03   0.3665586E+02
   0.9450000E+00   0.3997803E+03   0.1077928E+03   0.2765110E+03   0.9673041E+02   0.2027417E+03   0.1077866E+03   0.1787266E+03   0.1077748E+03   0.3491563E+03   0.1264321E+03   0.3313183E+03   0.6102770E+02
   0.9550000E+00   0.4439257E+03   0.1301129E+03   0.3123153E+03   0.1129575E+03   0.2230370E+03   0.1065881E+03   0.1908697E+03   0.1025716E+03   0.3401902E+03   0.1428246E+03   0.3624976E+03   0.5100365E+02
   0.9650000E+00   0.4428996E+03   0.1240568E+03   0.3374619E+03   0.1210344E+03   0.2314272E+03   0.9664607E+02   0.2105025E+03   0.1169545E+03   0.3510221E+03   0.1099633E+03   0.3567078E+03   0.6503389E+02
   0.9750000E+00   0.4422172E+03   0.1113464E+03   0.3283348E+03   0.1393284E+03   0.2685729E+03   0.1032085E+03   0.1695644E+03   0.8747765E+02   0.3998160E+03   0.1129185E+03   0.3674489E+03   0.4934829E+02
   0.9850000E+00   0.4641415E+03   0.1080276E+03   0.3211868E+03   0.1158512E+03   0.2496247E+03   0.1013621E+03   0.2365818E+03   0.1199168E+03   0.4129394E+03   0.1232170E+03   0.3671522E+03   0.5022511E+02
   0.9950000E+00   0.4891002E+03   0.1032373E+03   0.3503805E+03   0.1134212E+03   0.2653718E+03   0.1076813E+03   0.2525445E+03   0.1129495E+03   0.4127644E+03   0.1102133E+03   0.3822408E+03   0.4099249E+02
