#   0.1000000E+00   0.3000000E+00   0.5000000E+00   0.7000000E+00   0.9000000E+00
   0.5000022E-02   0.6882795E+05   0.1642568E+05  -0.4096000E+10   0.0000000E+00   0.9739544E+05   0.2516598E+05   0.9306800E+05   0.4765876E+05   0.1244060E+06   0.2947401E+05
   0.1500002E-01   0.9631900E+05   0.2020420E+05   0.9963184E+05   0.1081240E+05   0.1147021E+06   0.2166969E+05   0.1272870E+06   0.2413436E+05   0.1491306E+06   0.1316648E+05
   0.2500002E-01   0.8948326E+05   0.7705008E+04   0.8611865E+05   0.6127894E+04   0.1043952E+06   0.8994532E+04   0.1156636E+06   0.8230944E+04   0.1287967E+06   0.8556631E+04
   0.3500002E-01   0.6450010E+05   0.3574193E+04   0.6902920E+05   0.4575289E+04   0.7441828E+05   0.5323298E+04   0.8672936E+05   0.5523561E+04   0.9919677E+05   0.6164753E+04
   0.4500002E-01   0.5033702E+05   0.2110693E+04   0.5138584E+05   0.2755661E+04   0.5680149E+05   0.2933662E+04   0.6805536E+05   0.4281238E+04   0.7704017E+05   0.3612948E+04
   0.5500002E-01   0.4224769E+05   0.2333886E+04   0.4422001E+05   0.1916180E+04   0.4921952E+05   0.2362323E+04   0.5705061E+05   0.3238970E+04   0.6500561E+05   0.1815550E+04
   0.6500002E-01   0.3794670E+05   0.1305224E+04   0.4001949E+05   0.1631323E+04   0.4400843E+05   0.1145714E+04   0.5030553E+05   0.1948359E+04   0.5813351E+05   0.1144964E+04
   0.7500002E-01   0.3168313E+05   0.8622575E+03   0.3368280E+05   0.9419888E+03   0.3697512E+05   0.1591700E+04   0.4191552E+05   0.1217430E+04   0.5012371E+05   0.1417026E+04
   0.8500002E-01   0.2583190E+05   0.6491665E+03   0.2704406E+05   0.1227232E+04   0.2973550E+05   0.7083264E+03   0.3438119E+05   0.8704062E+03   0.4143053E+05   0.1366997E+04
   0.9500002E-01   0.2100540E+05   0.6255436E+03   0.2217280E+05   0.1009343E+04   0.2440239E+05   0.7691696E+03   0.2815395E+05   0.7006169E+03   0.3447148E+05   0.1110563E+04
   0.1050000E+00   0.1850278E+05   0.6019752E+03   0.1937803E+05   0.7278040E+03   0.2143584E+05   0.9073254E+03   0.2476464E+05   0.6337922E+03   0.3012415E+05   0.6028230E+03
   0.1150000E+00   0.1629142E+05   0.5883292E+03   0.1736691E+05   0.7197824E+03   0.1975398E+05   0.6726401E+03   0.2266870E+05   0.3858060E+03   0.2789421E+05   0.6593124E+03
   0.1250000E+00   0.1558338E+05   0.3899665E+03   0.1630671E+05   0.5001415E+03   0.1790828E+05   0.3888919E+03   0.2094790E+05   0.6100367E+03   0.2526775E+05   0.5705305E+03
   0.1350000E+00   0.1375911E+05   0.4287186E+03   0.1466323E+05   0.3361855E+03   0.1605582E+05   0.3763726E+03   0.1856128E+05   0.3935272E+03   0.2289553E+05   0.5872198E+03
   0.1450000E+00   0.1209323E+05   0.4045602E+03   0.1262222E+05   0.2674294E+03   0.1395474E+05   0.4685714E+03   0.1662063E+05   0.3084934E+03   0.2032851E+05   0.3136593E+03
   0.1550000E+00   0.1062748E+05   0.1933169E+03   0.1116418E+05   0.3033056E+03   0.1245505E+05   0.2336682E+03   0.1491912E+05   0.3566874E+03   0.1843472E+05   0.4192545E+03
   0.1650000E+00   0.9685527E+04   0.3035089E+03   0.1024642E+05   0.3924825E+03   0.1136500E+05   0.2375349E+03   0.1334425E+05   0.3698670E+03   0.1683735E+05   0.2911856E+03
   0.1750000E+00   0.8859710E+04   0.1957125E+03   0.9383646E+04   0.2587974E+03   0.1042831E+05   0.1903321E+03   0.1241101E+05   0.3520233E+03   0.1552809E+05   0.3454339E+03
   0.1850000E+00   0.8294897E+04   0.2129131E+03   0.8677271E+04   0.1427832E+03   0.9837561E+04   0.2728854E+03   0.1147512E+05   0.1835965E+03   0.1475276E+05   0.3138167E+03
   0.1950000E+00   0.7601541E+04   0.2545724E+03   0.8021263E+04   0.1447629E+03   0.8989291E+04   0.1817930E+03   0.1071205E+05   0.1598383E+03   0.1362045E+05   0.2030831E+03
   0.2050000E+00   0.6970094E+04   0.1469958E+03   0.7371752E+04   0.1936444E+03   0.8184959E+04   0.2178170E+03   0.9887975E+04   0.1633412E+03   0.1281135E+05   0.1674984E+03
   0.2150000E+00   0.6501775E+04   0.1252610E+03   0.6835366E+04   0.1730529E+03   0.7614068E+04   0.1075378E+03   0.9046944E+04   0.1119078E+03   0.1171597E+05   0.2636225E+03
   0.2250000E+00   0.5966287E+04   0.1506072E+03   0.6285353E+04   0.1376096E+03   0.7010054E+04   0.1382085E+03   0.8525218E+04   0.1300745E+03   0.1095573E+05   0.2093274E+03
   0.2350000E+00   0.5582713E+04   0.1353842E+03   0.5864623E+04   0.1368588E+03   0.6605837E+04   0.1430715E+03   0.7938799E+04   0.2107930E+03   0.1036061E+05   0.1439316E+03
   0.2450000E+00   0.5267990E+04   0.1155135E+03   0.5432469E+04   0.1297105E+03   0.6105718E+04   0.2029574E+03   0.7452164E+04   0.2181152E+03   0.9727282E+04   0.2108116E+03
   0.2550000E+00   0.4935826E+04   0.1513881E+03   0.5176171E+04   0.7306306E+02   0.5767048E+04   0.1194639E+03   0.6977065E+04   0.1161619E+03   0.9155923E+04   0.1957671E+03
   0.2650000E+00   0.4595339E+04   0.1146671E+03   0.4803705E+04   0.1007893E+03   0.5411979E+04   0.1315605E+03   0.6473618E+04   0.1529248E+03   0.8733622E+04   0.1445229E+03
   0.2750000E+00   0.4317594E+04   0.1404937E+03   0.4473676E+04   0.1489457E+03   0.5011883E+04   0.1187201E+03   0.6093720E+04   0.1579576E+03   0.8181359E+04   0.1285719E+03
   0.2850000E+00   0.4060886E+04   0.1247018E+03   0.4176741E+04   0.1075722E+03   0.4735780E+04   0.1011432E+03   0.5720592E+04   0.1303062E+03   0.7706429E+04   0.1302041E+03
   0.2950000E+00   0.3819590E+04   0.1088033E+03   0.4028138E+04   0.7791150E+02   0.4489199E+04   0.1040227E+03   0.5404395E+04   0.9915927E+02   0.7274638E+04   0.1292269E+03
   0.3050000E+00   0.3679865E+04   0.8477032E+02   0.3802376E+04   0.6607599E+02   0.4224924E+04   0.1008982E+03   0.5075427E+04   0.1048466E+03   0.6892868E+04   0.1002503E+03
   0.3150000E+00   0.3473903E+04   0.1203730E+03   0.3546151E+04   0.8716363E+02   0.3977709E+04   0.1036056E+03   0.4757271E+04   0.8121529E+02   0.6514412E+04   0.1257490E+03
   0.3250000E+00   0.3239983E+04   0.9395220E+02   0.3316576E+04   0.6429606E+02   0.3733344E+04   0.1195560E+03   0.4573784E+04   0.8728984E+02   0.6175809E+04   0.8427192E+02
   0.3350000E+00   0.3061935E+04   0.9313575E+02   0.3234701E+04   0.7835489E+02   0.3546294E+04   0.9871006E+02   0.4253831E+04   0.1108402E+03   0.5826348E+04   0.1138130E+03
   0.3450000E+00   0.2934307E+04   0.6423391E+02   0.3038917E+04   0.9853877E+02   0.3279960E+04   0.9538500E+02   0.4057984E+04   0.1160572E+03   0.5557205E+04   0.1319596E+03
   0.3550000E+00   0.2759283E+04   0.7618679E+02   0.2831758E+04   0.8523842E+02   0.3137895E+04   0.7573249E+02   0.3832303E+04   0.6825086E+02   0.5211942E+04   0.9395795E+02
   0.3650000E+00   0.2559705E+04   0.8904543E+02   0.2690211E+04   0.5835296E+02   0.2989949E+04   0.7192503E+02   0.3605708E+04   0.8477023E+02   0.4983139E+04   0.1125966E+03
   0.3750000E+00   0.2486955E+04   0.7867743E+02   0.2601039E+04   0.8126647E+02   0.2777871E+04   0.5095013E+02   0.3440978E+04   0.6784656E+02   0.4746186E+04   0.7314804E+02
   0.3850000E+00   0.2349488E+04   0.7799913E+02   0.2401227E+04   0.7533384E+02   0.2639189E+04   0.6265847E+02   0.3256907E+04   0.6535139E+02   0.4498114E+04   0.6492571E+02
   0.3950000E+00   0.2206564E+04   0.6695423E+02   0.2319259E+04   0.6447982E+02   0.2494758E+04   0.7683093E+02   0.3009309E+04   0.8004238E+02   0.4213095E+04   0.6340096E+02
   0.4050000E+00   0.2154434E+04   0.6543761E+02   0.2172390E+04   0.6921672E+02   0.2326485E+04   0.7360418E+02   0.2842464E+04   0.5860184E+02   0.4018955E+04   0.5934089E+02
   0.4150000E+00   0.2024105E+04   0.4771925E+02   0.2011440E+04   0.6508061E+02   0.2246680E+04   0.6700769E+02   0.2738835E+04   0.9267734E+02   0.3790428E+04   0.6683218E+02
   0.4250000E+00   0.1981616E+04   0.6924822E+02   0.1934493E+04   0.6436022E+02   0.2113929E+04   0.6637149E+02   0.2580413E+04   0.5331045E+02   0.3639808E+04   0.8392977E+02
   0.4350000E+00   0.1856285E+04   0.5323848E+02   0.1839492E+04   0.7646543E+02   0.1959441E+04   0.7605408E+02   0.2408190E+04   0.5217984E+02   0.3466185E+04   0.7211879E+02
   0.4450000E+00   0.1777829E+04   0.4029019E+02   0.1736510E+04   0.7312384E+02   0.1870995E+04   0.6012235E+02   0.2330438E+04   0.6744461E+02   0.3278813E+04   0.8671900E+02
   0.4550000E+00   0.1655939E+04   0.6275049E+02   0.1644786E+04   0.4439944E+02   0.1781359E+04   0.6372087E+02   0.2181246E+04   0.3859857E+02   0.3095443E+04   0.8200115E+02
   0.4650000E+00   0.1642945E+04   0.5757436E+02   0.1633208E+04   0.5653042E+02   0.1684953E+04   0.7208332E+02   0.2031737E+04   0.4957533E+02   0.2986505E+04   0.6363867E+02
   0.4750000E+00   0.1558141E+04   0.4396596E+02   0.1533112E+04   0.6254455E+02   0.1593485E+04   0.5688786E+02   0.1948258E+04   0.5464867E+02   0.2831070E+04   0.3918012E+02
   0.4850000E+00   0.1475101E+04   0.4067081E+02   0.1435914E+04   0.4742337E+02   0.1526864E+04   0.3930683E+02   0.1829830E+04   0.4740440E+02   0.2679474E+04   0.5779679E+02
   0.4950000E+00   0.1390273E+04   0.4497418E+02   0.1373355E+04   0.3903310E+02   0.1406264E+04   0.4102286E+02   0.1730387E+04   0.4945541E+02   0.2536126E+04   0.3684395E+02
   0.5050000E+00   0.1350859E+04   0.5899601E+02   0.1323033E+04   0.5380863E+02   0.1343762E+04   0.4318830E+02   0.1627077E+04   0.6161221E+02   0.2429506E+04   0.6587829E+02
   0.5150000E+00   0.1279977E+04   0.4898932E+02   0.1275306E+04   0.4313184E+02   0.1247144E+04   0.5117277E+02   0.1540476E+04   0.4642638E+02   0.2315007E+04   0.8675635E+02
   0.5250000E+00   0.1221662E+04   0.2954996E+02   0.1168799E+04   0.5816363E+02   0.1191670E+04   0.4466564E+02   0.1448688E+04   0.4629264E+02   0.2189924E+04   0.5624214E+02
   0.5350000E+00   0.1154613E+04   0.4202985E+02   0.1111209E+04   0.4020396E+02   0.1137870E+04   0.4911590E+02   0.1367799E+04   0.2884473E+02   0.2085275E+04   0.6595466E+02
   0.5450000E+00   0.1108558E+04   0.5364889E+02   0.1053054E+04   0.4809477E+02   0.1061601E+04   0.5263174E+02   0.1287467E+04   0.4044743E+02   0.1978063E+04   0.5804936E+02
   0.5550000E+00   0.1065681E+04   0.4205287E+02   0.1001235E+04   0.5239334E+02   0.1010873E+04   0.5280913E+02   0.1247576E+04   0.6386337E+02   0.1890285E+04   0.4151250E+02
   0.5650000E+00   0.1028607E+04   0.3937283E+02   0.9377642E+03   0.3863475E+02   0.9569838E+03   0.2869946E+02   0.1136685E+04   0.4027303E+02   0.1781334E+04   0.3640294E+02
   0.5750000E+00   0.9747054E+03   0.4969112E+02   0.9000226E+03   0.4917660E+02   0.8909803E+03   0.3466248E+02   0.1079587E+04   0.4623329E+02   0.1699017E+04   0.3397263E+02
   0.5850000E+00   0.9264635E+03   0.3161570E+02   0.8778522E+03   0.4105413E+02   0.8403836E+03   0.4269221E+02   0.1005074E+04   0.4548926E+02   0.1622144E+04   0.5932386E+02
   0.5950000E+00   0.9008735E+03   0.3406512E+02   0.8042448E+03   0.6146493E+02   0.7850080E+03   0.2920391E+02   0.9541450E+03   0.4731129E+02   0.1530363E+04   0.6345200E+02
   0.6050000E+00   0.8733390E+03   0.2952236E+02   0.7598927E+03   0.3742433E+02   0.7275844E+03   0.4893503E+02   0.9187093E+03   0.3981837E+02   0.1471809E+04   0.3909262E+02
   0.6150000E+00   0.8201122E+03   0.2667410E+02   0.7318562E+03   0.4170103E+02   0.6830795E+03   0.4891767E+02   0.8499931E+03   0.3622304E+02   0.1388569E+04   0.5937090E+02
   0.6250000E+00   0.7942412E+03   0.4175280E+02   0.6953446E+03   0.2344315E+02   0.6418670E+03   0.3583092E+02   0.7936352E+03   0.3624803E+02   0.1316954E+04   0.3761257E+02
   0.6350000E+00   0.7373133E+03   0.4409751E+02   0.6602041E+03   0.3914171E+02   0.6021679E+03   0.3168429E+02   0.7515017E+03   0.2530840E+02   0.1251595E+04   0.4020569E+02
   0.6450000E+00   0.7216361E+03   0.3609637E+02   0.6310617E+03   0.4707356E+02   0.5785966E+03   0.4031619E+02   0.7009271E+03   0.3612935E+02   0.1175792E+04   0.3441684E+02
   0.6550000E+00   0.6732925E+03   0.3387254E+02   0.6023391E+03   0.2655050E+02   0.5280431E+03   0.4407584E+02   0.6501656E+03   0.3642407E+02   0.1112225E+04   0.5093641E+02
   0.6650000E+00   0.6700018E+03   0.3131465E+02   0.5535345E+03   0.3755905E+02   0.4698005E+03   0.2981239E+02   0.6146648E+03   0.4383023E+02   0.1047342E+04   0.3564839E+02
   0.6750000E+00   0.6459687E+03   0.4696588E+02   0.5107541E+03   0.2416025E+02   0.4394580E+03   0.3320593E+02   0.5746226E+03   0.2997996E+02   0.1025921E+04   0.3553432E+02
   0.6850000E+00   0.6022388E+03   0.3665300E+02   0.4875878E+03   0.3661894E+02   0.4147059E+03   0.2387711E+02   0.5472099E+03   0.2359883E+02   0.9612506E+03   0.4067571E+02
   0.6950000E+00   0.5549652E+03   0.2813773E+02   0.4593486E+03   0.3478617E+02   0.3919476E+03   0.3260533E+02   0.4937698E+03   0.2201468E+02   0.9044165E+03   0.3451968E+02
   0.7050000E+00   0.5451258E+03   0.3343440E+02   0.4191405E+03   0.2474271E+02   0.3536547E+03   0.4268975E+02   0.4720028E+03   0.4661793E+02   0.8660834E+03   0.3201573E+02
   0.7150000E+00   0.5201508E+03   0.4029820E+02   0.3839625E+03   0.2843442E+02   0.3297392E+03   0.2858042E+02   0.4270217E+03   0.3104468E+02   0.8344737E+03   0.4291325E+02
   0.7250000E+00   0.5195026E+03   0.2371958E+02   0.3758577E+03   0.3227512E+02   0.3152894E+03   0.3196207E+02   0.3985945E+03   0.2412280E+02   0.7851098E+03   0.3154768E+02
   0.7350000E+00   0.4664330E+03   0.3356661E+02   0.3513489E+03   0.3221628E+02   0.2826626E+03   0.4425809E+02   0.3801592E+03   0.4840748E+02   0.7418738E+03   0.3912710E+02
   0.7450000E+00   0.4506552E+03   0.2902797E+02   0.3499401E+03   0.5040640E+02   0.2631156E+03   0.3949449E+02   0.3464238E+03   0.2468872E+02   0.7070936E+03   0.3397264E+02
   0.7550000E+00   0.4386855E+03   0.3636133E+02   0.3286954E+03   0.2253333E+02   0.2319691E+03   0.2801232E+02   0.3135057E+03   0.3217588E+02   0.6878882E+03   0.2542336E+02
   0.7650000E+00   0.4172942E+03   0.2854422E+02   0.3047808E+03   0.1905474E+02   0.2232264E+03   0.2118411E+02   0.2943146E+03   0.2267127E+02   0.6482953E+03   0.3943606E+02
   0.7750000E+00   0.4132621E+03   0.2655286E+02   0.2734817E+03   0.3500501E+02   0.1909849E+03   0.3720504E+02   0.2668122E+03   0.2779574E+02   0.6110775E+03   0.3737964E+02
   0.7850000E+00   0.3684954E+03   0.3645355E+02   0.2603404E+03   0.2825914E+02   0.1618600E+03   0.3085641E+02   0.2299824E+03   0.3555491E+02   0.5673146E+03   0.3727812E+02
   0.7950000E+00   0.3470988E+03   0.3985054E+02   0.2298399E+03   0.2776238E+02   0.1370101E+03   0.3990151E+02   0.2323687E+03   0.3334062E+02   0.5364604E+03   0.2928549E+02
   0.8050000E+00   0.3502855E+03   0.1286034E+02   0.2128117E+03   0.3430103E+02   0.1392559E+03   0.2134536E+02   0.2117677E+03   0.2355661E+02   0.5238106E+03   0.2359051E+02
   0.8150000E+00   0.3324348E+03   0.3224578E+02   0.1990743E+03   0.1919230E+02   0.1064536E+03   0.3462982E+02   0.1985929E+03   0.3210966E+02   0.4991715E+03   0.3501339E+02
   0.8250000E+00   0.3140995E+03   0.3734642E+02   0.1765481E+03   0.2404332E+02   0.1108036E+03   0.3832141E+02   0.1873747E+03   0.2892684E+02   0.4603613E+03   0.2958115E+02
   0.8350000E+00   0.2885763E+03   0.3372076E+02   0.1493281E+03   0.2170916E+02   0.9319154E+02   0.2459329E+02   0.1481616E+03   0.3767907E+02   0.4498777E+03   0.2279032E+02
   0.8450000E+00   0.2712318E+03   0.3185361E+02   0.1598907E+03   0.3849621E+02   0.6761536E+02   0.2141009E+02   0.1438642E+03   0.2398359E+02   0.4140795E+03   0.3687751E+02
   0.8550000E+00   0.2783542E+03   0.4077180E+02   0.1369409E+03   0.3084949E+02   0.5862765E+02   0.2377797E+02   0.1267879E+03   0.3106216E+02   0.4026740E+03   0.3142645E+02
   0.8650000E+00   0.2495976E+03   0.2041771E+02   0.1299603E+03   0.2337302E+02   0.4672171E+02   0.2302005E+02   0.1129492E+03   0.2557367E+02   0.3722611E+03   0.2077479E+02
   0.8750000E+00   0.2358500E+03   0.2851750E+02   0.1088455E+03   0.3510932E+02   0.5269915E+02   0.2737144E+02   0.9335318E+02   0.3167694E+02   0.3696303E+03   0.1698882E+02
   0.8850000E+00   0.2133152E+03   0.1356482E+02   0.9767326E+02   0.3255587E+02   0.1728060E+02   0.2807777E+02   0.8166180E+02   0.4740910E+02   0.3385026E+03   0.2965048E+02
   0.8950000E+00   0.2072679E+03   0.2685032E+02   0.8986229E+02   0.1673421E+02   0.6324000E+01   0.2845851E+02   0.7682672E+02   0.2681976E+02   0.3273362E+03   0.2393441E+02
   0.9050000E+00   0.2034165E+03   0.2670139E+02   0.8224858E+02   0.1870126E+02   0.4176755E+01   0.2424404E+02   0.6363902E+02   0.2351607E+02   0.3021211E+03   0.2269236E+02
   0.9150000E+00   0.1775427E+03   0.1563340E+02   0.5663194E+02   0.2183393E+02  -0.1232637E+02   0.2299148E+02   0.5990148E+02   0.2655607E+02   0.2809114E+03   0.2850162E+02
   0.9250000E+00   0.1894938E+03   0.2487907E+02   0.4992029E+02   0.1605425E+02  -0.1211274E+02   0.2926832E+02   0.5093982E+02   0.1932994E+02   0.2782202E+03   0.1943347E+02
   0.9350000E+00   0.1766248E+03   0.2261354E+02   0.4711364E+02   0.2856157E+02  -0.3330381E+02   0.2458449E+02   0.3905690E+02   0.1770121E+02   0.2272017E+03   0.2905726E+02
   0.9450000E+00   0.1559217E+03   0.2197127E+02   0.5556537E+02   0.2640528E+02  -0.3259559E+02   0.2219985E+02   0.2679734E+02   0.2554977E+02   0.2467644E+03   0.3329336E+02
   0.9550000E+00   0.1517862E+03   0.3001328E+02   0.3516809E+02   0.1814654E+02  -0.3057186E+02   0.2549072E+02   0.1919655E+02   0.2054662E+02   0.2373459E+03   0.2384522E+02
   0.9650000E+00   0.1319057E+03   0.2753321E+02   0.2525641E+02   0.2157480E+02  -0.5172665E+02   0.1957315E+02   0.2683745E+02   0.1968370E+02   0.2119327E+03   0.2774419E+02
   0.9750000E+00   0.1120168E+03   0.2777685E+02   0.2787253E+02   0.2295450E+02  -0.5467526E+02   0.2129812E+02   0.5396110E+01   0.2103157E+02   0.2210273E+03   0.3056462E+02
   0.9850000E+00   0.1179329E+03   0.2244481E+02   0.9030463E+01   0.1686830E+02  -0.7156380E+02   0.1876614E+02   0.1097130E+02   0.1863861E+02   0.2027405E+03   0.1701450E+02
   0.9950000E+00   0.1067781E+03   0.3717961E+02   0.8895052E+00   0.2719991E+02  -0.5758452E+02   0.2306590E+02   0.2883518E+01   0.3093549E+02   0.1913828E+03   0.2652015E+02
