#   0.1000000E+00   0.3000000E+00   0.5000000E+00   0.7000000E+00   0.9000000E+00 real
   0.5000022E-02   0.4996195E+05   0.1307334E+05  -0.4096000E+10   0.0000000E+00   0.6494620E+05   0.1600749E+05   0.7010445E+05   0.2950754E+05   0.9584174E+05   0.2862020E+05   0.5454401E+05   0.9438458E+04
   0.1500002E-01   0.6423387E+05   0.1177322E+05   0.6707306E+05   0.1104918E+05   0.8036344E+05   0.1473948E+05   0.8975109E+05   0.1484088E+05   0.1079006E+06   0.1219279E+05   0.6552044E+05   0.5061557E+04
   0.2500002E-01   0.6002859E+05   0.4645105E+04   0.6012057E+05   0.3766568E+04   0.6984472E+05   0.4966310E+04   0.8208569E+05   0.7838820E+04   0.9611223E+05   0.6808247E+04   0.5808328E+05   0.1481699E+04
   0.3500002E-01   0.4468654E+05   0.2563364E+04   0.4605653E+05   0.3406984E+04   0.5251689E+05   0.3634856E+04   0.6156061E+05   0.3478582E+04   0.7218863E+05   0.3926467E+04   0.4384985E+05   0.7905557E+03
   0.4500002E-01   0.3441593E+05   0.1607980E+04   0.3652859E+05   0.2069985E+04   0.4051221E+05   0.1973979E+04   0.4777148E+05   0.3009014E+04   0.5601476E+05   0.2510096E+04   0.3406574E+05   0.1144727E+04
   0.5500002E-01   0.2897042E+05   0.1387417E+04   0.3097593E+05   0.1189355E+04   0.3461701E+05   0.1495658E+04   0.4018800E+05   0.1822845E+04   0.4772676E+05   0.1920837E+04   0.2901501E+05   0.5586568E+03
   0.6500002E-01   0.2629697E+05   0.8400905E+03   0.2755410E+05   0.1064281E+04   0.3085756E+05   0.9235221E+03   0.3555469E+05   0.1410046E+04   0.4239390E+05   0.1245205E+04   0.2595468E+05   0.4168348E+03
   0.7500002E-01   0.2202027E+05   0.6552352E+03   0.2328798E+05   0.5770685E+03   0.2594509E+05   0.9302874E+03   0.2978766E+05   0.9231062E+03   0.3610180E+05   0.1183748E+04   0.2187107E+05   0.2657011E+03
   0.8500002E-01   0.1827110E+05   0.6057900E+03   0.1897543E+05   0.7087704E+03   0.2093322E+05   0.5071477E+03   0.2439619E+05   0.6121320E+03   0.2967674E+05   0.9224287E+03   0.1785930E+05   0.2323215E+03
   0.9500002E-01   0.1473490E+05   0.4091694E+03   0.1548208E+05   0.6505368E+03   0.1716833E+05   0.4877671E+03   0.2015937E+05   0.5291340E+03   0.2446402E+05   0.7763012E+03   0.1452661E+05   0.2412735E+03
   0.1050000E+00   0.1294808E+05   0.3663187E+03   0.1361610E+05   0.4221168E+03   0.1505464E+05   0.3128692E+03   0.1750757E+05   0.4317613E+03   0.2172292E+05   0.4357882E+03   0.1272541E+05   0.1325113E+03
   0.1150000E+00   0.1173072E+05   0.3083458E+03   0.1238159E+05   0.3493943E+03   0.1369646E+05   0.3554519E+03   0.1601298E+05   0.3110488E+03   0.1955650E+05   0.3917588E+03   0.1159351E+05   0.9831850E+02
   0.1250000E+00   0.1087468E+05   0.2474610E+03   0.1143579E+05   0.3331644E+03   0.1273760E+05   0.2539987E+03   0.1475737E+05   0.3325498E+03   0.1794428E+05   0.4489546E+03   0.1076585E+05   0.1250953E+03
   0.1350000E+00   0.9665101E+04   0.2404699E+03   0.1024187E+05   0.2421764E+03   0.1129713E+05   0.2340654E+03   0.1311165E+05   0.2706543E+03   0.1609943E+05   0.3736943E+03   0.9586656E+04   0.9074992E+02
   0.1450000E+00   0.8489713E+04   0.2009715E+03   0.8923370E+04   0.1987202E+03   0.9925647E+04   0.2328822E+03   0.1157990E+05   0.2780131E+03   0.1435662E+05   0.2977669E+03   0.8370428E+04   0.7572262E+02
   0.1550000E+00   0.7504813E+04   0.1412717E+03   0.7900258E+04   0.1337473E+03   0.8821863E+04   0.1381661E+03   0.1043307E+05   0.1857282E+03   0.1291705E+05   0.2318471E+03   0.7399474E+04   0.4691007E+02
   0.1650000E+00   0.6817030E+04   0.1446695E+03   0.7219260E+04   0.1373206E+03   0.8016469E+04   0.1451420E+03   0.9453824E+04   0.1689382E+03   0.1184423E+05   0.2340167E+03   0.6733872E+04   0.4524937E+02
   0.1750000E+00   0.6281668E+04   0.1184344E+03   0.6668289E+04   0.1444259E+03   0.7453628E+04   0.1052538E+03   0.8762908E+04   0.1665685E+03   0.1087099E+05   0.1811362E+03   0.6236980E+04   0.4446266E+02
   0.1850000E+00   0.5916179E+04   0.1339676E+03   0.6197139E+04   0.1106653E+03   0.6960297E+04   0.1326240E+03   0.8081501E+04   0.1571382E+03   0.1019530E+05   0.1673697E+03   0.5840937E+04   0.7328807E+02
   0.1950000E+00   0.5449550E+04   0.1013791E+03   0.5740063E+04   0.8526278E+02   0.6356339E+04   0.1149269E+03   0.7511893E+04   0.1418969E+03   0.9383838E+04   0.1353722E+03   0.5371557E+04   0.2912678E+02
   0.2050000E+00   0.5051961E+04   0.9352808E+02   0.5288783E+04   0.9003897E+02   0.5873441E+04   0.8787782E+02   0.6939582E+04   0.1030037E+03   0.8806852E+04   0.1378399E+03   0.4961518E+04   0.2047438E+02
   0.2150000E+00   0.4622533E+04   0.8750214E+02   0.4870168E+04   0.6658556E+02   0.5415042E+04   0.1002207E+03   0.6414816E+04   0.7897533E+02   0.8168955E+04   0.1373371E+03   0.4552368E+04   0.2635344E+02
   0.2250000E+00   0.4298694E+04   0.7872024E+02   0.4491839E+04   0.7284291E+02   0.5034186E+04   0.1000286E+03   0.5989829E+04   0.1106542E+03   0.7582282E+04   0.1082658E+03   0.4220048E+04   0.4053375E+02
   0.2350000E+00   0.4061626E+04   0.7141429E+02   0.4245831E+04   0.6720755E+02   0.4731321E+04   0.7971781E+02   0.5588758E+04   0.1013582E+03   0.7145180E+04   0.1238776E+03   0.3975624E+04   0.3394370E+02
   0.2450000E+00   0.3796599E+04   0.7967487E+02   0.3976954E+04   0.7857357E+02   0.4423292E+04   0.6829670E+02   0.5261669E+04   0.8232429E+02   0.6726080E+04   0.1213209E+03   0.3728407E+04   0.3554616E+02
   0.2550000E+00   0.3574235E+04   0.6267372E+02   0.3760663E+04   0.6374315E+02   0.4178788E+04   0.7185606E+02   0.4959273E+04   0.8390684E+02   0.6333774E+04   0.8164903E+02   0.3520227E+04   0.2871964E+02
   0.2650000E+00   0.3357564E+04   0.5107749E+02   0.3532126E+04   0.5742584E+02   0.3908632E+04   0.6969146E+02   0.4648233E+04   0.6711177E+02   0.5972136E+04   0.8618526E+02   0.3299446E+04   0.1785815E+02
   0.2750000E+00   0.3154759E+04   0.5517412E+02   0.3305985E+04   0.6579660E+02   0.3668121E+04   0.5715384E+02   0.4367465E+04   0.6983226E+02   0.5631207E+04   0.6996179E+02   0.3095863E+04   0.2697039E+02
   0.2850000E+00   0.2978126E+04   0.5978611E+02   0.3097732E+04   0.4742200E+02   0.3453527E+04   0.6755217E+02   0.4123075E+04   0.5979250E+02   0.5326699E+04   0.7616651E+02   0.2911641E+04   0.3122947E+02
   0.2950000E+00   0.2823250E+04   0.4202882E+02   0.2947748E+04   0.4994013E+02   0.3296196E+04   0.5411267E+02   0.3903818E+04   0.5306046E+02   0.5044623E+04   0.6774706E+02   0.2768630E+04   0.2043245E+02
   0.3050000E+00   0.2699243E+04   0.5051077E+02   0.2805596E+04   0.4652595E+02   0.3118883E+04   0.5346723E+02   0.3699272E+04   0.5456528E+02   0.4818976E+04   0.5776447E+02   0.2636473E+04   0.2708335E+02
   0.3150000E+00   0.2538517E+04   0.4839242E+02   0.2672248E+04   0.4860428E+02   0.2936516E+04   0.4421355E+02   0.3499284E+04   0.4760221E+02   0.4554248E+04   0.6211668E+02   0.2495223E+04   0.1669596E+02
   0.3250000E+00   0.2416438E+04   0.3602109E+02   0.2515223E+04   0.3962107E+02   0.2784254E+04   0.4697390E+02   0.3330171E+04   0.4671952E+02   0.4338305E+04   0.5392646E+02   0.2365737E+04   0.1645092E+02
   0.3350000E+00   0.2292758E+04   0.2851162E+02   0.2383306E+04   0.4124695E+02   0.2647516E+04   0.4068832E+02   0.3147744E+04   0.4158780E+02   0.4122939E+04   0.4929573E+02   0.2243035E+04   0.1543408E+02
   0.3450000E+00   0.2190659E+04   0.3804578E+02   0.2281028E+04   0.3797316E+02   0.2512247E+04   0.5313585E+02   0.3010131E+04   0.4080836E+02   0.3922789E+04   0.5126131E+02   0.2138039E+04   0.1797513E+02
   0.3550000E+00   0.2087353E+04   0.3884892E+02   0.2164045E+04   0.3853930E+02   0.2378197E+04   0.4476055E+02   0.2857603E+04   0.4025096E+02   0.3729374E+04   0.3794649E+02   0.2035762E+04   0.1634023E+02
   0.3650000E+00   0.1976999E+04   0.3613007E+02   0.2052982E+04   0.2578597E+02   0.2280276E+04   0.3867478E+02   0.2704970E+04   0.3815070E+02   0.3544587E+04   0.4454439E+02   0.1932789E+04   0.1158269E+02
   0.3750000E+00   0.1895524E+04   0.2457280E+02   0.1970901E+04   0.3297622E+02   0.2153328E+04   0.3062447E+02   0.2583845E+04   0.3681073E+02   0.3395696E+04   0.5153445E+02   0.1848998E+04   0.1146042E+02
   0.3850000E+00   0.1813138E+04   0.2768316E+02   0.1870806E+04   0.3274277E+02   0.2073399E+04   0.3236319E+02   0.2463876E+04   0.3441703E+02   0.3234009E+04   0.4219766E+02   0.1768095E+04   0.1329249E+02
   0.3950000E+00   0.1723287E+04   0.3161318E+02   0.1805902E+04   0.3023212E+02   0.1980837E+04   0.3709512E+02   0.2354432E+04   0.3206288E+02   0.3074752E+04   0.4489560E+02   0.1696579E+04   0.1069353E+02
   0.4050000E+00   0.1656893E+04   0.2715303E+02   0.1716448E+04   0.3252553E+02   0.1892457E+04   0.3080105E+02   0.2243290E+04   0.2997633E+02   0.2956272E+04   0.3168550E+02   0.1616470E+04   0.1351158E+02
   0.4150000E+00   0.1589475E+04   0.2644627E+02   0.1634262E+04   0.2249397E+02   0.1794270E+04   0.2177390E+02   0.2135104E+04   0.3806405E+02   0.2823029E+04   0.3256824E+02   0.1545790E+04   0.1177487E+02
   0.4250000E+00   0.1528916E+04   0.2393049E+02   0.1563901E+04   0.2578018E+02   0.1721074E+04   0.2628593E+02   0.2045243E+04   0.2811032E+02   0.2693387E+04   0.3433906E+02   0.1489611E+04   0.1602815E+02
   0.4350000E+00   0.1470826E+04   0.2006844E+02   0.1506310E+04   0.2578717E+02   0.1637150E+04   0.2775964E+02   0.1958087E+04   0.2866153E+02   0.2575594E+04   0.2815963E+02   0.1427888E+04   0.8618631E+01
   0.4450000E+00   0.1396962E+04   0.2342353E+02   0.1432746E+04   0.2455267E+02   0.1575255E+04   0.2798116E+02   0.1874441E+04   0.3413026E+02   0.2459099E+04   0.3045605E+02   0.1363053E+04   0.8331623E+01
   0.4550000E+00   0.1339616E+04   0.2180886E+02   0.1382337E+04   0.2335976E+02   0.1498050E+04   0.2745680E+02   0.1787719E+04   0.2470244E+02   0.2355316E+04   0.3164795E+02   0.1308345E+04   0.1023701E+02
   0.4650000E+00   0.1301563E+04   0.2106326E+02   0.1329096E+04   0.2384305E+02   0.1437531E+04   0.2944220E+02   0.1717791E+04   0.2392537E+02   0.2271032E+04   0.3109547E+02   0.1262093E+04   0.8894536E+01
   0.4750000E+00   0.1255109E+04   0.2199854E+02   0.1276386E+04   0.2271311E+02   0.1373494E+04   0.2537152E+02   0.1643053E+04   0.2815906E+02   0.2173419E+04   0.2264647E+02   0.1214225E+04   0.6987443E+01
   0.4850000E+00   0.1197712E+04   0.2460104E+02   0.1213094E+04   0.2072811E+02   0.1315435E+04   0.2744078E+02   0.1567877E+04   0.2971794E+02   0.2084872E+04   0.2360327E+02   0.1159248E+04   0.9396596E+01
   0.4950000E+00   0.1150604E+04   0.2305704E+02   0.1169430E+04   0.1955100E+02   0.1269292E+04   0.2064180E+02   0.1506529E+04   0.2097856E+02   0.1986962E+04   0.2189610E+02   0.1120577E+04   0.9448140E+01
   0.5050000E+00   0.1115423E+04   0.2144380E+02   0.1136823E+04   0.2068830E+02   0.1214115E+04   0.2144454E+02   0.1440448E+04   0.1840908E+02   0.1909633E+04   0.2066462E+02   0.1083041E+04   0.1102304E+02
   0.5150000E+00   0.1067692E+04   0.2163054E+02   0.1088968E+04   0.2117505E+02   0.1157907E+04   0.1915523E+02   0.1379026E+04   0.1777407E+02   0.1830313E+04   0.2273603E+02   0.1037178E+04   0.1524861E+02
   0.5250000E+00   0.1024905E+04   0.2120987E+02   0.1040225E+04   0.1545242E+02   0.1106722E+04   0.2243164E+02   0.1319948E+04   0.2083845E+02   0.1755466E+04   0.2415453E+02   0.9915116E+03   0.7399459E+01
   0.5350000E+00   0.9912497E+03   0.2080586E+02   0.9998063E+03   0.1868363E+02   0.1070235E+04   0.2240030E+02   0.1267471E+04   0.2073749E+02   0.1683620E+04   0.2468626E+02   0.9616710E+03   0.8403061E+01
   0.5450000E+00   0.9627663E+03   0.1986060E+02   0.9607975E+03   0.2405609E+02   0.1029937E+04   0.1813975E+02   0.1216121E+04   0.2023718E+02   0.1619082E+04   0.2321128E+02   0.9308391E+03   0.8613371E+01
   0.5550000E+00   0.9243093E+03   0.1579379E+02   0.9247926E+03   0.1642491E+02   0.9837480E+03   0.2284007E+02   0.1165289E+04   0.2074179E+02   0.1559528E+04   0.2022875E+02   0.8937362E+03   0.5131095E+01
   0.5650000E+00   0.8992033E+03   0.1697547E+02   0.8971513E+03   0.2157443E+02   0.9449281E+03   0.2024632E+02   0.1109605E+04   0.1936365E+02   0.1486351E+04   0.2335942E+02   0.8661975E+03   0.1078088E+02
   0.5750000E+00   0.8703127E+03   0.1693021E+02   0.8634748E+03   0.1822618E+02   0.9097173E+03   0.1630295E+02   0.1076279E+04   0.2031639E+02   0.1430987E+04   0.2354928E+02   0.8377410E+03   0.4313261E+01
   0.5850000E+00   0.8344591E+03   0.1461211E+02   0.8316747E+03   0.1690721E+02   0.8674724E+03   0.1313077E+02   0.1023954E+04   0.1753338E+02   0.1376662E+04   0.2043674E+02   0.8058309E+03   0.8251544E+01
   0.5950000E+00   0.8077140E+03   0.1709892E+02   0.8036585E+03   0.2278294E+02   0.8351852E+03   0.1433330E+02   0.9840369E+03   0.1882096E+02   0.1319054E+04   0.2174694E+02   0.7790203E+03   0.9135219E+01
   0.6050000E+00   0.7810232E+03   0.1805624E+02   0.7695324E+03   0.1666978E+02   0.8024106E+03   0.1778584E+02   0.9485413E+03   0.1819153E+02   0.1261381E+04   0.1587544E+02   0.7521632E+03   0.7326823E+01
   0.6150000E+00   0.7504226E+03   0.1739157E+02   0.7407919E+03   0.2113982E+02   0.7687843E+03   0.1318521E+02   0.8970428E+03   0.1557411E+02   0.1223158E+04   0.2125701E+02   0.7221408E+03   0.7512863E+01
   0.6250000E+00   0.7286802E+03   0.1926550E+02   0.7140550E+03   0.1792428E+02   0.7415255E+03   0.1569760E+02   0.8673477E+03   0.1550823E+02   0.1174135E+04   0.1926361E+02   0.7009674E+03   0.7973355E+01
   0.6350000E+00   0.7013152E+03   0.1573155E+02   0.6828434E+03   0.1390819E+02   0.7068334E+03   0.1367134E+02   0.8314983E+03   0.1542312E+02   0.1126606E+04   0.1614723E+02   0.6734934E+03   0.5458494E+01
   0.6450000E+00   0.6770022E+03   0.1370465E+02   0.6671705E+03   0.1250399E+02   0.6828835E+03   0.1572228E+02   0.7988038E+03   0.1484026E+02   0.1078606E+04   0.1872461E+02   0.6540481E+03   0.5485981E+01
   0.6550000E+00   0.6508045E+03   0.1506798E+02   0.6412239E+03   0.1313522E+02   0.6475654E+03   0.1529971E+02   0.7657223E+03   0.1485118E+02   0.1039516E+04   0.1226655E+02   0.6283842E+03   0.7521114E+01
   0.6650000E+00   0.6380414E+03   0.1593782E+02   0.6171385E+03   0.1404131E+02   0.6257890E+03   0.1553104E+02   0.7359082E+03   0.1286785E+02   0.1002001E+04   0.1771413E+02   0.6127976E+03   0.8164526E+01
   0.6750000E+00   0.6165758E+03   0.1834163E+02   0.5920279E+03   0.1334514E+02   0.5999093E+03   0.1097620E+02   0.7029568E+03   0.1354470E+02   0.9621063E+03   0.1563871E+02   0.5889255E+03   0.6105008E+01
   0.6850000E+00   0.5945966E+03   0.1130913E+02   0.5735038E+03   0.1636791E+02   0.5757251E+03   0.1698549E+02   0.6725519E+03   0.1403791E+02   0.9270645E+03   0.1599683E+02   0.5704123E+03   0.7167542E+01
   0.6950000E+00   0.5720492E+03   0.1505629E+02   0.5515101E+03   0.1558287E+02   0.5528972E+03   0.1618882E+02   0.6479423E+03   0.1433895E+02   0.8945153E+03   0.1354344E+02   0.5496151E+03   0.7621425E+01
   0.7050000E+00   0.5563268E+03   0.1340326E+02   0.5337174E+03   0.1442590E+02   0.5358968E+03   0.1350641E+02   0.6223906E+03   0.1298269E+02   0.8583372E+03   0.1534695E+02   0.5353046E+03   0.8208777E+01
   0.7150000E+00   0.5475558E+03   0.1466301E+02   0.5103277E+03   0.1256992E+02   0.5097476E+03   0.1309146E+02   0.5919601E+03   0.1454158E+02   0.8287542E+03   0.1479581E+02   0.5193361E+03   0.5640533E+01
   0.7250000E+00   0.5292887E+03   0.1286700E+02   0.4974277E+03   0.1106275E+02   0.4914210E+03   0.1335438E+02   0.5723220E+03   0.1814661E+02   0.7934971E+03   0.1532536E+02   0.5036167E+03   0.4498809E+01
   0.7350000E+00   0.5059967E+03   0.1119204E+02   0.4731222E+03   0.1202207E+02   0.4738815E+03   0.1225008E+02   0.5472978E+03   0.1359736E+02   0.7673765E+03   0.1449704E+02   0.4826787E+03   0.6492739E+01
   0.7450000E+00   0.4921824E+03   0.1482094E+02   0.4592391E+03   0.1171775E+02   0.4520151E+03   0.1027064E+02   0.5255876E+03   0.1142642E+02   0.7367252E+03   0.1131808E+02   0.4681932E+03   0.5507088E+01
   0.7550000E+00   0.4776080E+03   0.1382475E+02   0.4460717E+03   0.1368061E+02   0.4329360E+03   0.1234858E+02   0.4999984E+03   0.1161352E+02   0.7076766E+03   0.1212963E+02   0.4542787E+03   0.8354733E+01
   0.7650000E+00   0.4644923E+03   0.1163690E+02   0.4304338E+03   0.1219402E+02   0.4179089E+03   0.1150170E+02   0.4807244E+03   0.1191609E+02   0.6850290E+03   0.1189012E+02   0.4408054E+03   0.6046256E+01
   0.7750000E+00   0.4464676E+03   0.1170062E+02   0.4136603E+03   0.1288878E+02   0.3988740E+03   0.1169474E+02   0.4646456E+03   0.1312904E+02   0.6545479E+03   0.1349070E+02   0.4282012E+03   0.5974778E+01
   0.7850000E+00   0.4315859E+03   0.1553314E+02   0.4001386E+03   0.9122901E+01   0.3827718E+03   0.1262649E+02   0.4422665E+03   0.1111839E+02   0.6318667E+03   0.1311421E+02   0.4122074E+03   0.5528426E+01
   0.7950000E+00   0.4188665E+03   0.1247512E+02   0.3829643E+03   0.9551241E+01   0.3652073E+03   0.1126130E+02   0.4272611E+03   0.1087568E+02   0.6116596E+03   0.1356481E+02   0.3982149E+03   0.3093847E+01
   0.8050000E+00   0.4091180E+03   0.1421627E+02   0.3698186E+03   0.1057887E+02   0.3510451E+03   0.1121389E+02   0.4091515E+03   0.1453855E+02   0.5868949E+03   0.1050749E+02   0.3877510E+03   0.3648392E+01
   0.8150000E+00   0.3993200E+03   0.1067738E+02   0.3596880E+03   0.1240821E+02   0.3372468E+03   0.1116195E+02   0.3894800E+03   0.1127853E+02   0.5687988E+03   0.1527990E+02   0.3775411E+03   0.5453792E+01
   0.8250000E+00   0.3830391E+03   0.1111132E+02   0.3439431E+03   0.1093795E+02   0.3216521E+03   0.1286199E+02   0.3754867E+03   0.1251027E+02   0.5463810E+03   0.1123551E+02   0.3643226E+03   0.7566508E+01
   0.8350000E+00   0.3731801E+03   0.9600737E+01   0.3305146E+03   0.9660052E+01   0.3115891E+03   0.1243230E+02   0.3575479E+03   0.1154006E+02   0.5270857E+03   0.1273249E+02   0.3511844E+03   0.6016514E+01
   0.8450000E+00   0.3619556E+03   0.9965693E+01   0.3243739E+03   0.1323939E+02   0.2960321E+03   0.1018453E+02   0.3406830E+03   0.9100629E+01   0.5058770E+03   0.1168371E+02   0.3405669E+03   0.5595059E+01
   0.8550000E+00   0.3545324E+03   0.1163733E+02   0.3110472E+03   0.1155731E+02   0.2822111E+03   0.9131066E+01   0.3319210E+03   0.1250682E+02   0.4884886E+03   0.1316478E+02   0.3336606E+03   0.4768531E+01
   0.8650000E+00   0.3408809E+03   0.1029771E+02   0.3000993E+03   0.1096977E+02   0.2720032E+03   0.9461109E+01   0.3133590E+03   0.1006752E+02   0.4744305E+03   0.1067094E+02   0.3203831E+03   0.4337891E+01
   0.8750000E+00   0.3321919E+03   0.8783279E+01   0.2861846E+03   0.1125507E+02   0.2617362E+03   0.8097384E+01   0.3035371E+03   0.7111692E+01   0.4510299E+03   0.1150058E+02   0.3116403E+03   0.3905595E+01
   0.8850000E+00   0.3245671E+03   0.9823867E+01   0.2801278E+03   0.9318326E+01   0.2500747E+03   0.9962241E+01   0.2875620E+03   0.1228456E+02   0.4424110E+03   0.1021796E+02   0.3030850E+03   0.4343220E+01
   0.8950000E+00   0.3106877E+03   0.7619219E+01   0.2658884E+03   0.9786222E+01   0.2399294E+03   0.8002450E+01   0.2781553E+03   0.1055009E+02   0.4253846E+03   0.7821971E+01   0.2930918E+03   0.5130208E+01
   0.9050000E+00   0.3070984E+03   0.1030266E+02   0.2590379E+03   0.8298795E+01   0.2306627E+03   0.1171426E+02   0.2631568E+03   0.8699247E+01   0.4075707E+03   0.9946235E+01   0.2846558E+03   0.5981800E+01
   0.9150000E+00   0.2987013E+03   0.8445453E+01   0.2538010E+03   0.1105744E+02   0.2207014E+03   0.1435935E+02   0.2567184E+03   0.9562554E+01   0.3945033E+03   0.1149707E+02   0.2793351E+03   0.3717632E+01
   0.9250000E+00   0.2897438E+03   0.1190751E+02   0.2431144E+03   0.9403117E+01   0.2102765E+03   0.1176126E+02   0.2419821E+03   0.8961284E+01   0.3846358E+03   0.9751447E+01   0.2708892E+03   0.4831248E+01
   0.9350000E+00   0.2837396E+03   0.7025500E+01   0.2374663E+03   0.9976365E+01   0.2009030E+03   0.9545349E+01   0.2362278E+03   0.9991853E+01   0.3674017E+03   0.1081632E+02   0.2618820E+03   0.3631602E+01
   0.9450000E+00   0.2750079E+03   0.8544288E+01   0.2279914E+03   0.7146124E+01   0.1920587E+03   0.9256639E+01   0.2216157E+03   0.9650426E+01   0.3575098E+03   0.9871910E+01   0.2541091E+03   0.4909600E+01
   0.9550000E+00   0.2673926E+03   0.9949680E+01   0.2182240E+03   0.1008535E+02   0.1854948E+03   0.1104931E+02   0.2155728E+03   0.7914756E+01   0.3453054E+03   0.8207881E+01   0.2473987E+03   0.5093425E+01
   0.9650000E+00   0.2608666E+03   0.1095867E+02   0.2129407E+03   0.8159930E+01   0.1763439E+03   0.1040212E+02   0.2067259E+03   0.8848870E+01   0.3354511E+03   0.9071823E+01   0.2421199E+03   0.4968267E+01
   0.9750000E+00   0.2546772E+03   0.7567890E+01   0.2061504E+03   0.9765720E+01   0.1677338E+03   0.8721227E+01   0.1956990E+03   0.1002167E+02   0.3282367E+03   0.1077159E+02   0.2342775E+03   0.4529705E+01
   0.9850000E+00   0.2469927E+03   0.6761438E+01   0.2001110E+03   0.9986285E+01   0.1604657E+03   0.9285360E+01   0.1878691E+03   0.1148820E+02   0.3169074E+03   0.1083747E+02   0.2274813E+03   0.2867136E+01
   0.9950000E+00   0.2425776E+03   0.8849129E+01   0.1938016E+03   0.8701766E+01   0.1574620E+03   0.9952068E+01   0.1803102E+03   0.7409556E+01   0.3058536E+03   0.8695017E+01   0.2215683E+03   0.4997528E+01
