#   0.1000000E+00   0.3000000E+00   0.5000000E+00   0.7000000E+00   0.9000000E+00 real
   0.5000022E-02   0.1177648E+06   0.4593473E+05  -0.4096000E+10   0.0000000E+00   0.1537050E+06   0.3842772E+05   0.1589996E+06   0.9895609E+05   0.1940079E+06   0.6869263E+05   0.1321938E+06   0.2010059E+05
   0.1500002E-01   0.1619053E+06   0.3890710E+05   0.1697591E+06   0.3344447E+05   0.1901121E+06   0.4235378E+05   0.2059181E+06   0.4610914E+05   0.2309010E+06   0.3121644E+05   0.1666251E+06   0.1449307E+05
   0.2500002E-01   0.1501461E+06   0.1798180E+05   0.1441421E+06   0.1498048E+05   0.1588543E+06   0.1664181E+05   0.1833787E+06   0.2322722E+05   0.1989259E+06   0.2037849E+05   0.1440653E+06   0.8527944E+04
   0.3500002E-01   0.1107559E+06   0.9046841E+04   0.1105137E+06   0.1064641E+05   0.1211545E+06   0.1098552E+05   0.1357883E+06   0.8294343E+04   0.1474015E+06   0.1062179E+05   0.1084190E+06   0.2994597E+04
   0.4500002E-01   0.8299698E+05   0.5513827E+04   0.8624335E+05   0.7450597E+04   0.9138199E+05   0.4669543E+04   0.1029742E+06   0.9261293E+04   0.1105348E+06   0.7932924E+04   0.8274633E+05   0.3071539E+04
   0.5500002E-01   0.6979892E+05   0.5321810E+04   0.7222657E+05   0.4695215E+04   0.7688759E+05   0.4348264E+04   0.8480731E+05   0.6012009E+04   0.9175576E+05   0.6436083E+04   0.6995419E+05   0.1730783E+04
   0.6500002E-01   0.6371365E+05   0.2847240E+04   0.6691267E+05   0.5240556E+04   0.6850786E+05   0.3591410E+04   0.7418673E+05   0.4544312E+04   0.8076762E+05   0.4555418E+04   0.6371336E+05   0.1990527E+04
   0.7500002E-01   0.5421061E+05   0.3206987E+04   0.5562438E+05   0.2594791E+04   0.5798693E+05   0.3908644E+04   0.6132864E+05   0.2951780E+04   0.6722893E+05   0.3684654E+04   0.5406215E+05   0.1425074E+04
   0.8500002E-01   0.4391623E+05   0.3087546E+04   0.4461116E+05   0.2702350E+04   0.4545719E+05   0.2997568E+04   0.4807580E+05   0.1973875E+04   0.5312822E+05   0.3042625E+04   0.4335732E+05   0.1005957E+04
   0.9500002E-01   0.3524851E+05   0.2465985E+04   0.3601741E+05   0.2906615E+04   0.3659748E+05   0.2098579E+04   0.3917005E+05   0.2491727E+04   0.4189334E+05   0.2190485E+04   0.3512032E+05   0.1589010E+04
   0.1050000E+00   0.3099691E+05   0.1624033E+04   0.3104556E+05   0.2049726E+04   0.3179275E+05   0.1855268E+04   0.3280543E+05   0.1656743E+04   0.3523344E+05   0.1434679E+04   0.3073455E+05   0.6649268E+03
   0.1150000E+00   0.2825149E+05   0.1609317E+04   0.2846750E+05   0.1602732E+04   0.2831544E+05   0.1701350E+04   0.2903149E+05   0.1713960E+04   0.3010436E+05   0.1699333E+04   0.2814231E+05   0.7390716E+03
   0.1250000E+00   0.2650315E+05   0.1328707E+04   0.2588749E+05   0.1495434E+04   0.2588938E+05   0.1381448E+04   0.2589991E+05   0.1396124E+04   0.2622351E+05   0.1647267E+04   0.2622812E+05   0.4976084E+03
   0.1350000E+00   0.2339065E+05   0.1380040E+04   0.2305160E+05   0.1138764E+04   0.2256200E+05   0.1013840E+04   0.2171967E+05   0.1185582E+04   0.2202596E+05   0.1134445E+04   0.2327099E+05   0.3132530E+03
   0.1450000E+00   0.2036377E+05   0.1298469E+04   0.2019200E+05   0.1259449E+04   0.1921352E+05   0.1303289E+04   0.1901123E+05   0.1318611E+04   0.1826924E+05   0.1016968E+04   0.2033477E+05   0.6215860E+03
   0.1550000E+00   0.1779861E+05   0.1110667E+04   0.1761335E+05   0.1116125E+04   0.1666371E+05   0.1066379E+04   0.1586966E+05   0.8181688E+03   0.1519386E+05   0.9207828E+03   0.1781979E+05   0.5288615E+03
   0.1650000E+00   0.1594325E+05   0.8378576E+03   0.1526149E+05   0.8365529E+03   0.1474075E+05   0.1076695E+04   0.1360647E+05   0.8424731E+03   0.1270986E+05   0.6610416E+03   0.1591841E+05   0.3011563E+03
   0.1750000E+00   0.1470556E+05   0.9873136E+03   0.1441395E+05   0.1072740E+04   0.1299602E+05   0.9835231E+03   0.1195025E+05   0.7463399E+03   0.1096362E+05   0.7763292E+03   0.1479766E+05   0.3607003E+03
   0.1850000E+00   0.1360857E+05   0.9068489E+03   0.1316723E+05   0.8444015E+03   0.1185395E+05   0.6563414E+03   0.1042882E+05   0.7713698E+03   0.9238376E+04   0.8049161E+03   0.1386721E+05   0.4752793E+03
   0.1950000E+00   0.1238096E+05   0.7809285E+03   0.1202479E+05   0.7848514E+03   0.1063339E+05   0.7067391E+03   0.8804121E+04   0.6479435E+03   0.7842851E+04   0.6367693E+03   0.1265788E+05   0.3452173E+03
   0.2050000E+00   0.1144649E+05   0.8706033E+03   0.1059918E+05   0.7343125E+03   0.9520403E+04   0.6387864E+03   0.7727383E+04   0.6064737E+03   0.6634452E+04   0.5703522E+03   0.1160444E+05   0.4665028E+03
   0.2150000E+00   0.1020196E+05   0.8421480E+03   0.9484289E+04   0.6665353E+03   0.8138227E+04   0.6690764E+03   0.6557674E+04   0.5570245E+03   0.5406401E+04   0.4258828E+03   0.1040076E+05   0.3786898E+03
   0.2250000E+00   0.9731604E+04   0.6508950E+03   0.8589773E+04   0.7245324E+03   0.7156095E+04   0.7236622E+03   0.5857325E+04   0.5384621E+03   0.4614344E+04   0.4717946E+03   0.9689708E+04   0.3443738E+03
   0.2350000E+00   0.9024147E+04   0.7725609E+03   0.8033284E+04   0.6651269E+03   0.6569391E+04   0.5582275E+03   0.4927547E+04   0.5620428E+03   0.3820970E+04   0.4525758E+03   0.9163021E+04   0.3673219E+03
   0.2450000E+00   0.8614995E+04   0.6118935E+03   0.7219301E+04   0.6443109E+03   0.5918713E+04   0.4925851E+03   0.4274330E+04   0.3906729E+03   0.3321681E+04   0.3397183E+03   0.8534677E+04   0.3434285E+03
   0.2550000E+00   0.7795894E+04   0.8110171E+03   0.6950944E+04   0.5552024E+03   0.5210851E+04   0.5427199E+03   0.3769477E+04   0.4390997E+03   0.2800480E+04   0.4324817E+03   0.7970979E+04   0.3760329E+03
   0.2650000E+00   0.7207809E+04   0.5679816E+03   0.6274047E+04   0.3861647E+03   0.4636607E+04   0.4133282E+03   0.3187219E+04   0.3197725E+03   0.2258428E+04   0.3762991E+03   0.7396794E+04   0.2370204E+03
   0.2750000E+00   0.6847887E+04   0.6362125E+03   0.5613138E+04   0.5281809E+03   0.4173719E+04   0.4779555E+03   0.2998667E+04   0.3117402E+03   0.2041924E+04   0.3580153E+03   0.6930945E+04   0.2834756E+03
   0.2850000E+00   0.6312778E+04   0.5770934E+03   0.5092645E+04   0.5104365E+03   0.3750527E+04   0.4427836E+03   0.2482201E+04   0.3718050E+03   0.1578361E+04   0.4009081E+03   0.6377305E+04   0.2028326E+03
   0.2950000E+00   0.5815647E+04   0.4203408E+03   0.4642942E+04   0.4530943E+03   0.3166786E+04   0.3560095E+03   0.2119581E+04   0.3628344E+03   0.1345620E+04   0.3309453E+03   0.5917977E+04   0.2137849E+03
   0.3050000E+00   0.5509649E+04   0.4413282E+03   0.4285122E+04   0.5603004E+03   0.2865890E+04   0.3607156E+03   0.1830643E+04   0.2740442E+03   0.1093031E+04   0.2876415E+03   0.5561764E+04   0.2536653E+03
   0.3150000E+00   0.5113976E+04   0.4632012E+03   0.4025370E+04   0.4539330E+03   0.2629205E+04   0.3868866E+03   0.1583583E+04   0.2942689E+03   0.9684083E+03   0.3102612E+03   0.5316814E+04   0.2496174E+03
   0.3250000E+00   0.4693129E+04   0.3172103E+03   0.3633675E+04   0.4152278E+03   0.2289297E+04   0.3400690E+03   0.1330247E+04   0.3036277E+03   0.8152303E+03   0.3296019E+03   0.4890881E+04   0.1171997E+03
   0.3350000E+00   0.4432032E+04   0.4701948E+03   0.3262394E+04   0.4110188E+03   0.2016367E+04   0.3320226E+03   0.1087126E+04   0.3355670E+03   0.6122938E+03   0.3280940E+03   0.4583496E+04   0.2192518E+03
   0.3450000E+00   0.4250503E+04   0.4428534E+03   0.3101544E+04   0.3781827E+03   0.1756260E+04   0.3809379E+03   0.9940545E+03   0.3578821E+03   0.5914602E+03   0.2900467E+03   0.4401160E+04   0.2357897E+03
   0.3550000E+00   0.3772591E+04   0.3838222E+03   0.2709169E+04   0.3367085E+03   0.1507459E+04   0.2690391E+03   0.8442256E+03   0.2384133E+03   0.3748859E+03   0.2600829E+03   0.3851663E+04   0.2301259E+03
   0.3650000E+00   0.3537435E+04   0.4240494E+03   0.2628980E+04   0.3378013E+03   0.1426343E+04   0.3167614E+03   0.7461124E+03   0.2625000E+03   0.3738110E+03   0.2428057E+03   0.3785735E+04   0.1591658E+03
   0.3750000E+00   0.3490118E+04   0.4313748E+03   0.2383283E+04   0.3356944E+03   0.1308654E+04   0.2314788E+03   0.5942701E+03   0.2631910E+03   0.3274805E+03   0.2992108E+03   0.3553716E+04   0.2194875E+03
   0.3850000E+00   0.3234536E+04   0.3653656E+03   0.2209666E+04   0.2979900E+03   0.1110002E+04   0.2704341E+03   0.5144148E+03   0.2538633E+03   0.2367445E+03   0.2257285E+03   0.3425711E+04   0.1702396E+03
   0.3950000E+00   0.2964498E+04   0.2856992E+03   0.2037668E+04   0.3624610E+03   0.1043423E+04   0.2428858E+03   0.4815528E+03   0.2352222E+03   0.2317848E+03   0.2108122E+03   0.3187972E+04   0.1345293E+03
   0.4050000E+00   0.2696412E+04   0.4330195E+03   0.1875763E+04   0.2909189E+03   0.8900681E+03   0.2308480E+03   0.3860154E+03   0.2664428E+03   0.1183238E+03   0.1900387E+03   0.2884471E+04   0.1751763E+03
   0.4150000E+00   0.2690308E+04   0.3297254E+03   0.1714474E+04   0.3268165E+03   0.7892560E+03   0.2501938E+03   0.3547804E+03   0.1814269E+03   0.1511556E+03   0.2197121E+03   0.2881360E+04   0.1590289E+03
   0.4250000E+00   0.2513059E+04   0.3541193E+03   0.1530991E+04   0.2811777E+03   0.6843307E+03   0.1925976E+03   0.2713446E+03   0.2118828E+03   0.1589201E+03   0.1745123E+03   0.2713140E+04   0.1492777E+03
   0.4350000E+00   0.2347263E+04   0.3949830E+03   0.1344448E+04   0.2489735E+03   0.6387514E+03   0.2285056E+03   0.2450050E+03   0.2057119E+03   0.1190196E+03   0.2251933E+03   0.2502859E+04   0.1159524E+03
   0.4450000E+00   0.2156092E+04   0.2315925E+03   0.1298507E+04   0.3136528E+03   0.5215387E+03   0.1740832E+03   0.2267677E+03   0.1988172E+03   0.1045829E+03   0.2108460E+03   0.2314248E+04   0.1225217E+03
   0.4550000E+00   0.2121671E+04   0.3241417E+03   0.1118269E+04   0.2127475E+03   0.4143934E+03   0.1892338E+03   0.1532910E+03   0.2100613E+03   0.2745488E+02   0.2175873E+03   0.2241680E+04   0.1489869E+03
   0.4650000E+00   0.1900408E+04   0.2998409E+03   0.1121727E+04   0.3061574E+03   0.4269533E+03   0.2252182E+03   0.1322366E+03   0.1912147E+03   0.8347904E+01   0.1710611E+03   0.2057304E+04   0.1488431E+03
   0.4750000E+00   0.1776741E+04   0.3314216E+03   0.9661394E+03   0.2816247E+03   0.3688982E+03   0.2487233E+03   0.1410863E+03   0.2110694E+03   0.5290160E+02   0.2087128E+03   0.1954135E+04   0.1934452E+03
   0.4850000E+00   0.1665745E+04   0.3243661E+03   0.9303237E+03   0.2181292E+03   0.3559251E+03   0.1848943E+03   0.1077615E+03   0.1537505E+03   0.2322698E+01   0.1483907E+03   0.1800916E+04   0.1075164E+03
   0.4950000E+00   0.1471023E+04   0.2803318E+03   0.7800601E+03   0.2218527E+03   0.2813417E+03   0.2051759E+03   0.8808840E+02   0.1971449E+03   0.4794311E+01   0.1647081E+03   0.1649489E+04   0.1577387E+03
   0.5050000E+00   0.1556029E+04   0.2625122E+03   0.7608899E+03   0.2775240E+03   0.2885644E+03   0.1747320E+03   0.1117855E+03   0.1830830E+03   0.1809427E+02   0.1573260E+03   0.1674148E+04   0.8298009E+02
   0.5150000E+00   0.1370092E+04   0.2404256E+03   0.6908891E+03   0.2179626E+03   0.1870521E+03   0.1935515E+03   0.4786002E+02   0.1805651E+03   0.8398718E+02   0.1620914E+03   0.1517746E+04   0.1208490E+03
   0.5250000E+00   0.1328556E+04   0.2791531E+03   0.5882059E+03   0.2890236E+03   0.2361657E+03   0.1448846E+03   0.8927623E+02   0.1788373E+03   0.7913128E+01   0.1205932E+03   0.1389861E+04   0.1259758E+03
   0.5350000E+00   0.1161919E+04   0.2548272E+03   0.5631172E+03   0.2034001E+03   0.2124795E+03   0.2124323E+03   0.5324048E+02   0.1457745E+03   0.1215255E+02   0.1692116E+03   0.1354735E+04   0.1497308E+03
   0.5450000E+00   0.1204732E+04   0.2785739E+03   0.4741254E+03   0.1629493E+03   0.2317749E+03   0.1621995E+03   0.7618442E+02   0.1704252E+03   0.7987017E+01   0.1598483E+03   0.1269498E+04   0.1460407E+03
   0.5550000E+00   0.1088901E+04   0.2423711E+03   0.4792690E+03   0.2163393E+03   0.1626433E+03   0.1938997E+03   0.1204804E+02   0.1597811E+03   0.4072430E+02   0.1546852E+03   0.1210278E+04   0.5874256E+02
   0.5650000E+00   0.1025778E+04   0.2547712E+03   0.4994856E+03   0.1758458E+03   0.8536995E+02   0.1669386E+03   0.4825489E+02   0.1655267E+03   0.9920599E+01   0.1861817E+03   0.1106755E+04   0.1163759E+03
   0.5750000E+00   0.8678456E+03   0.2307591E+03   0.4247327E+03   0.1810798E+03   0.1076416E+03   0.1407383E+03   0.1866984E+02   0.1476334E+03  -0.4230739E+01   0.1673093E+03   0.1060360E+04   0.1104782E+03
   0.5850000E+00   0.7858478E+03   0.2851866E+03   0.3554873E+03   0.2252615E+03   0.1004849E+03   0.1564833E+03   0.1827545E+02   0.1612577E+03   0.2190488E+02   0.1562558E+03   0.8885800E+03   0.9854216E+02
   0.5950000E+00   0.7515250E+03   0.1965276E+03   0.2993142E+03   0.1802570E+03   0.4523454E+02   0.1493363E+03   0.2448683E+02   0.1809676E+03  -0.1107477E+02   0.1389676E+03   0.8466442E+03   0.5495033E+02
   0.6050000E+00   0.6965800E+03   0.2183312E+03   0.2698831E+03   0.1638518E+03   0.6218162E+02   0.1597392E+03  -0.9055031E+01   0.1508321E+03   0.1561446E+01   0.1482086E+03   0.8093830E+03   0.8683643E+02
   0.6150000E+00   0.7827521E+03   0.2205252E+03   0.2260651E+03   0.1746774E+03   0.9007741E+02   0.1504687E+03  -0.6877197E+00   0.1444554E+03  -0.1552907E+02   0.1215084E+03   0.7904003E+03   0.9461121E+02
   0.6250000E+00   0.6468158E+03   0.2288426E+03   0.2938276E+03   0.2236636E+03   0.2906016E+02   0.1490187E+03  -0.1012327E+02   0.1334630E+03   0.2368789E+02   0.1368617E+03   0.7162246E+03   0.1345848E+03
   0.6350000E+00   0.6237664E+03   0.2453714E+03   0.2441286E+03   0.2054754E+03   0.6553654E+02   0.1193938E+03  -0.2264897E+02   0.1314673E+03  -0.3726846E+02   0.1803988E+03   0.6630602E+03   0.1368891E+03
   0.6450000E+00   0.5709909E+03   0.2502636E+03   0.1950627E+03   0.1602496E+03   0.5603972E+02   0.1420151E+03   0.4855599E+00   0.1191351E+03   0.1213758E+02   0.1270179E+03   0.6101019E+03   0.1059830E+03
   0.6550000E+00   0.4501090E+03   0.2118805E+03   0.1713146E+03   0.1538229E+03   0.1671352E+02   0.1707785E+03  -0.2828090E+01   0.1531944E+03  -0.2000380E+02   0.1407281E+03   0.5528096E+03   0.1209486E+03
   0.6650000E+00   0.3620929E+03   0.2430012E+03   0.1617014E+03   0.1728667E+03   0.1578750E+02   0.1416350E+03  -0.1734382E+01   0.1468225E+03  -0.3712222E+02   0.1204222E+03   0.4585176E+03   0.1010198E+03
   0.6750000E+00   0.3761002E+03   0.2391489E+03   0.1229727E+03   0.1321794E+03  -0.3718447E+00   0.1296081E+03   0.1547476E+02   0.1102803E+03  -0.2505556E+02   0.1305499E+03   0.4370851E+03   0.1221293E+03
   0.6850000E+00   0.3834227E+03   0.2133062E+03   0.9414660E+02   0.1681536E+03   0.3453499E+02   0.1314711E+03  -0.9452864E+01   0.1183813E+03  -0.2300785E+02   0.1225245E+03   0.4753236E+03   0.9444548E+02
   0.6950000E+00   0.3698558E+03   0.1753401E+03   0.1077105E+03   0.1554549E+03  -0.7090084E+01   0.1600578E+03   0.8607606E+01   0.1057982E+03   0.1378248E+02   0.1423454E+03   0.4025939E+03   0.9587043E+02
   0.7050000E+00   0.2905936E+03   0.1785239E+03   0.6349378E+02   0.1575974E+03   0.3238561E+02   0.1040919E+03  -0.7413279E+01   0.1213538E+03  -0.3512836E+02   0.1473968E+03   0.3654037E+03   0.1119514E+03
   0.7150000E+00   0.2879355E+03   0.1888782E+03   0.2499181E+02   0.1542700E+03   0.1972915E+02   0.1209941E+03   0.2139347E+02   0.1055463E+03  -0.3402394E+02   0.1079266E+03   0.3106569E+03   0.7612471E+02
   0.7250000E+00   0.2480507E+03   0.1326354E+03   0.6519985E+02   0.1477280E+03   0.1065035E+02   0.1253347E+03   0.1895307E+02   0.1547806E+03  -0.7019602E+01   0.1282804E+03   0.2854038E+03   0.8145991E+02
   0.7350000E+00   0.1758403E+03   0.1897795E+03   0.5051349E+02   0.1293049E+03   0.2589240E+02   0.1194134E+03   0.1639517E+02   0.1295468E+03  -0.8765215E+01   0.1180393E+03   0.2179831E+03   0.9835763E+02
   0.7450000E+00   0.1803640E+03   0.1827621E+03   0.5064246E+02   0.1402129E+03   0.1309182E+02   0.1136825E+03   0.5641660E+01   0.1209904E+03  -0.5335017E+01   0.1464463E+03   0.2276453E+03   0.1027226E+03
   0.7550000E+00   0.1765331E+03   0.1556536E+03   0.5734110E+02   0.1298306E+03   0.9639391E+01   0.1230836E+03  -0.3782648E+02   0.1123338E+03  -0.9065528E+01   0.1300526E+03   0.2296385E+03   0.1282619E+03
   0.7650000E+00   0.1453851E+03   0.1678705E+03   0.2475571E+02   0.1246518E+03   0.2231365E+02   0.1097675E+03   0.1863259E+02   0.1204696E+03   0.1846810E+02   0.1193898E+03   0.1778535E+03   0.7824154E+02
   0.7750000E+00   0.1069701E+03   0.1539234E+03   0.4253675E+02   0.1473725E+03  -0.1292198E+02   0.1032710E+03   0.6647445E+01   0.1208038E+03   0.9631460E+00   0.1348377E+03   0.1605663E+03   0.7409208E+02
   0.7850000E+00   0.8824903E+02   0.1835250E+03   0.3349274E+02   0.1417745E+03  -0.2246739E+02   0.1058991E+03  -0.3107424E+01   0.1185291E+03  -0.1568085E+02   0.1233255E+03   0.1208089E+03   0.8340459E+02
   0.7950000E+00   0.9532073E+02   0.1456563E+03  -0.1403506E+02   0.1186819E+03  -0.2303909E+02   0.1029696E+03  -0.8362085E+01   0.9750522E+02   0.2155818E+02   0.1032548E+03   0.9486407E+02   0.6876027E+02
   0.8050000E+00   0.9384210E+02   0.1370613E+03  -0.1634350E+02   0.1428079E+03  -0.7073768E+01   0.9997498E+02   0.2559300E+02   0.1170723E+03  -0.3361878E+01   0.1322758E+03   0.8834274E+02   0.6167750E+02
   0.8150000E+00   0.8528519E+02   0.1376930E+03   0.1013412E+01   0.1237036E+03  -0.1706872E+02   0.1111701E+03   0.2189282E+02   0.1209765E+03  -0.2494448E+02   0.9888966E+02   0.9010845E+02   0.7460411E+02
   0.8250000E+00   0.7893514E+02   0.1585670E+03  -0.5977871E+01   0.1165405E+03   0.3187848E+02   0.1198577E+03   0.3668651E+02   0.1187712E+03   0.4253651E+00   0.1329202E+03   0.5238718E+02   0.4971964E+02
   0.8350000E+00   0.4034732E+02   0.2021282E+03   0.2793326E+01   0.1257711E+03   0.3723376E+02   0.1151871E+03  -0.6064758E+01   0.1048387E+03  -0.4939874E+01   0.1136270E+03   0.4247322E+02   0.1019581E+03
   0.8450000E+00   0.7245317E+02   0.1777088E+03   0.1706768E+02   0.1193684E+03  -0.4950244E+01   0.9652107E+02  -0.2863642E+01   0.1263735E+03   0.4506970E+01   0.1148735E+03   0.8598115E+02   0.8118500E+02
   0.8550000E+00   0.5254055E+02   0.1536974E+03  -0.2631475E+02   0.1011776E+03   0.8269265E+01   0.7637561E+02   0.8569237E+01   0.8884391E+02   0.1063425E+02   0.1037881E+03  -0.1340564E+02   0.8693487E+02
   0.8650000E+00   0.3756339E+02   0.1670500E+03  -0.2797897E+02   0.1066259E+03   0.9962666E+00   0.1052657E+03  -0.4596740E+01   0.1152104E+03   0.2676875E+02   0.1040669E+03  -0.1077882E+02   0.8071852E+02
   0.8750000E+00  -0.2247562E+02   0.1708455E+03  -0.1729177E+02   0.9451526E+02  -0.1774865E+02   0.9622064E+02   0.3941543E+01   0.9816666E+02  -0.1038030E+01   0.1201266E+03  -0.4827029E+02   0.7456931E+02
   0.8850000E+00  -0.3154187E+02   0.1402871E+03  -0.1975877E+02   0.8487947E+02  -0.6996241E+00   0.9847325E+02   0.2918946E+01   0.1031838E+03   0.3029447E+02   0.1056492E+03  -0.9131581E+01   0.9900235E+02
   0.8950000E+00  -0.2135522E+01   0.1662154E+03  -0.5352836E+01   0.1124337E+03   0.1952856E+01   0.1113906E+03  -0.2331600E+02   0.1045968E+03  -0.2454904E+02   0.1008347E+03  -0.5175566E+02   0.6014697E+02
   0.9050000E+00  -0.3947517E+02   0.1597102E+03   0.1092064E+02   0.1087546E+03  -0.1973814E+02   0.9544251E+02   0.3886525E+01   0.9578228E+02   0.3450108E+02   0.1291781E+03  -0.6951024E+02   0.7399542E+02
   0.9150000E+00  -0.1069703E+02   0.1576430E+03  -0.3093745E+02   0.9386212E+02  -0.1480761E+02   0.1147026E+03   0.4159241E+01   0.1019013E+03   0.5329709E+01   0.1258549E+03  -0.4883341E+02   0.9906247E+02
   0.9250000E+00  -0.5398507E+02   0.1351235E+03  -0.7510684E+01   0.1096042E+03  -0.1060638E+02   0.9512415E+02  -0.1614862E+01   0.1047866E+03  -0.3836101E+02   0.1136662E+03  -0.7622435E+02   0.7460276E+02
   0.9350000E+00   0.4920878E+01   0.1441008E+03   0.4202845E+01   0.1047487E+03  -0.2152969E+02   0.9743927E+02   0.5137853E+01   0.1010427E+03  -0.1903568E+01   0.9329715E+02  -0.9244020E+02   0.4658996E+02
   0.9450000E+00  -0.8750020E+02   0.1556784E+03  -0.1783821E+02   0.1003022E+03  -0.3813421E+02   0.9755972E+02  -0.4990966E+02   0.1072103E+03   0.2887430E+02   0.1062859E+03  -0.9291323E+02   0.8361118E+02
   0.9550000E+00  -0.7086404E+02   0.1529141E+03  -0.2357654E+02   0.1068713E+03  -0.3324479E+02   0.8977507E+02   0.7626247E+01   0.9386432E+02  -0.1234441E+02   0.8797135E+02  -0.1307262E+03   0.6943465E+02
   0.9650000E+00  -0.9366269E+02   0.1015123E+03  -0.2630931E+02   0.1110853E+03  -0.3243822E+01   0.7463619E+02  -0.6550785E+01   0.8069487E+02   0.1791161E+02   0.8754029E+02  -0.1031750E+03   0.4502508E+02
   0.9750000E+00  -0.7809776E+02   0.1358665E+03  -0.1735636E+02   0.1087699E+03  -0.2552294E+02   0.1099511E+03  -0.1795044E+02   0.9335330E+02   0.2393339E+02   0.1078725E+03  -0.1492722E+03   0.5539548E+02
   0.9850000E+00  -0.1091713E+03   0.1439220E+03  -0.1149896E+02   0.8861308E+02   0.2649907E+01   0.7103522E+02   0.2695616E+02   0.9476646E+02  -0.1502196E+02   0.7843038E+02  -0.1446324E+03   0.5001328E+02
   0.9950000E+00  -0.7384652E+02   0.1342435E+03  -0.2425826E+02   0.1115893E+03   0.5329554E+02   0.9445896E+02   0.1347487E+02   0.9328538E+02   0.9939788E+01   0.8301661E+02  -0.1139953E+03   0.5376566E+02
